8.045400000000000773e+00
8.607950000000000657e+00
1.592019999999999946e+01
2.229874999999999829e+01
2.235839999999999961e+01
2.951245000000000118e+01
3.054534999999999911e+01
3.058095000000000141e+01
3.438119999999999976e+01
3.690955000000000297e+01
3.745680000000000121e+01
3.940294999999999703e+01
4.194315000000000282e+01
4.988870000000000005e+01
5.218739999999999668e+01
5.413875000000000171e+01
5.754970000000000141e+01
6.043059999999999832e+01
6.313450000000000273e+01
6.321005000000000251e+01
6.899875000000000114e+01
7.018444999999999823e+01
7.037229999999999563e+01
7.625655000000000427e+01
9.116949999999999932e+01
9.401754999999999995e+01
9.404640000000000555e+01
9.404640000000000555e+01
9.514275000000000659e+01
9.530355000000000132e+01
1.004489499999999964e+02
1.022482499999999987e+02
1.120056000000000012e+02
1.172999999999999972e+02
1.172999999999999972e+02
1.258221499999999935e+02
1.395240000000000009e+02
1.396802999999999884e+02
1.403608999999999867e+02
1.419673500000000104e+02
1.521148000000000025e+02
1.530472000000000037e+02
1.530797000000000025e+02
1.608264499999999941e+02
1.806379000000000019e+02
1.811787500000000080e+02
1.812133499999999913e+02
1.812133499999999913e+02
1.816742000000000132e+02
2.045510999999999910e+02
2.055674500000000080e+02
2.077657000000000096e+02
2.132012000000000000e+02
2.198430999999999926e+02
2.264904500000000098e+02
2.293643999999999892e+02
2.306822500000000105e+02
2.321257500000000107e+02
2.327291999999999916e+02
2.342282500000000027e+02
2.426219000000000108e+02
2.535862999999999943e+02
2.544298499999999876e+02
2.561927000000000021e+02
2.568811499999999910e+02
2.612986000000000217e+02
2.668435999999999808e+02
2.781809499999999957e+02
2.781926000000000272e+02
2.797915499999999724e+02
2.812785499999999956e+02
2.824603000000000179e+02
2.902200500000000147e+02
3.090638999999999896e+02
3.283453000000000088e+02
3.295403999999999769e+02
3.432216000000000236e+02
3.449096999999999866e+02
3.504645499999999743e+02
3.569395499999999970e+02
3.604139999999999873e+02
3.612010000000000218e+02
3.724252999999999929e+02
3.773039999999999736e+02
3.868619499999999789e+02
3.928267500000000041e+02
3.932033500000000004e+02
3.945009999999999764e+02
3.975581999999999994e+02
4.084874500000000239e+02
4.161750999999999863e+02
4.164442000000000235e+02
4.363082999999999743e+02
4.437338500000000181e+02
4.447183499999999867e+02
4.544778999999999769e+02
4.710149999999999864e+02
4.753933000000000106e+02
4.754610500000000002e+02
4.780361500000000206e+02
4.780660500000000184e+02
4.780880000000000223e+02
4.780967499999999859e+02
4.781709999999999923e+02
4.885423499999999990e+02
4.900163000000000011e+02
4.900324499999999830e+02
4.935232500000000186e+02
4.986599499999999807e+02
5.030221500000000106e+02
5.033065000000000282e+02
5.033065000000000282e+02
5.060688999999999851e+02
5.060688999999999851e+02
5.060859500000000253e+02
5.088235000000000241e+02
5.094250999999999863e+02
5.096611500000000206e+02
5.096657999999999902e+02
5.112248500000000035e+02
5.161871999999999616e+02
5.162049500000000535e+02
5.162160000000000082e+02
5.196047499999999673e+02
5.323200000000000500e+02
5.427704999999999700e+02
5.465939499999999498e+02
5.478921500000000151e+02
5.478976499999999987e+02
5.479017000000000053e+02
5.479017000000000053e+02
5.485368499999999585e+02
5.546250000000000000e+02
5.553738499999999476e+02
5.730658499999999549e+02
5.827232999999999947e+02
5.851169999999999618e+02
5.858139499999999771e+02
5.866137999999999693e+02
5.866166500000000497e+02
5.920754500000000462e+02
5.925922000000000480e+02
5.934355000000000473e+02
6.040188500000000431e+02
6.040609500000000480e+02
6.052302499999999554e+02
6.052354500000000144e+02
6.070542000000000371e+02
6.071436499999999796e+02
6.071784499999999980e+02
6.177613999999999805e+02
6.197896500000000515e+02
6.198469000000000051e+02
6.235977500000000191e+02
6.389494499999999562e+02
6.412709999999999582e+02
