8.657799999999999940e+00
9.998950000000000671e+00
1.213429999999999964e+01
1.283530000000000015e+01
1.354749999999999943e+01
1.494425000000000026e+01
1.498000000000000043e+01
1.588954999999999984e+01
1.591554999999999964e+01
2.054635000000000034e+01
2.150274999999999892e+01
2.227684999999999960e+01
2.612045000000000172e+01
2.807284999999999897e+01
2.808954999999999913e+01
2.830890000000000128e+01
2.943165000000000120e+01
2.949044999999999916e+01
2.951620000000000132e+01
3.062600000000000122e+01
3.064055000000000106e+01
3.064460000000000051e+01
3.064730000000000132e+01
3.160065000000000168e+01
3.162940000000000040e+01
3.163585000000000136e+01
3.163960000000000150e+01
3.164385000000000048e+01
3.179495000000000005e+01
3.214314999999999856e+01
3.263335000000000008e+01
3.272605000000000075e+01
3.438114999999999810e+01
3.440605000000000047e+01
3.486619999999999919e+01
3.551189999999999714e+01
3.679314999999999714e+01
3.745349999999999824e+01
3.747240000000000038e+01
3.747990000000000066e+01
3.753820000000000334e+01
3.766255000000000308e+01
3.775245000000000317e+01
3.811030000000000229e+01
3.831815000000000282e+01
4.022095000000000198e+01
4.024544999999999817e+01
4.026970000000000027e+01
4.209510000000000218e+01
4.438365000000000293e+01
4.440919999999999845e+01
4.441629999999999967e+01
4.631575000000000131e+01
4.632469999999999999e+01
4.637805000000000177e+01
4.638904999999999745e+01
4.645185000000000031e+01
4.805655000000000143e+01
4.902550000000000097e+01
4.903799999999999670e+01
4.905270000000000152e+01
4.989195000000000135e+01
5.038559999999999661e+01
5.039654999999999774e+01
5.044480000000000075e+01
5.218495000000000061e+01
5.223814999999999742e+01
5.224410000000000309e+01
5.286299999999999955e+01
5.412344999999999828e+01
5.413819999999999766e+01
5.416550000000000153e+01
5.669165000000000276e+01
5.682730000000000103e+01
5.683144999999999669e+01
5.684445000000000192e+01
5.690769999999999840e+01
5.758760000000000190e+01
5.759185000000000088e+01
5.799190000000000111e+01
5.800430000000000064e+01
5.805704999999999671e+01
5.879625000000000057e+01
5.891825000000000045e+01
5.933004999999999995e+01
5.961594999999999800e+01
5.979634999999999678e+01
6.039914999999999878e+01
6.164945000000000164e+01
6.165999999999999659e+01
6.167349999999999710e+01
6.395230000000000103e+01
6.395644999999999669e+01
6.666155000000000541e+01
6.672440000000000282e+01
6.676264999999999361e+01
6.678955000000000553e+01
6.769700000000000273e+01
6.774394999999999811e+01
6.895765000000000100e+01
6.900190000000000623e+01
6.939815000000000111e+01
7.019884999999999309e+01
7.020395000000000607e+01
7.529635000000000389e+01
7.533025000000000659e+01
7.533884999999999366e+01
7.544485000000000241e+01
7.548430000000000462e+01
7.548744999999999550e+01
7.728194999999999482e+01
7.732895000000000607e+01
7.742435000000000400e+01
7.824604999999999677e+01
7.942140000000000555e+01
7.945244999999999891e+01
8.138949999999999818e+01
8.140494999999999948e+01
8.345959999999999468e+01
8.369629999999999370e+01
8.418304999999999438e+01
8.655904999999999916e+01
8.658199999999999363e+01
8.671875000000000000e+01
8.674309999999999832e+01
8.767785000000000650e+01
9.031005000000000393e+01
9.032210000000000605e+01
9.035809999999999320e+01
9.056674999999999898e+01
9.062149999999999750e+01
9.071644999999999470e+01
9.074809999999999377e+01
9.078735000000000355e+01
9.080055000000000121e+01
9.081449999999999534e+01
9.082529999999999859e+01
9.401370000000000005e+01
9.516259999999999764e+01
9.517655000000000598e+01
9.532370000000000232e+01
9.534035000000000082e+01
9.654330000000000211e+01
9.860670000000000357e+01
1.004525500000000022e+02
1.022592999999999961e+02
1.094926999999999992e+02
1.095215500000000048e+02
1.096280500000000018e+02
1.098830999999999989e+02
1.112659500000000037e+02
1.127066999999999979e+02
1.135454000000000008e+02
1.135564999999999998e+02
1.154980000000000047e+02
1.155452999999999975e+02
1.155610000000000070e+02
1.164971500000000049e+02
1.166718999999999937e+02
1.172794999999999987e+02
1.173468500000000034e+02
1.191538500000000056e+02
1.197248500000000035e+02
1.197281499999999994e+02
1.198726499999999930e+02
1.199437000000000069e+02
1.209802999999999997e+02
1.217339499999999930e+02
1.229604499999999945e+02
1.232218000000000018e+02
1.241654999999999944e+02
1.257015999999999991e+02
1.284618000000000109e+02
1.297857500000000073e+02
1.298103499999999997e+02
1.305460999999999956e+02
1.322333999999999889e+02
1.344617499999999950e+02
1.353865000000000123e+02
1.354102499999999907e+02
1.354378499999999974e+02
1.377394500000000050e+02
1.377863499999999988e+02
1.378665499999999895e+02
1.378937500000000114e+02
1.379109500000000139e+02
1.379463499999999954e+02
1.379855499999999893e+02
1.380974999999999966e+02
1.395526000000000124e+02
1.395603999999999871e+02
1.396820500000000038e+02
1.397307000000000130e+02
1.403907000000000096e+02
1.434826999999999941e+02
1.434851999999999919e+02
1.434915000000000020e+02
1.435476999999999919e+02
1.437263000000000090e+02
1.445509999999999877e+02
1.445748499999999979e+02
1.446083000000000141e+02
1.459876999999999896e+02
1.474216499999999996e+02
1.481030000000000086e+02
1.481190499999999872e+02
1.483745499999999993e+02
1.493408499999999890e+02
1.493756999999999948e+02
1.493788499999999999e+02
1.494469499999999869e+02
1.499868999999999915e+02
1.499988999999999919e+02
1.509362500000000011e+02
1.509590499999999906e+02
1.510202999999999918e+02
1.510312500000000000e+02
1.510434500000000071e+02
1.510756499999999960e+02
1.510827500000000043e+02
1.511373499999999979e+02
1.511682000000000130e+02
1.519547000000000025e+02
1.519593999999999880e+02
1.519629500000000064e+02
1.519807000000000130e+02
1.520048999999999921e+02
1.520161500000000103e+02
1.520170500000000118e+02
1.520459500000000048e+02
1.520888999999999953e+02
1.521006999999999891e+02
1.528736000000000104e+02
1.530049999999999955e+02
1.530142999999999915e+02
1.530392999999999972e+02
1.530631500000000074e+02
1.530743999999999971e+02
1.557297000000000082e+02
1.557795999999999879e+02
1.561898999999999944e+02
1.599868500000000040e+02
1.600326499999999896e+02
1.600734500000000082e+02
1.607834000000000003e+02
1.625798499999999933e+02
1.629644999999999868e+02
1.693591000000000122e+02
1.701893499999999904e+02
1.702175000000000011e+02
1.702287499999999909e+02
1.724533999999999878e+02
1.733463999999999885e+02
1.733951000000000136e+02
1.740561999999999898e+02
1.745972999999999900e+02
1.746341999999999928e+02
1.774038500000000056e+02
1.780442999999999927e+02
1.780853999999999928e+02
1.781026999999999987e+02
1.781078500000000133e+02
1.781176000000000101e+02
1.781195500000000038e+02
1.782033500000000004e+02
1.782142000000000053e+02
1.782665499999999952e+02
1.783320500000000095e+02
1.786782499999999914e+02
1.787236499999999921e+02
1.792741499999999917e+02
1.792887499999999932e+02
1.794919999999999902e+02
1.794964500000000100e+02
1.795141500000000008e+02
1.795206499999999892e+02
1.795329999999999870e+02
1.795568499999999972e+02
1.795692500000000109e+02
1.795980999999999881e+02
1.802090000000000032e+02
1.805100500000000068e+02
1.805172000000000025e+02
1.805252499999999998e+02
1.805597999999999956e+02
1.806332999999999913e+02
1.807026500000000055e+02
1.807745500000000050e+02
1.811839999999999975e+02
1.816485000000000127e+02
1.816619499999999903e+02
1.835598500000000115e+02
1.836671499999999924e+02
1.838349000000000046e+02
1.841773499999999899e+02
1.863155500000000018e+02
1.865206000000000017e+02
1.865383999999999958e+02
1.883908000000000129e+02
1.908131500000000074e+02
1.914047999999999945e+02
1.931141499999999951e+02
1.931331500000000005e+02
1.945662499999999966e+02
1.945991999999999962e+02
1.947517499999999870e+02
1.961177999999999884e+02
1.968543999999999983e+02
1.968631000000000029e+02
1.969737499999999955e+02
1.969876999999999896e+02
1.970238999999999976e+02
1.970826500000000010e+02
1.971890500000000088e+02
1.973350499999999954e+02
1.974681500000000085e+02
1.984513499999999908e+02
1.992522999999999911e+02
1.993394999999999868e+02
1.995459999999999923e+02
2.005735500000000116e+02
2.006030000000000086e+02
2.006053499999999872e+02
2.014028500000000008e+02
2.015153999999999996e+02
2.016137999999999977e+02
2.027963000000000022e+02
2.028763500000000022e+02
2.030315999999999974e+02
2.030910000000000082e+02
2.031398000000000081e+02
2.032045999999999992e+02
2.037618999999999971e+02
2.038117000000000019e+02
2.045620999999999867e+02
2.045953000000000088e+02
2.046738499999999874e+02
2.047112500000000068e+02
2.055723500000000001e+02
2.056066999999999894e+02
2.056090499999999963e+02
2.078910999999999945e+02
2.086313000000000102e+02
2.107993999999999915e+02
2.128573499999999967e+02
2.128835500000000138e+02
2.131563999999999908e+02
2.132056000000000040e+02
2.144000000000000057e+02
2.144646999999999935e+02
2.145050999999999988e+02
2.160528500000000065e+02
2.160674500000000080e+02
2.161194500000000005e+02
2.161959999999999980e+02
2.162159499999999923e+02
2.172252499999999884e+02
2.180726500000000101e+02
2.189160500000000127e+02
2.192658000000000129e+02
2.192674000000000092e+02
2.192717499999999973e+02
2.198451499999999896e+02
2.198610999999999933e+02
2.198677999999999884e+02
2.199192500000000052e+02
2.199202500000000100e+02
2.199257499999999936e+02
2.199636500000000012e+02
2.200776999999999930e+02
2.201077999999999975e+02
2.201265999999999963e+02
2.201697499999999934e+02
2.211187500000000057e+02
2.211885000000000048e+02
2.212593500000000120e+02
2.215011499999999955e+02
2.229411000000000058e+02
2.229589499999999873e+02
2.229658000000000015e+02
2.231331999999999880e+02
2.231956999999999880e+02
2.250623500000000092e+02
2.250681500000000028e+02
2.250909499999999923e+02
2.261997000000000071e+02
2.267744000000000142e+02
2.277289499999999975e+02
2.277586499999999887e+02
2.279753499999999917e+02
2.284773000000000138e+02
2.285166000000000111e+02
2.285555500000000109e+02
2.292923999999999864e+02
2.293760499999999922e+02
2.294075499999999863e+02
2.294533000000000129e+02
2.301690499999999986e+02
2.301765000000000043e+02
2.306479999999999961e+02
2.306534000000000049e+02
2.306730000000000018e+02
2.307841500000000110e+02
2.308767499999999870e+02
2.309047500000000070e+02
2.320380999999999858e+02
2.320752500000000111e+02
2.321069500000000119e+02
2.321961000000000013e+02
2.322142000000000053e+02
2.322829999999999870e+02
2.323824500000000057e+02
2.326595000000000084e+02
2.327064000000000021e+02
2.341059500000000071e+02
2.343970999999999947e+02
2.344741500000000087e+02
2.350638999999999896e+02
2.350748000000000104e+02
2.360720499999999902e+02
2.374882000000000062e+02
2.375686000000000035e+02
2.375717500000000086e+02
2.376038499999999942e+02
2.377280000000000086e+02
2.385465000000000089e+02
2.398429999999999893e+02
2.407680000000000007e+02
2.418990000000000009e+02
2.419169500000000141e+02
2.419355500000000063e+02
2.419596999999999980e+02
2.419953500000000020e+02
2.426435999999999922e+02
2.427154500000000041e+02
2.433399000000000001e+02
2.434669499999999971e+02
2.445935499999999934e+02
2.445944000000000074e+02
2.456554500000000019e+02
2.484146499999999946e+02
2.484601999999999862e+02
2.490701999999999998e+02
2.524699999999999989e+02
2.528608000000000118e+02
2.528954500000000110e+02
2.530951499999999896e+02
2.534356999999999971e+02
2.536767999999999859e+02
2.537120999999999924e+02
2.552955000000000041e+02
2.561467499999999973e+02
2.561471999999999980e+02
2.561763000000000261e+02
2.561870000000000118e+02
2.561878500000000258e+02
2.562594500000000153e+02
2.568790000000000191e+02
2.568970499999999788e+02
2.570900500000000193e+02
2.571697500000000218e+02
2.578657499999999914e+02
2.581625999999999976e+02
2.587712500000000091e+02
2.588100000000000023e+02
2.588476499999999874e+02
2.589381000000000199e+02
2.589438000000000102e+02
2.596975499999999784e+02
2.597629499999999894e+02
2.598111999999999853e+02
2.599754500000000235e+02
2.611660999999999717e+02
2.611794499999999744e+02
2.611852000000000089e+02
2.611906999999999925e+02
2.611961499999999887e+02
2.612887000000000057e+02
2.613113500000000045e+02
2.614682500000000118e+02
2.616219500000000266e+02
2.619023500000000126e+02
2.621972999999999843e+02
2.622027499999999804e+02
2.645289999999999964e+02
2.646494000000000142e+02
2.649821999999999775e+02
2.653299000000000092e+02
2.661673000000000116e+02
2.681845000000000141e+02
2.682518499999999904e+02
2.688591999999999871e+02
2.688830500000000256e+02
2.699368499999999926e+02
2.747193500000000199e+02
2.762860000000000014e+02
2.763655999999999722e+02
2.764947500000000105e+02
2.765527999999999906e+02
2.766943499999999858e+02
2.781472499999999854e+02
2.781570500000000266e+02
2.794898499999999899e+02
2.796340000000000146e+02
2.797601999999999975e+02
2.799424999999999955e+02
2.803842999999999961e+02
2.804297500000000127e+02
2.808171500000000265e+02
2.810242499999999950e+02
2.810502500000000055e+02
2.810563999999999965e+02
2.810602999999999838e+02
2.811516500000000178e+02
2.811590499999999793e+02
2.812601000000000226e+02
2.824279000000000224e+02
2.824284499999999980e+02
2.824481499999999983e+02
2.824870500000000106e+02
2.825061000000000035e+02
2.825237000000000194e+02
2.825321500000000015e+02
2.825625999999999749e+02
2.826314499999999725e+02
2.828385499999999979e+02
2.834549000000000092e+02
2.835690500000000043e+02
2.835943500000000199e+02
2.836637999999999806e+02
2.840794000000000210e+02
2.841264499999999771e+02
2.844178999999999746e+02
2.844361000000000104e+02
2.858881499999999960e+02
2.860029999999999859e+02
2.860065500000000043e+02
2.860343500000000176e+02
2.860607499999999845e+02
2.864545499999999834e+02
2.865458499999999731e+02
2.871542000000000030e+02
2.872024999999999864e+02
2.872251499999999851e+02
2.872554999999999836e+02
2.872690499999999929e+02
2.873258500000000026e+02
2.879739500000000021e+02
2.886688500000000204e+02
2.890458499999999731e+02
2.890471000000000004e+02
2.890627499999999941e+02
2.891149500000000216e+02
2.891390000000000100e+02
2.892848000000000184e+02
2.899972000000000207e+02
2.901452499999999759e+02
2.902232500000000073e+02
2.920874499999999898e+02
2.921238999999999919e+02
2.921396500000000174e+02
2.923010499999999752e+02
2.923953000000000202e+02
2.924707500000000095e+02
2.929185499999999820e+02
2.952325999999999908e+02
2.953492499999999836e+02
2.954304500000000075e+02
2.962937000000000012e+02
2.963145999999999844e+02
2.965977500000000191e+02
2.966033499999999776e+02
2.966162499999999795e+02
2.967171000000000163e+02
2.967330000000000041e+02
2.978878500000000145e+02
2.986838000000000193e+02
2.992497000000000185e+02
2.994418999999999755e+02
2.999308500000000208e+02
2.999581000000000017e+02
3.001089499999999930e+02
3.001309999999999718e+02
3.001395999999999731e+02
3.001657000000000153e+02
3.001834499999999935e+02
3.002540000000000191e+02
3.012380499999999870e+02
3.025622500000000059e+02
3.025642000000000280e+02
3.025772999999999797e+02
3.025994499999999903e+02
3.026071499999999901e+02
3.026097500000000196e+02
3.033821500000000242e+02
3.034057500000000118e+02
3.034146499999999946e+02
3.034968499999999949e+02
3.035209500000000276e+02
3.035638999999999896e+02
3.035679999999999836e+02
3.036223499999999831e+02
3.036964500000000271e+02
3.037185999999999808e+02
3.037256499999999733e+02
3.037869999999999777e+02
3.049372000000000185e+02
3.050079999999999814e+02
3.051186500000000024e+02
3.051728499999999826e+02
3.051875000000000000e+02
3.053540499999999724e+02
3.053583499999999731e+02
3.053797500000000014e+02
3.053925500000000284e+02
3.054780999999999835e+02
3.055622999999999934e+02
3.056419000000000210e+02
3.058222999999999843e+02
3.058820999999999799e+02
3.078534999999999968e+02
3.089300999999999817e+02
3.094279999999999973e+02
3.094380499999999756e+02
3.095066499999999792e+02
3.095088999999999828e+02
3.095120499999999879e+02
3.095770499999999856e+02
3.098947999999999752e+02
3.099118000000000279e+02
3.099286500000000046e+02
3.099960500000000252e+02
3.115996999999999844e+02
3.118288999999999760e+02
3.118620999999999981e+02
3.121089999999999804e+02
3.124986000000000104e+02
3.125228000000000179e+02
3.130563500000000090e+02
3.138926999999999907e+02
3.158901500000000055e+02
3.160325500000000147e+02
3.162375999999999863e+02
3.175916500000000156e+02
3.177226499999999874e+02
3.177439499999999839e+02
3.179844499999999812e+02
3.182272500000000264e+02
3.194033499999999890e+02
3.194680000000000177e+02
3.195333999999999719e+02
3.214307000000000016e+02
3.226256000000000199e+02
3.226360500000000116e+02
3.227006999999999834e+02
3.227066500000000246e+02
3.227160499999999956e+02
3.227256499999999733e+02
3.227451500000000237e+02
3.230260000000000105e+02
3.230381499999999733e+02
3.239204500000000166e+02
3.240893500000000245e+02
3.242910999999999717e+02
3.243004999999999995e+02
3.252271499999999946e+02
3.252608000000000175e+02
3.254079500000000280e+02
3.257352500000000077e+02
3.257381500000000187e+02
3.257436500000000024e+02
3.257675500000000284e+02
3.257981500000000210e+02
3.258865000000000123e+02
3.259164999999999850e+02
3.259245999999999981e+02
3.268998000000000275e+02
3.270144500000000107e+02
3.270847999999999729e+02
3.270888499999999794e+02
3.271001499999999851e+02
3.271780499999999847e+02
3.271829000000000178e+02
3.273584999999999923e+02
3.273745499999999993e+02
3.283254499999999894e+02
3.283263000000000034e+02
3.283371999999999957e+02
3.285835500000000025e+02
3.286119499999999789e+02
3.293903999999999996e+02
3.295018499999999904e+02
3.295437000000000012e+02
3.295708000000000197e+02
3.295828999999999951e+02
3.296315000000000168e+02
3.296480500000000120e+02
3.296995499999999879e+02
3.297048500000000217e+02
3.297221999999999866e+02
3.297316000000000145e+02
3.297629999999999768e+02
3.297805500000000052e+02
3.297873500000000035e+02
3.299157000000000153e+02
3.310455499999999915e+02
3.310649999999999977e+02
3.313592499999999745e+02
3.327130999999999972e+02
3.337559499999999844e+02
3.338747500000000059e+02
3.342099499999999921e+02
3.342155000000000200e+02
3.342296000000000049e+02
3.342690999999999804e+02
3.344719000000000051e+02
3.352679999999999723e+02
3.365891500000000178e+02
3.366086000000000240e+02
3.366859499999999912e+02
3.367511000000000081e+02
3.368145499999999970e+02
3.369706499999999778e+02
3.380841500000000224e+02
3.382804499999999734e+02
3.383771499999999719e+02
3.384538999999999760e+02
3.385343500000000176e+02
3.397081499999999892e+02
3.397434499999999957e+02
3.407171500000000037e+02
3.410453499999999849e+02
3.410885499999999979e+02
3.419581000000000017e+02
3.421252000000000066e+02
3.428679500000000075e+02
3.429581499999999892e+02
3.432284999999999968e+02
3.436829500000000053e+02
3.436994000000000256e+02
3.439035499999999956e+02
3.439099499999999807e+02
3.439961500000000001e+02
3.440213499999999840e+02
3.440288499999999772e+02
3.441549499999999853e+02
3.441601999999999748e+02
3.449073500000000081e+02
3.449888000000000261e+02
3.449938500000000090e+02
3.449946499999999787e+02
3.449972999999999956e+02
3.450722999999999843e+02
3.450733500000000049e+02
3.450769000000000233e+02
3.451211999999999875e+02
3.451432500000000232e+02
3.453376499999999965e+02
3.453759999999999764e+02
3.458804000000000087e+02
3.460406500000000278e+02
3.460532499999999914e+02
3.460577499999999986e+02
3.461764499999999884e+02
3.471098000000000070e+02
3.471108500000000276e+02
3.471151500000000283e+02
3.471874500000000126e+02
3.471908999999999992e+02
3.471969000000000278e+02
3.472580500000000256e+02
3.472608000000000175e+02
3.473319500000000062e+02
3.474093500000000176e+02
3.478743999999999801e+02
3.478967499999999973e+02
3.480011499999999955e+02
3.487989999999999782e+02
3.488380500000000097e+02
3.489402999999999793e+02
3.490184499999999730e+02
3.490369499999999903e+02
3.490519499999999766e+02
3.497135499999999979e+02
3.499315500000000156e+02
3.503378999999999905e+02
3.503543500000000108e+02
3.504133499999999799e+02
3.504913999999999987e+02
3.527837000000000103e+02
3.527923000000000116e+02
3.528843499999999835e+02
3.529443999999999733e+02
3.529882499999999936e+02
3.529901500000000283e+02
3.530009000000000015e+02
3.530495999999999981e+02
3.530534000000000106e+02
3.547734500000000253e+02
3.548401999999999816e+02
3.549218500000000063e+02
3.550235000000000127e+02
3.550378499999999917e+02
3.551043500000000108e+02
3.551086999999999989e+02
3.551114999999999782e+02
3.551254999999999882e+02
3.552696000000000254e+02
3.553618000000000166e+02
3.562777500000000259e+02
3.568050499999999943e+02
3.568087499999999750e+02
3.569358500000000163e+02
3.569435500000000161e+02
3.569879500000000121e+02
3.570611000000000104e+02
3.571225499999999897e+02
3.571530999999999949e+02
3.571748999999999796e+02
3.571831000000000245e+02
3.571847000000000207e+02
3.571891499999999837e+02
3.572078000000000202e+02
3.573457500000000095e+02
3.573485499999999888e+02
3.574312499999999773e+02
3.575104000000000042e+02
3.575230500000000120e+02
3.576188000000000216e+02
3.576856000000000222e+02
3.577749999999999773e+02
3.578690000000000282e+02
3.579274500000000216e+02
3.590995500000000220e+02
3.594257999999999811e+02
3.599389499999999771e+02
3.602876499999999851e+02
3.604164000000000101e+02
3.624827999999999975e+02
3.625636000000000081e+02
3.626388999999999783e+02
3.626397499999999923e+02
3.626474499999999921e+02
3.628756999999999948e+02
3.650943500000000199e+02
3.656779999999999973e+02
3.658811499999999910e+02
3.658926500000000033e+02
3.659051000000000045e+02
3.660964000000000169e+02
3.661225000000000023e+02
3.674107000000000198e+02
3.674214499999999930e+02
3.676204999999999927e+02
3.676562999999999874e+02
3.683195999999999799e+02
3.683688999999999965e+02
3.687397000000000276e+02
3.704685000000000059e+02
3.708607499999999959e+02
3.709631499999999846e+02
3.709660499999999956e+02
3.710517500000000268e+02
3.710634499999999889e+02
3.710946500000000015e+02
3.712303999999999746e+02
3.715671500000000265e+02
3.718923500000000217e+02
3.723004000000000246e+02
3.723186000000000035e+02
3.723774500000000103e+02
3.725631500000000074e+02
3.735496999999999730e+02
3.744121499999999969e+02
3.762534999999999741e+02
3.773097000000000207e+02
3.773112499999999727e+02
3.773509000000000242e+02
3.773802999999999770e+02
3.774288500000000113e+02
3.774662500000000023e+02
3.779508000000000152e+02
3.779907499999999914e+02
3.780361500000000206e+02
3.782481999999999971e+02
3.784069499999999948e+02
3.786258000000000266e+02
3.791967999999999961e+02
3.799587000000000216e+02
3.800095499999999902e+02
3.800660500000000184e+02
3.808677000000000135e+02
3.811401000000000181e+02
3.811810500000000275e+02
3.813571000000000026e+02
3.824254500000000121e+02
3.825566499999999905e+02
3.825824999999999818e+02
3.825946999999999889e+02
3.826211500000000001e+02
3.826503999999999905e+02
3.837410499999999729e+02
3.839818000000000211e+02
3.853567499999999768e+02
3.868457999999999970e+02
3.868641000000000076e+02
3.868910500000000070e+02
3.874942500000000223e+02
3.879961500000000001e+02
3.881353500000000167e+02
3.882291000000000167e+02
3.918322999999999752e+02
3.919784500000000094e+02
3.919824499999999716e+02
3.928085500000000252e+02
3.932373499999999922e+02
3.932767499999999927e+02
3.933688500000000090e+02
3.934748500000000035e+02
3.935205500000000143e+02
3.943901999999999930e+02
3.944279999999999973e+02
3.944433000000000220e+02
3.945234500000000253e+02
3.945439000000000078e+02
3.945731000000000108e+02
3.952373999999999796e+02
3.953014999999999759e+02
3.953321000000000254e+02
3.975092999999999961e+02
3.975300500000000170e+02
3.975346999999999866e+02
3.975622999999999934e+02
3.975672000000000139e+02
3.975758999999999901e+02
3.975945500000000266e+02
3.979573500000000195e+02
3.994531499999999937e+02
4.042805500000000052e+02
4.121492499999999950e+02
4.131877000000000066e+02
4.132274499999999762e+02
4.133038999999999987e+02
4.133349499999999921e+02
4.133709000000000060e+02
4.133910500000000070e+02
4.141732000000000085e+02
4.141784499999999980e+02
4.141875499999999874e+02
4.141884999999999764e+02
4.146936000000000035e+02
4.147876499999999851e+02
4.148114499999999794e+02
4.148468500000000176e+02
4.154807999999999879e+02
4.164721999999999866e+02
4.181786500000000046e+02
4.231133500000000254e+02
4.231466500000000224e+02
4.258713999999999942e+02
4.264918499999999995e+02
4.270519499999999766e+02
4.270535499999999729e+02
4.311544499999999971e+02
4.311602500000000191e+02
4.311961000000000013e+02
4.321268000000000029e+02
4.321854000000000156e+02
4.322163499999999772e+02
4.322764500000000112e+02
4.342684499999999730e+02
4.363833500000000072e+02
4.363990000000000009e+02
4.365615500000000111e+02
4.376161500000000046e+02
4.377145499999999743e+02
4.383392000000000053e+02
4.395387000000000057e+02
4.397322500000000218e+02
4.434470999999999776e+02
4.434765499999999747e+02
4.435005499999999756e+02
4.435056999999999903e+02
4.435131999999999834e+02
4.436660499999999843e+02
4.436689999999999827e+02
4.437049499999999966e+02
4.446093999999999937e+02
4.448276000000000181e+02
4.460828500000000076e+02
4.460950000000000273e+02
4.460963499999999726e+02
4.461030000000000086e+02
4.461037999999999784e+02
4.461125999999999863e+02
4.461501499999999965e+02
4.461754999999999995e+02
4.479585999999999899e+02
4.480009499999999889e+02
4.480369000000000028e+02
4.480749500000000012e+02
4.480792500000000018e+02
4.480814500000000180e+02
4.481875000000000000e+02
4.482010999999999967e+02
4.496216000000000008e+02
4.496715500000000247e+02
4.496895000000000095e+02
4.497316500000000019e+02
4.505337999999999852e+02
4.505547500000000127e+02
4.506913499999999999e+02
4.513727999999999838e+02
4.520181999999999789e+02
4.520391500000000065e+02
4.520449499999999716e+02
4.523606500000000210e+02
4.526876500000000192e+02
4.535042000000000257e+02
4.536864499999999794e+02
4.536889499999999771e+02
4.536924500000000080e+02
4.536999999999999886e+02
4.537011499999999842e+02
4.544637500000000045e+02
4.545414999999999850e+02
4.569917500000000246e+02
4.570940499999999815e+02
4.571364500000000248e+02
4.571810500000000275e+02
4.572024999999999864e+02
4.572549000000000206e+02
4.580312500000000000e+02
4.584209000000000174e+02
4.584322500000000105e+02
4.586087999999999738e+02
4.586460500000000025e+02
4.586678999999999746e+02
4.587692999999999870e+02
4.592565999999999917e+02
4.592654499999999871e+02
4.594216000000000122e+02
4.608811999999999784e+02
4.608950500000000261e+02
4.621999999999999886e+02
4.628852499999999850e+02
4.628876999999999953e+02
4.629153000000000020e+02
4.629230499999999893e+02
4.629486999999999739e+02
4.629866499999999974e+02
4.637109500000000253e+02
4.637495499999999993e+02
4.637712000000000216e+02
4.638072500000000105e+02
4.646039999999999850e+02
4.646347499999999968e+02
4.646950499999999806e+02
4.655023499999999785e+02
4.655211499999999774e+02
4.656098499999999945e+02
4.662848999999999933e+02
4.662885499999999865e+02
4.662916999999999916e+02
4.665248000000000275e+02
4.665364999999999895e+02
4.670081000000000131e+02
4.673503999999999792e+02
4.678609999999999900e+02
4.679358500000000163e+02
4.679576000000000136e+02
4.680579000000000178e+02
4.680597500000000082e+02
4.691202499999999986e+02
4.698260999999999967e+02
4.698498000000000161e+02
4.698507000000000176e+02
4.698562499999999886e+02
4.698878000000000270e+02
4.700844999999999914e+02
4.708910000000000196e+02
4.709560500000000047e+02
4.718752999999999815e+02
4.719251499999999737e+02
4.726265000000000214e+02
4.727619500000000130e+02
4.733974000000000046e+02
4.734291000000000054e+02
4.735672999999999888e+02
4.752918999999999983e+02
4.753204999999999814e+02
4.753303999999999974e+02
4.753483499999999822e+02
4.754171000000000049e+02
4.754282999999999788e+02
4.779950999999999794e+02
4.780394499999999880e+02
4.780851000000000113e+02
4.781039000000000101e+02
4.781560999999999808e+02
4.781752999999999929e+02
4.781949000000000183e+02
4.783043999999999869e+02
4.783261999999999716e+02
4.801767500000000268e+02
4.802800500000000170e+02
4.814483000000000175e+02
4.814613499999999817e+02
4.814755999999999858e+02
4.814943499999999972e+02
4.815081999999999880e+02
4.815698499999999740e+02
4.817400999999999840e+02
4.837056000000000040e+02
4.837126999999999839e+02
4.837654499999999871e+02
4.837969499999999812e+02
4.844078499999999963e+02
4.852480499999999779e+02
4.852504500000000007e+02
4.852518499999999904e+02
4.860011499999999955e+02
4.873878000000000270e+02
4.875758000000000152e+02
4.876003499999999917e+02
4.885888499999999794e+02
4.886023000000000138e+02
4.886526000000000067e+02
4.892738499999999817e+02
4.892957499999999982e+02
4.899805499999999938e+02
4.900194500000000062e+02
4.900586500000000001e+02
4.905817999999999870e+02
4.909051499999999919e+02
4.915256499999999846e+02
4.916456000000000017e+02
4.923996999999999957e+02
4.953133000000000266e+02
4.953620000000000232e+02
4.954517000000000166e+02
4.961081500000000233e+02
4.961178499999999758e+02
4.961474999999999795e+02
4.971634000000000242e+02
4.985679000000000087e+02
4.985736499999999864e+02
4.985814500000000180e+02
4.986102999999999952e+02
4.986542999999999779e+02
4.986570500000000266e+02
4.987236500000000206e+02
4.988245499999999879e+02
5.010311500000000251e+02
5.023312500000000114e+02
5.030269000000000119e+02
5.030375500000000102e+02
5.030450500000000034e+02
5.030758000000000152e+02
5.030962000000000103e+02
5.031187499999999773e+02
5.032789000000000215e+02
5.032875999999999976e+02
5.032981500000000210e+02
5.033321500000000128e+02
5.041001999999999725e+02
5.047707500000000209e+02
5.048129000000000133e+02
5.048158000000000243e+02
5.048394999999999868e+02
5.048564499999999953e+02
5.048994500000000016e+02
5.049010499999999979e+02
5.049663499999999772e+02
5.055799999999999841e+02
5.060678500000000213e+02
5.060743499999999813e+02
5.071367999999999938e+02
5.087833499999999844e+02
5.087989499999999907e+02
5.088399999999999750e+02
5.088446500000000015e+02
5.088517499999999814e+02
5.088715500000000134e+02
5.088878000000000270e+02
5.088912500000000136e+02
5.089230499999999893e+02
5.089235499999999774e+02
5.089268500000000017e+02
5.089332499999999868e+02
5.089893000000000143e+02
5.090447500000000218e+02
5.090651500000000169e+02
5.093647500000000150e+02
5.093700999999999794e+02
5.093844000000000278e+02
5.094451999999999998e+02
5.094842499999999745e+02
5.095219000000000165e+02
5.096159000000000106e+02
5.096198499999999854e+02
5.097041500000000269e+02
5.097314999999999827e+02
5.106650999999999954e+02
5.111323499999999740e+02
5.111920999999999822e+02
5.111957499999999754e+02
5.121708999999999605e+02
5.129622500000000400e+02
5.131493500000000267e+02
5.132341000000000122e+02
5.138075000000000045e+02
5.152920000000000300e+02
5.161512500000000045e+02
5.162000000000000455e+02
5.181113000000000284e+02
5.181316500000000360e+02
5.182110000000000127e+02
5.182178000000000111e+02
5.182868999999999460e+02
5.183030999999999722e+02
5.183278500000000122e+02
5.183954499999999825e+02
5.195909500000000207e+02
5.196067500000000337e+02
5.196812499999999773e+02
5.197186500000000251e+02
5.205848499999999603e+02
5.206066499999999451e+02
5.206376999999999953e+02
5.213712000000000444e+02
5.220482500000000528e+02
5.221615000000000464e+02
5.221961499999999887e+02
5.222018500000000358e+02
5.222118500000000267e+02
5.227043499999999767e+02
5.234831500000000233e+02
5.241861000000000104e+02
5.246050500000000056e+02
5.278197499999999991e+02
5.297487999999999602e+02
5.297780999999999949e+02
5.298722999999999956e+02
5.298784000000000560e+02
5.301490000000000009e+02
5.310733500000000049e+02
5.323238999999999805e+02
5.323523999999999887e+02
5.330747999999999820e+02
5.340365000000000464e+02
5.340612999999999602e+02
5.340630499999999756e+02
5.341660000000000537e+02
5.342015000000000100e+02
5.342117500000000518e+02
5.342317500000000337e+02
5.352494000000000369e+02
5.353284499999999753e+02
5.353684500000000526e+02
5.360676999999999452e+02
5.362300000000000182e+02
5.372554999999999836e+02
5.372742500000000518e+02
5.372780999999999949e+02
5.372796499999999469e+02
5.372807999999999993e+02
5.372868499999999585e+02
5.372942500000000337e+02
5.383812000000000353e+02
5.383861000000000558e+02
5.392495999999999867e+02
5.392708499999999958e+02
5.393520499999999629e+02
5.423483499999999822e+02
5.428396500000000060e+02
5.428578499999999849e+02
5.441246499999999742e+02
5.441497000000000526e+02
5.441506000000000540e+02
5.441657000000000153e+02
5.446757000000000062e+02
5.448739500000000362e+02
5.452434500000000526e+02
5.452811000000000377e+02
5.453601499999999760e+02
5.463997000000000526e+02
5.465349499999999807e+02
5.465465000000000373e+02
5.465713500000000522e+02
5.467080999999999449e+02
5.468891999999999598e+02
5.470167000000000144e+02
5.474959499999999935e+02
5.475988499999999704e+02
5.476055499999999938e+02
5.476132000000000062e+02
5.476253000000000384e+02
5.476478499999999485e+02
5.476619500000000471e+02
5.476788999999999987e+02
5.476883500000000140e+02
5.478622000000000298e+02
5.478660999999999603e+02
5.478746999999999616e+02
5.478964499999999589e+02
5.479006500000000415e+02
5.479707499999999527e+02
5.485177999999999656e+02
5.485304999999999609e+02
5.485396500000000515e+02
5.485444999999999709e+02
5.485621999999999616e+02
5.496440999999999804e+02
5.506346999999999525e+02
5.506547000000000480e+02
5.506672499999999673e+02
5.506680499999999938e+02
5.506776999999999589e+02
5.507041500000000269e+02
5.507115000000000009e+02
5.507142999999999802e+02
5.507185500000000502e+02
5.507473999999999705e+02
5.507567500000000109e+02
5.514709000000000287e+02
5.514937999999999647e+02
5.515103000000000293e+02
5.515466499999999996e+02
5.515529999999999973e+02
5.515781500000000506e+02
5.526876999999999498e+02
5.546421500000000151e+02
5.546493500000000267e+02
5.548812000000000353e+02
5.556808999999999514e+02
5.556814000000000533e+02
5.556971499999999651e+02
5.557014000000000351e+02
5.557113000000000511e+02
5.557983500000000276e+02
5.559688999999999623e+02
5.559873499999999922e+02
5.559907500000000482e+02
5.560122499999999945e+02
5.565776499999999487e+02
5.578402999999999565e+02
5.588934000000000424e+02
5.589012999999999920e+02
5.589781000000000404e+02
5.589839500000000498e+02
5.592636499999999842e+02
5.592722499999999854e+02
5.593102000000000089e+02
5.594198000000000093e+02
5.600149999999999864e+02
5.611132999999999811e+02
5.616101499999999760e+02
5.617691999999999553e+02
5.627160000000000082e+02
5.627232500000000073e+02
5.627733500000000504e+02
5.644969499999999698e+02
5.645172999999999774e+02
5.645283500000000458e+02
5.646237999999999602e+02
5.646657500000000027e+02
5.661490999999999758e+02
5.665076500000000124e+02
5.668397999999999683e+02
5.707908999999999651e+02
5.714871500000000424e+02
5.716475500000000238e+02
5.716730999999999767e+02
5.735401000000000522e+02
5.744724999999999682e+02
5.746110499999999774e+02
5.758134999999999764e+02
5.774292000000000371e+02
5.774363499999999476e+02
5.777902000000000271e+02
5.777951500000000351e+02
5.778002000000000180e+02
5.780727000000000544e+02
5.781623499999999467e+02
5.784866500000000542e+02
5.784982499999999845e+02
5.789990999999999985e+02
5.790469000000000506e+02
5.796763999999999442e+02
5.797042000000000144e+02
5.798216999999999643e+02
5.804057500000000118e+02
5.804257499999999936e+02
5.804446500000000242e+02
5.805178499999999531e+02
5.810436999999999443e+02
5.819479000000000042e+02
5.826992000000000189e+02
5.827196999999999889e+02
5.827475500000000466e+02
5.827494500000000244e+02
5.827635000000000218e+02
5.827786999999999580e+02
5.827950499999999465e+02
5.828320499999999811e+02
5.829397999999999911e+02
5.830099999999999909e+02
5.830621999999999616e+02
5.831248500000000377e+02
5.838742499999999609e+02
5.838747499999999491e+02
5.839276999999999589e+02
5.839320500000000038e+02
5.839416999999999689e+02
5.839470000000000027e+02
5.839542999999999893e+02
5.839682500000000118e+02
5.839764000000000124e+02
5.848834500000000389e+02
5.848882999999999583e+02
5.848997500000000400e+02
5.849107999999999947e+02
5.850597000000000207e+02
5.850606999999999971e+02
5.850733000000000175e+02
5.851555499999999483e+02
5.852294500000000426e+02
5.855293500000000222e+02
5.857707500000000209e+02
5.857962999999999738e+02
5.858211000000000013e+02
5.858732499999999845e+02
5.858855999999999540e+02
5.865799500000000535e+02
5.865916999999999462e+02
5.866220499999999447e+02
5.866350999999999658e+02
5.867890499999999747e+02
5.875522999999999456e+02
5.876176000000000386e+02
5.876948499999999740e+02
5.877150000000000318e+02
5.877504999999999882e+02
5.881533500000000458e+02
5.895504499999999553e+02
5.902012499999999591e+02
5.902998499999999922e+02
5.903377500000000282e+02
5.908366499999999633e+02
5.908630000000000564e+02
5.908691999999999780e+02
5.910113000000000056e+02
5.920434500000000071e+02
5.925331999999999653e+02
5.925627500000000509e+02
5.925767499999999472e+02
5.925788000000000011e+02
5.925868000000000393e+02
5.926052499999999554e+02
5.926097999999999502e+02
5.926624500000000353e+02
5.926648999999999887e+02
5.933728999999999587e+02
5.934130499999999984e+02
5.942999999999999545e+02
5.943129000000000133e+02
5.951807999999999765e+02
5.951835999999999558e+02
5.952087000000000216e+02
5.952269000000000005e+02
5.952511500000000524e+02
5.952608999999999924e+02
5.952643500000000358e+02
5.952749499999999898e+02
5.954002000000000407e+02
5.982925000000000182e+02
5.993747499999999491e+02
6.007369499999999789e+02
6.011664500000000544e+02
6.033117999999999483e+02
6.033346500000000106e+02
6.034596500000000106e+02
6.039696999999999889e+02
6.039825499999999465e+02
6.040384500000000116e+02
6.040483000000000402e+02
6.040752499999999827e+02
6.040961499999999660e+02
6.041047999999999547e+02
6.041787000000000489e+02
6.041797000000000253e+02
6.043171999999999571e+02
6.052177500000000236e+02
6.052623499999999694e+02
6.053017499999999700e+02
6.053209500000000389e+02
6.053417500000000473e+02
6.054289499999999862e+02
6.055035000000000309e+02
6.058201000000000249e+02
6.059462999999999511e+02
6.059633499999999913e+02
6.060008000000000266e+02
6.060321500000000015e+02
6.060719500000000153e+02
6.060944500000000517e+02
6.061065999999999576e+02
6.070385999999999740e+02
6.070397500000000264e+02
6.070457499999999982e+02
6.070513999999999442e+02
6.070588999999999942e+02
6.070624500000000126e+02
6.071014999999999873e+02
6.071233499999999594e+02
6.071420000000000528e+02
6.071544000000000096e+02
6.071631999999999607e+02
6.071687500000000455e+02
6.071723500000000513e+02
6.071842500000000200e+02
6.072032000000000380e+02
6.073501999999999725e+02
6.074315500000000156e+02
6.074769000000000005e+02
6.075738000000000056e+02
6.076417500000000018e+02
6.082453500000000304e+02
6.082771000000000186e+02
6.082908499999999776e+02
6.083092500000000200e+02
6.084736500000000206e+02
6.088806499999999460e+02
6.091910500000000184e+02
6.111019000000000005e+02
6.111168000000000120e+02
6.111772999999999456e+02
6.112456499999999551e+02
6.113229499999999916e+02
6.114197000000000344e+02
6.121398000000000366e+02
6.122261499999999614e+02
6.122363500000000158e+02
6.122575500000000375e+02
6.138269999999999982e+02
6.156158000000000357e+02
6.197527000000000044e+02
6.197576500000000124e+02
6.198861500000000433e+02
6.199149499999999762e+02
6.199310500000000275e+02
6.211461500000000342e+02
6.212162499999999454e+02
6.213043000000000120e+02
6.214036999999999580e+02
6.234993500000000495e+02
6.235018999999999778e+02
6.235191999999999553e+02
6.235365500000000338e+02
6.235399499999999762e+02
6.235444999999999709e+02
6.241525000000000318e+02
6.241532999999999447e+02
6.255343500000000176e+02
6.257893000000000256e+02
6.258001500000000306e+02
6.258739000000000487e+02
6.276306499999999460e+02
6.278397999999999683e+02
6.278513000000000375e+02
6.278803500000000213e+02
6.280234000000000378e+02
6.280267499999999927e+02
6.280304499999999734e+02
6.280327999999999520e+02
6.280598999999999705e+02
6.280823500000000195e+02
6.280941500000000133e+02
6.288390500000000429e+02
6.289652999999999565e+02
6.289913000000000238e+02
6.290479000000000269e+02
6.291294500000000198e+02
6.294783499999999776e+02
6.295357999999999947e+02
6.296845499999999447e+02
6.297150000000000318e+02
6.303066999999999780e+02
6.303125499999999874e+02
6.303259500000000344e+02
6.303745999999999867e+02
6.304856499999999642e+02
6.305335000000000036e+02
6.305983499999999822e+02
6.316391999999999598e+02
6.316506500000000415e+02
6.316994499999999562e+02
6.320920999999999594e+02
6.321150000000000091e+02
6.321287999999999556e+02
6.321408000000000129e+02
6.321497500000000400e+02
6.321933999999999969e+02
6.322200000000000273e+02
6.322258500000000367e+02
6.322373999999999796e+02
6.329166999999999916e+02
6.336833500000000186e+02
6.337012999999999465e+02
6.343146500000000287e+02
6.343440500000000384e+02
6.355294999999999845e+02
6.355350499999999556e+02
6.356058000000000447e+02
6.360874999999999773e+02
6.360924999999999727e+02
6.360933999999999742e+02
6.361063500000000204e+02
6.361694499999999834e+02
6.371475000000000364e+02
6.375990000000000464e+02
6.376023500000000013e+02
6.383180499999999711e+02
6.383750999999999749e+02
6.385537500000000364e+02
6.389315500000000156e+02
6.389406999999999925e+02
6.389538000000000011e+02
6.390851999999999862e+02
6.392623499999999694e+02
6.405354999999999563e+02
6.405363999999999578e+02
6.405389999999999873e+02
6.405513499999999567e+02
6.406447500000000446e+02
6.406522999999999683e+02
6.412472500000000082e+02
6.412684000000000424e+02
6.426404499999999871e+02
6.435188500000000431e+02
6.440472999999999502e+02
6.440782000000000380e+02
6.440982999999999947e+02
6.441206499999999551e+02
6.441480500000000120e+02
6.445253000000000156e+02
6.453804499999999962e+02
6.461049000000000433e+02
6.461585000000000036e+02
6.461713999999999487e+02
6.469669499999999971e+02
6.481988000000000056e+02
6.482422000000000253e+02
6.482668999999999642e+02
6.489817500000000337e+02
6.495764500000000226e+02
6.496309999999999718e+02
6.501293500000000449e+02
6.502367500000000291e+02
6.502517500000000155e+02
6.516748499999999922e+02
6.519828999999999724e+02
6.520761499999999842e+02
6.530878999999999905e+02
6.531093499999999494e+02
6.532471500000000333e+02
6.533161000000000058e+02
6.537490000000000236e+02
6.540610000000000355e+02
6.541475500000000238e+02
6.542240000000000464e+02
6.553218000000000529e+02
6.560598499999999831e+02
6.562643500000000358e+02
6.563342499999999973e+02
6.564243999999999915e+02
6.575756000000000085e+02
6.578885500000000093e+02
6.581395499999999856e+02
6.581476499999999987e+02
6.581531499999999824e+02
6.581551500000000487e+02
6.582677499999999782e+02
6.582718999999999596e+02
6.583459000000000287e+02
6.593878999999999451e+02
6.593910499999999502e+02
6.599534499999999753e+02
6.604673000000000229e+02
