8.858449999999999491e+00
1.243865000000000087e+01
1.518045000000000044e+01
1.544914999999999949e+01
1.569205000000000005e+01
1.816629999999999967e+01
1.848959999999999937e+01
2.222595000000000098e+01
2.507734999999999914e+01
3.055395000000000039e+01
3.169774999999999920e+01
3.285394999999999754e+01
3.369854999999999734e+01
3.643099999999999739e+01
3.662604999999999933e+01
3.907999999999999829e+01
3.908104999999999762e+01
3.917354999999999876e+01
4.158265000000000100e+01
4.699765000000000015e+01
4.837624999999999886e+01
4.897225000000000250e+01
4.919270000000000209e+01
4.945589999999999975e+01
4.988100000000000023e+01
4.989175000000000182e+01
5.166964999999999719e+01
5.173785000000000167e+01
5.215469999999999828e+01
5.245420000000000016e+01
5.254375000000000284e+01
5.621005000000000251e+01
5.621974999999999767e+01
5.630695000000000050e+01
5.667049999999999699e+01
5.686039999999999850e+01
5.995109999999999673e+01
6.133395000000000152e+01
6.266644999999999754e+01
6.513954999999999984e+01
6.570260000000000389e+01
6.860420000000000584e+01
6.892650000000000432e+01
7.032604999999999507e+01
7.081895000000000095e+01
7.171129999999999427e+01
7.181310000000000571e+01
7.205004999999999882e+01
7.339860000000000184e+01
7.897979999999999734e+01
7.948919999999999675e+01
7.954479999999999507e+01
8.020520000000000493e+01
8.089865000000000350e+01
8.155209999999999582e+01
8.257200000000000273e+01
8.298024999999999807e+01
8.337170000000000414e+01
8.406390000000000384e+01
8.446835000000000093e+01
8.611915000000000475e+01
8.701690000000000680e+01
8.749654999999999916e+01
8.800395000000000323e+01
8.949970000000000425e+01
8.983065000000000566e+01
9.086915000000000475e+01
9.146479999999999677e+01
9.250695000000000334e+01
9.264669999999999561e+01
9.436430000000000007e+01
9.560644999999999527e+01
9.712824999999999420e+01
9.903640000000000043e+01
1.007314999999999969e+02
1.018612499999999983e+02
1.018631500000000045e+02
1.018686000000000007e+02
1.022332999999999998e+02
1.027409999999999997e+02
1.036611500000000063e+02
1.050717999999999961e+02
1.097612000000000023e+02
1.097753000000000014e+02
1.109793499999999966e+02
1.110845000000000056e+02
1.112564500000000010e+02
1.118095500000000015e+02
1.120312500000000000e+02
1.147201000000000022e+02
1.192104000000000070e+02
1.192154000000000025e+02
1.200375999999999976e+02
1.216629499999999950e+02
1.217878500000000059e+02
1.217894500000000022e+02
1.236808000000000050e+02
1.255359499999999997e+02
1.280190499999999929e+02
1.280422000000000082e+02
1.284787000000000035e+02
1.305579999999999927e+02
1.305668000000000006e+02
1.314483999999999924e+02
1.318172500000000014e+02
1.319575000000000102e+02
1.321489500000000135e+02
1.338451499999999896e+02
1.339225999999999885e+02
1.340222500000000139e+02
1.347295000000000016e+02
1.367033999999999878e+02
1.367794499999999971e+02
1.377974000000000103e+02
1.395749000000000137e+02
1.414683499999999867e+02
1.417805999999999926e+02
1.427271000000000072e+02
1.430109999999999957e+02
1.437207500000000095e+02
1.437275500000000079e+02
1.438327999999999918e+02
1.445565499999999872e+02
1.462436500000000024e+02
1.477119000000000142e+02
1.481597999999999900e+02
1.482392000000000110e+02
1.493361999999999910e+02
1.495042500000000132e+02
1.509731500000000040e+02
1.512090000000000032e+02
1.514010499999999979e+02
1.520766000000000133e+02
1.520769999999999982e+02
1.540414499999999975e+02
1.540565499999999872e+02
1.543708499999999901e+02
1.545275000000000034e+02
1.557435000000000116e+02
1.564184999999999945e+02
1.573722999999999956e+02
1.576596499999999992e+02
1.587869499999999903e+02
1.617889499999999998e+02
1.636464499999999873e+02
1.642615999999999872e+02
1.655647999999999911e+02
1.663011500000000069e+02
1.671734500000000025e+02
1.677617500000000064e+02
1.677948000000000093e+02
1.693066000000000031e+02
1.693146000000000129e+02
1.699036999999999864e+02
1.702654499999999871e+02
1.703801499999999862e+02
1.705120499999999879e+02
1.718203000000000031e+02
1.718257499999999993e+02
1.729065999999999974e+02
1.729167500000000075e+02
1.745978000000000065e+02
1.770256500000000131e+02
1.787291999999999916e+02
1.814092499999999859e+02
1.824361000000000104e+02
1.840321500000000015e+02
1.863832500000000039e+02
1.869667499999999905e+02
1.869827999999999975e+02
1.869874000000000080e+02
1.884924499999999910e+02
1.899739999999999895e+02
1.906608500000000106e+02
1.912535499999999900e+02
1.928977500000000020e+02
1.949028999999999883e+02
1.966652499999999861e+02
1.969683499999999867e+02
1.970720499999999902e+02
1.974334000000000060e+02
1.985115000000000123e+02
1.988194000000000017e+02
2.006231500000000096e+02
2.013237499999999898e+02
2.017786499999999990e+02
2.028132500000000107e+02
2.029583499999999958e+02
2.039712499999999977e+02
2.043009999999999877e+02
2.045472000000000037e+02
2.063528000000000020e+02
2.063840999999999894e+02
2.074400500000000136e+02
2.119500999999999920e+02
2.136021499999999946e+02
2.141316500000000076e+02
2.145413499999999942e+02
2.154404999999999859e+02
2.161813500000000090e+02
2.176388499999999908e+02
2.180724999999999909e+02
2.192600500000000068e+02
2.194968499999999949e+02
2.194981999999999971e+02
2.195829999999999984e+02
2.199924499999999910e+02
2.227702500000000043e+02
2.262441000000000031e+02
2.266591999999999985e+02
2.280346499999999992e+02
2.281465499999999906e+02
2.281909499999999866e+02
2.285570500000000038e+02
2.288480999999999881e+02
2.294457999999999913e+02
2.302618999999999971e+02
2.308543500000000108e+02
2.308576999999999941e+02
2.308663999999999987e+02
2.323617000000000132e+02
2.336897999999999911e+02
2.338272499999999923e+02
2.340472000000000037e+02
2.341808000000000050e+02
2.350824499999999944e+02
2.358615499999999940e+02
2.358964499999999873e+02
2.360500000000000114e+02
2.360929500000000019e+02
2.368512499999999932e+02
2.378078999999999894e+02
2.396286499999999933e+02
2.398879499999999894e+02
2.403641499999999951e+02
2.403777000000000044e+02
2.438779499999999985e+02
2.470137499999999875e+02
2.470146000000000015e+02
2.480259499999999946e+02
2.487904000000000053e+02
2.495575499999999920e+02
2.504568500000000029e+02
2.525560499999999990e+02
2.527200499999999863e+02
2.530042500000000132e+02
2.531238500000000045e+02
2.541005000000000109e+02
2.542582999999999913e+02
2.550314999999999941e+02
2.560038499999999999e+02
2.561782499999999914e+02
2.563550000000000182e+02
2.571485999999999876e+02
2.576970999999999776e+02
2.578111000000000104e+02
2.583174999999999955e+02
2.597147499999999809e+02
2.597157500000000141e+02
2.611732499999999959e+02
2.622653000000000247e+02
2.624001999999999839e+02
2.624827999999999975e+02
2.629778999999999769e+02
2.636163000000000238e+02
2.638837500000000205e+02
2.638938499999999863e+02
2.644762499999999932e+02
2.657746000000000208e+02
2.658826999999999998e+02
2.658870499999999879e+02
2.659994500000000244e+02
2.661408999999999878e+02
2.664286500000000046e+02
2.684970000000000141e+02
2.706227499999999964e+02
2.708084499999999935e+02
2.717454000000000178e+02
2.724415000000000191e+02
2.728586999999999989e+02
2.728836499999999887e+02
2.728894999999999982e+02
2.746203499999999735e+02
2.750994499999999903e+02
2.753303999999999974e+02
2.753378500000000031e+02
2.754972500000000082e+02
2.762690499999999929e+02
2.764566500000000246e+02
2.768618999999999915e+02
2.773752000000000066e+02
2.787837000000000103e+02
2.791591500000000110e+02
2.798039499999999862e+02
2.808340999999999781e+02
2.808921000000000276e+02
2.812192499999999882e+02
2.815842999999999847e+02
2.816293999999999755e+02
2.817536499999999933e+02
2.825151500000000055e+02
2.827537500000000250e+02
2.827607499999999732e+02
2.828355000000000246e+02
2.829833499999999731e+02
2.835421499999999924e+02
2.859846999999999753e+02
2.860692500000000109e+02
2.866098499999999945e+02
2.885972499999999741e+02
2.898278000000000247e+02
2.901012000000000057e+02
2.901175499999999943e+02
2.901179000000000201e+02
2.902253999999999792e+02
2.905518500000000017e+02
2.914302500000000009e+02
2.922139500000000112e+02
2.928863499999999931e+02
2.931756500000000187e+02
2.932059499999999730e+02
2.933517499999999814e+02
2.936949000000000183e+02
2.937559999999999718e+02
2.939743000000000279e+02
2.942017500000000041e+02
2.952989499999999907e+02
2.958360999999999876e+02
2.959860499999999774e+02
2.977525999999999726e+02
2.977984999999999900e+02
2.997790499999999838e+02
3.000343500000000176e+02
3.001373500000000263e+02
3.013566000000000145e+02
3.017187999999999874e+02
3.018371500000000083e+02
3.033453499999999963e+02
3.035092999999999961e+02
3.039797500000000241e+02
3.044866999999999848e+02
3.045851000000000113e+02
3.045957000000000221e+02
3.046191000000000031e+02
3.050182500000000232e+02
3.051343499999999835e+02
3.067875500000000102e+02
3.069637999999999920e+02
3.073996000000000208e+02
3.091922999999999888e+02
3.103904999999999745e+02
3.104005500000000097e+02
3.109761500000000183e+02
3.111528500000000008e+02
3.113840500000000020e+02
3.120799499999999966e+02
3.121544999999999845e+02
3.124279500000000098e+02
3.131689499999999953e+02
3.140761499999999842e+02
3.142728999999999928e+02
3.147629499999999894e+02
3.155528499999999781e+02
3.155611000000000104e+02
3.156849500000000148e+02
3.156917500000000132e+02
3.169440000000000168e+02
3.175577000000000112e+02
3.177044999999999959e+02
3.177622499999999945e+02
3.177706999999999766e+02
3.178006500000000187e+02
3.179889999999999759e+02
3.185153500000000122e+02
3.186737499999999841e+02
3.189728499999999940e+02
3.190863499999999817e+02
3.194216499999999996e+02
3.194617000000000075e+02
3.196539000000000215e+02
3.205758000000000152e+02
3.205829499999999825e+02
3.213694499999999721e+02
3.217121000000000208e+02
3.220154499999999871e+02
3.228674500000000194e+02
3.229546000000000276e+02
3.238129500000000007e+02
3.238173499999999763e+02
3.241505500000000097e+02
3.243924999999999841e+02
3.250611499999999978e+02
3.265314000000000192e+02
3.266118999999999915e+02
3.266369000000000256e+02
3.267068499999999744e+02
3.271485000000000127e+02
3.276016500000000065e+02
3.286868000000000052e+02
3.295287500000000023e+02
3.296317999999999984e+02
3.298802999999999770e+02
3.299071000000000140e+02
3.315986500000000206e+02
3.315996999999999844e+02
3.316962500000000205e+02
3.317194499999999948e+02
3.317606999999999857e+02
3.324672499999999786e+02
3.332853000000000065e+02
3.335426499999999805e+02
3.338514000000000124e+02
3.342488999999999919e+02
3.356034500000000094e+02
3.356152500000000032e+02
3.356972000000000094e+02
3.357048500000000217e+02
3.358727000000000089e+02
3.362076000000000136e+02
3.363288499999999885e+02
3.363296000000000276e+02
3.363367999999999824e+02
3.363469000000000051e+02
3.364470999999999776e+02
3.368283500000000004e+02
3.368347999999999729e+02
3.368406499999999824e+02
3.376275999999999726e+02
3.388308499999999981e+02
3.392069000000000187e+02
3.395906499999999824e+02
3.401406499999999937e+02
3.405917999999999779e+02
3.405959500000000162e+02
3.405994000000000028e+02
3.408306999999999789e+02
3.408879999999999768e+02
3.409877500000000055e+02
3.426451999999999884e+02
3.427195500000000266e+02
3.440380000000000109e+02
3.443690000000000282e+02
3.449154500000000212e+02
3.449630500000000097e+02
3.456864499999999794e+02
3.462436500000000024e+02
3.468676500000000260e+02
3.468850499999999784e+02
3.470022000000000162e+02
3.470179499999999848e+02
3.473365000000000009e+02
3.473377500000000282e+02
3.473424499999999853e+02
3.476515499999999861e+02
3.477466000000000008e+02
3.483557000000000130e+02
3.484343999999999824e+02
3.488564999999999827e+02
3.489120500000000220e+02
3.497046000000000276e+02
3.497454500000000053e+02
3.498516999999999939e+02
3.498578999999999724e+02
3.499744999999999777e+02
3.499803999999999746e+02
3.501759500000000003e+02
3.503263499999999908e+02
3.503546000000000049e+02
3.518663000000000238e+02
3.518738000000000170e+02
3.520153000000000247e+02
3.524253499999999804e+02
3.525110999999999990e+02
3.551945499999999925e+02
3.552318999999999960e+02
3.559552499999999782e+02
3.560736999999999739e+02
3.562978499999999826e+02
3.574048500000000104e+02
3.586648999999999887e+02
3.591791000000000054e+02
3.598965000000000032e+02
3.599039500000000089e+02
3.599063499999999749e+02
3.600527999999999906e+02
3.604959499999999935e+02
3.605493500000000040e+02
3.617264000000000124e+02
3.617596500000000219e+02
3.621877999999999815e+02
3.629941499999999905e+02
3.631182999999999765e+02
3.631223499999999831e+02
3.637035500000000070e+02
3.640020499999999970e+02
3.643176500000000146e+02
3.647878000000000043e+02
3.648026500000000283e+02
3.649345000000000141e+02
3.649916499999999928e+02
3.650296999999999912e+02
3.654336999999999875e+02
3.661471000000000231e+02
3.662127500000000282e+02
3.674775000000000205e+02
3.682234000000000265e+02
3.682790499999999838e+02
3.683221500000000219e+02
3.707447500000000105e+02
3.711410999999999945e+02
3.715370500000000220e+02
3.722572000000000116e+02
3.723522500000000264e+02
3.728258500000000026e+02
3.741657000000000153e+02
3.748430000000000177e+02
3.752128999999999905e+02
3.763357500000000186e+02
3.765018000000000029e+02
3.772320500000000152e+02
3.773826000000000249e+02
3.790129999999999768e+02
3.818555000000000064e+02
3.818610499999999774e+02
3.818706999999999994e+02
3.819873499999999922e+02
3.823231499999999983e+02
3.835318500000000199e+02
3.841025000000000205e+02
3.842998999999999796e+02
3.843509500000000116e+02
3.844467500000000086e+02
3.844481000000000108e+02
3.844766500000000065e+02
3.850969000000000051e+02
3.860255999999999972e+02
3.861682000000000130e+02
3.868584000000000174e+02
3.873308000000000106e+02
3.875715000000000146e+02
3.875801500000000033e+02
3.897545999999999822e+02
3.899196000000000026e+02
3.908036999999999921e+02
3.908067500000000223e+02
3.936672500000000241e+02
3.938082499999999868e+02
3.939074499999999830e+02
3.943092500000000200e+02
3.951262500000000273e+02
3.964224500000000262e+02
3.970971999999999866e+02
3.975014499999999771e+02
4.002354500000000144e+02
4.007481000000000222e+02
4.010284500000000207e+02
4.018632000000000062e+02
4.046929000000000087e+02
4.060061499999999910e+02
4.072352000000000203e+02
4.087095499999999788e+02
4.095163000000000011e+02
4.095271000000000186e+02
4.098500000000000227e+02
4.109728000000000065e+02
4.116539500000000089e+02
4.133247999999999820e+02
4.142237000000000080e+02
4.146361499999999864e+02
4.212567000000000235e+02
4.216246499999999742e+02
4.217975500000000011e+02
4.217986000000000217e+02
4.223387999999999920e+02
4.226347499999999968e+02
4.226383500000000026e+02
4.235557999999999765e+02
4.280076999999999998e+02
4.281603499999999940e+02
4.281652000000000271e+02
4.286575000000000273e+02
4.294174499999999739e+02
4.306830499999999802e+02
4.319581000000000017e+02
4.320565000000000282e+02
4.320663000000000125e+02
4.334424500000000080e+02
4.353242999999999938e+02
4.374139499999999998e+02
4.382042999999999893e+02
4.382049499999999966e+02
4.384092499999999859e+02
4.384177500000000123e+02
4.396038500000000226e+02
4.396594499999999925e+02
4.451314499999999725e+02
4.457042999999999893e+02
4.457049000000000092e+02
4.465310999999999808e+02
4.466050000000000182e+02
4.466058499999999754e+02
4.485548000000000002e+02
4.501118000000000166e+02
4.502558999999999969e+02
4.503066000000000031e+02
4.506456000000000017e+02
4.513324000000000069e+02
4.524268000000000143e+02
4.526841499999999883e+02
4.535181999999999789e+02
4.549462500000000205e+02
4.552792499999999905e+02
4.561992999999999938e+02
4.562325999999999908e+02
4.563868499999999813e+02
4.571318999999999733e+02
4.586756500000000187e+02
4.592521499999999719e+02
4.596245000000000118e+02
4.608256999999999834e+02
4.617779499999999757e+02
4.619741000000000213e+02
4.631180499999999824e+02
4.634634500000000230e+02
4.637533500000000117e+02
4.642148500000000126e+02
4.642193500000000199e+02
4.644014000000000237e+02
4.645405499999999961e+02
4.645511999999999944e+02
4.709981000000000222e+02
4.710226999999999862e+02
4.735201000000000136e+02
4.743819500000000176e+02
4.757738499999999817e+02
4.764510999999999967e+02
4.765763499999999908e+02
4.766141499999999951e+02
4.768096499999999764e+02
4.775789500000000203e+02
4.788489000000000146e+02
4.794465000000000146e+02
4.800018000000000029e+02
4.807090000000000032e+02
4.820591999999999757e+02
4.837576000000000249e+02
4.840010500000000206e+02
4.867930999999999813e+02
4.872116500000000201e+02
4.872130000000000223e+02
4.872135999999999854e+02
4.877882000000000176e+02
4.879678499999999985e+02
4.888743999999999801e+02
4.889149499999999762e+02
4.889578999999999951e+02
4.905817499999999995e+02
4.917717499999999973e+02
4.923797500000000014e+02
4.934617499999999950e+02
4.935890499999999861e+02
4.945908999999999764e+02
4.958419999999999845e+02
4.966023000000000138e+02
4.972178999999999860e+02
4.993331999999999766e+02
4.999189999999999827e+02
4.999268000000000143e+02
5.007778500000000008e+02
5.017688999999999737e+02
5.019166999999999916e+02
5.019229500000000144e+02
5.025201000000000136e+02
5.033692500000000223e+02
5.046589500000000044e+02
5.046650500000000079e+02
5.046660999999999717e+02
5.060276499999999942e+02
5.062716500000000224e+02
5.080663999999999874e+02
5.084015999999999735e+02
5.084078499999999963e+02
5.105217999999999847e+02
5.105301499999999919e+02
5.106836000000000126e+02
5.116019000000000005e+02
5.134935500000000275e+02
5.173336500000000342e+02
5.177393499999999449e+02
5.177423999999999751e+02
5.202143999999999551e+02
5.209344999999999573e+02
5.210652999999999793e+02
5.211371000000000322e+02
5.214308999999999514e+02
5.219633499999999913e+02
5.230897999999999683e+02
5.233311499999999796e+02
5.249805499999999938e+02
5.257116999999999507e+02
5.276916999999999689e+02
5.288969499999999471e+02
5.289002500000000282e+02
5.296286000000000058e+02
5.297540500000000065e+02
5.324190999999999576e+02
5.330354499999999689e+02
5.356317999999999984e+02
5.397286000000000286e+02
5.415058999999999969e+02
5.416695499999999583e+02
5.428382500000000164e+02
5.428473500000000058e+02
5.432226500000000442e+02
5.456257000000000517e+02
5.456329500000000507e+02
5.456376000000000204e+02
5.456474500000000489e+02
5.458327000000000453e+02
5.475771999999999480e+02
5.480121500000000196e+02
5.487140500000000429e+02
5.515868500000000267e+02
5.546586499999999660e+02
5.548772000000000162e+02
5.548884500000000344e+02
5.577201499999999896e+02
5.615442500000000337e+02
5.631794499999999744e+02
5.638406499999999824e+02
5.650508499999999685e+02
5.652053499999999531e+02
5.661398000000000366e+02
5.663882499999999709e+02
5.671688500000000204e+02
5.686356500000000551e+02
5.691898999999999660e+02
5.721952999999999747e+02
5.728558500000000322e+02
5.728561999999999443e+02
5.737989000000000033e+02
5.742693000000000438e+02
5.755234000000000378e+02
5.759139000000000124e+02
5.763967499999999973e+02
5.766005499999999984e+02
5.767396999999999707e+02
5.773907000000000380e+02
5.795156500000000506e+02
5.799585499999999456e+02
5.806994499999999562e+02
5.825970999999999549e+02
5.827177000000000362e+02
5.829685500000000502e+02
5.835945500000000266e+02
5.840051499999999578e+02
5.840802999999999656e+02
5.851137999999999693e+02
5.857409499999999980e+02
5.866529000000000451e+02
5.872413000000000238e+02
5.873784000000000560e+02
5.877969500000000380e+02
5.878288000000000011e+02
5.882889499999999998e+02
5.894882000000000062e+02
5.909307499999999891e+02
5.913464000000000169e+02
5.914461999999999762e+02
5.923671000000000504e+02
5.923801499999999578e+02
5.932646999999999480e+02
5.959602499999999736e+02
5.963355999999999995e+02
5.963360000000000127e+02
5.980513499999999567e+02
5.995608499999999594e+02
6.003251000000000204e+02
6.018067999999999529e+02
6.036070499999999583e+02
6.039346500000000333e+02
6.040522999999999456e+02
6.042491499999999860e+02
6.047351999999999634e+02
6.051374499999999443e+02
6.051871499999999742e+02
6.055263999999999669e+02
6.061757000000000062e+02
6.073096500000000333e+02
6.091978500000000167e+02
6.104989500000000362e+02
6.107851500000000442e+02
6.109433500000000095e+02
6.118465499999999793e+02
6.124279500000000098e+02
6.124769000000000005e+02
6.175767499999999472e+02
6.176901500000000169e+02
6.184406500000000051e+02
6.186422499999999900e+02
6.192942500000000337e+02
6.211799999999999500e+02
6.225063499999999976e+02
6.229085499999999911e+02
6.239429000000000087e+02
6.243134999999999764e+02
6.245393000000000256e+02
6.249921000000000504e+02
6.250678000000000338e+02
6.260644999999999527e+02
6.264669000000000096e+02
6.286708999999999605e+02
6.288051000000000386e+02
6.288119500000000244e+02
6.311299500000000080e+02
6.312599999999999909e+02
6.327319499999999834e+02
6.339316000000000031e+02
6.341719000000000506e+02
6.344129500000000235e+02
6.354959000000000060e+02
6.367386500000000069e+02
6.367487999999999602e+02
6.368920500000000402e+02
6.369972000000000207e+02
6.369981500000000096e+02
6.387535500000000184e+02
6.391965999999999894e+02
6.400393500000000131e+02
6.424764499999999998e+02
6.424773000000000138e+02
6.428116999999999734e+02
6.428185499999999593e+02
6.439257000000000062e+02
6.448560499999999820e+02
6.448887999999999465e+02
6.456132499999999936e+02
6.456361500000000433e+02
6.457217500000000427e+02
6.457521500000000287e+02
6.458605999999999767e+02
6.459420499999999947e+02
6.462653999999999996e+02
6.475654500000000553e+02
6.488465499999999793e+02
6.491960000000000264e+02
6.514484999999999673e+02
6.531422000000000025e+02
6.531711000000000240e+02
6.531811000000000149e+02
6.542741999999999507e+02
6.551291499999999814e+02
6.562736499999999751e+02
6.563977499999999736e+02
6.588060500000000275e+02
6.593748500000000377e+02
6.595776499999999487e+02
