1.351249999999999929e+01
1.537175000000000047e+01
1.616884999999999906e+01
1.748075000000000045e+01
1.799279999999999902e+01
2.138714999999999833e+01
2.254980000000000118e+01
2.545435000000000159e+01
2.846695000000000064e+01
2.934594999999999843e+01
3.080634999999999835e+01
3.457459999999999667e+01
3.457459999999999667e+01
3.748810000000000286e+01
4.107589999999999719e+01
4.107970000000000255e+01
4.832495000000000118e+01
5.358735000000000070e+01
6.011444999999999794e+01
6.071325000000000216e+01
6.748754999999999882e+01
9.870640000000000214e+01
1.022864500000000021e+02
1.102086500000000058e+02
1.340382999999999925e+02
1.413429500000000019e+02
1.501596999999999866e+02
1.520730499999999950e+02
1.543716499999999883e+02
1.553621500000000140e+02
1.557369500000000073e+02
1.559544500000000085e+02
1.617624500000000012e+02
1.617848999999999933e+02
1.617911499999999876e+02
1.627612000000000023e+02
1.642746999999999957e+02
1.643091000000000008e+02
1.651596999999999866e+02
1.718265000000000100e+02
1.757021499999999889e+02
1.847670500000000118e+02
1.889578999999999951e+02
2.001192499999999939e+02
2.056648000000000138e+02
2.078145499999999970e+02
2.150654000000000110e+02
2.174560999999999922e+02
2.185472499999999911e+02
2.237934999999999945e+02
2.299156999999999869e+02
2.300979499999999973e+02
2.308614000000000033e+02
2.330252000000000123e+02
2.437974499999999978e+02
2.448944999999999936e+02
2.473271000000000015e+02
2.518169000000000040e+02
2.891117499999999723e+02
2.921138500000000136e+02
2.980453999999999724e+02
3.020412499999999909e+02
3.033383499999999913e+02
3.044949500000000171e+02
3.138972999999999729e+02
3.167478500000000281e+02
3.182228000000000065e+02
3.183351999999999862e+02
3.231628000000000043e+02
3.277592999999999961e+02
3.343471000000000117e+02
3.503070000000000164e+02
3.596178499999999758e+02
3.664884500000000003e+02
3.689854500000000144e+02
3.741682999999999879e+02
3.746814499999999839e+02
3.763219500000000153e+02
3.781146499999999833e+02
3.808253500000000145e+02
3.811219500000000266e+02
3.816791999999999803e+02
3.858904499999999871e+02
3.900944499999999948e+02
3.961229999999999905e+02
3.985686499999999910e+02
3.987478500000000281e+02
4.007785999999999831e+02
4.023351999999999862e+02
4.047230999999999881e+02
4.056822500000000105e+02
4.059021500000000060e+02
4.061750499999999988e+02
4.074773000000000138e+02
4.149902999999999906e+02
4.194090499999999793e+02
4.202936000000000263e+02
4.282676999999999907e+02
4.394973499999999831e+02
4.396585000000000036e+02
4.483801000000000272e+02
4.509816500000000019e+02
4.519130499999999984e+02
4.637402000000000157e+02
4.657315500000000270e+02
4.684773000000000138e+02
4.738016000000000076e+02
4.775638999999999896e+02
4.889087000000000103e+02
4.949171499999999924e+02
4.972158000000000015e+02
5.045113999999999805e+02
5.048050499999999943e+02
5.070613999999999919e+02
5.078856000000000108e+02
5.115532999999999788e+02
5.149778499999999894e+02
5.174710999999999785e+02
5.267092000000000098e+02
5.311513999999999669e+02
5.337210499999999911e+02
5.355377999999999474e+02
5.430221999999999980e+02
5.463052999999999884e+02
5.463363500000000386e+02
5.535959000000000287e+02
5.554777000000000271e+02
5.593359000000000378e+02
5.613387000000000171e+02
5.615897499999999809e+02
5.657938000000000329e+02
5.664080999999999904e+02
5.734421499999999696e+02
5.778582999999999856e+02
5.826221500000000333e+02
5.852147499999999809e+02
5.857625000000000455e+02
5.882130499999999529e+02
5.938103499999999713e+02
5.959893499999999449e+02
6.055249000000000024e+02
6.055249000000000024e+02
6.069565000000000055e+02
6.127261499999999614e+02
6.150462499999999864e+02
6.187732499999999618e+02
6.190950000000000273e+02
6.235800000000000409e+02
6.319126499999999851e+02
6.357785999999999831e+02
6.410775499999999738e+02
6.525100499999999784e+02
6.525220000000000482e+02
6.559710999999999785e+02
