1.184600000000000009e+01
2.019604999999999961e+01
2.701024999999999920e+01
2.900404999999999944e+01
3.231929999999999836e+01
3.349094999999999800e+01
3.376400000000000290e+01
3.427139999999999986e+01
3.475460000000000349e+01
3.475835000000000008e+01
3.525079999999999814e+01
3.830660000000000309e+01
3.830980000000000274e+01
3.927255000000000251e+01
4.021119999999999806e+01
4.077405000000000257e+01
4.158010000000000161e+01
4.180080000000000240e+01
4.410484999999999900e+01
4.605534999999999712e+01
4.605884999999999962e+01
4.662769999999999726e+01
4.854169999999999874e+01
4.861764999999999759e+01
4.862265000000000015e+01
4.985235000000000127e+01
5.124734999999999729e+01
5.368939999999999912e+01
5.478880000000000194e+01
5.479254999999999853e+01
5.480684999999999718e+01
5.574714999999999776e+01
5.660385000000000133e+01
5.718824999999999648e+01
5.719145000000000323e+01
5.778459999999999752e+01
5.985175000000000267e+01
5.986410000000000053e+01
6.088450000000000273e+01
6.132580000000000098e+01
6.146320000000000050e+01
6.165480000000000160e+01
6.165794999999999959e+01
6.194955000000000211e+01
6.362859999999999872e+01
6.368054999999999666e+01
6.396289999999999765e+01
6.444079999999999586e+01
6.541960000000000264e+01
6.620229999999999393e+01
7.108405000000000484e+01
7.241270000000000095e+01
7.470674999999999955e+01
7.500790000000000646e+01
7.790399999999999636e+01
7.937824999999999420e+01
7.938249999999999318e+01
7.970780000000000598e+01
8.189015000000000555e+01
8.217719999999999914e+01
8.353209999999999980e+01
8.353534999999999400e+01
8.353964999999999463e+01
8.379179999999999495e+01
8.504380000000000450e+01
8.504625000000000057e+01
8.504895000000000493e+01
8.505249999999999488e+01
8.684165000000000134e+01
8.831735000000000468e+01
8.883169999999999789e+01
8.902100000000000080e+01
8.957550000000000523e+01
8.957885000000000275e+01
9.164695000000000391e+01
9.270539999999999736e+01
9.348605000000000587e+01
9.719480000000000075e+01
9.837144999999999584e+01
9.837439999999999429e+01
9.837824999999999420e+01
9.904630000000000223e+01
9.905004999999999882e+01
9.905469999999999686e+01
9.957954999999999757e+01
1.013558000000000021e+02
1.031174000000000035e+02
1.031226000000000056e+02
1.034219999999999970e+02
1.034251000000000005e+02
1.046415999999999968e+02
1.046515500000000003e+02
1.057769499999999994e+02
1.060469499999999954e+02
1.062125999999999948e+02
1.075121000000000038e+02
1.089341500000000025e+02
1.098468500000000034e+02
1.111427999999999940e+02
1.126117500000000007e+02
1.126152000000000015e+02
1.126339499999999987e+02
1.132457500000000010e+02
1.132500000000000000e+02
1.140311499999999967e+02
1.146332500000000039e+02
1.153243499999999955e+02
1.153354999999999961e+02
1.168681500000000000e+02
1.168712500000000034e+02
1.175405499999999961e+02
1.202680500000000023e+02
1.202713999999999999e+02
1.235756499999999960e+02
1.244142499999999956e+02
1.264898500000000041e+02
1.274218500000000063e+02
1.274250499999999988e+02
1.284930999999999983e+02
1.284955999999999960e+02
1.284990500000000111e+02
1.306587499999999977e+02
1.306617500000000121e+02
1.306656999999999869e+02
1.314167500000000075e+02
1.320087000000000046e+02
1.320124500000000012e+02
1.342622000000000071e+02
1.342654499999999871e+02
1.342701500000000010e+02
1.351005999999999858e+02
1.361716999999999871e+02
1.393603500000000111e+02
1.393637999999999977e+02
1.400499499999999955e+02
1.418052999999999884e+02
1.432632499999999993e+02
1.464135499999999865e+02
1.464187000000000012e+02
1.480523499999999899e+02
1.480555999999999983e+02
1.510953000000000088e+02
1.517458499999999901e+02
1.517489999999999952e+02
1.533248499999999979e+02
1.533277500000000089e+02
1.533308499999999981e+02
1.533365000000000009e+02
1.535978000000000065e+02
1.593142499999999870e+02
1.593172000000000139e+02
1.593201999999999998e+02
1.599851999999999919e+02
1.599875999999999863e+02
1.599901499999999999e+02
1.599930500000000109e+02
1.606354499999999916e+02
1.627642999999999915e+02
1.646638000000000090e+02
1.653809500000000128e+02
1.660139000000000067e+02
1.660169999999999959e+02
1.660202500000000043e+02
1.683906499999999937e+02
1.689461000000000013e+02
1.689492999999999938e+02
1.689866000000000099e+02
1.717593999999999994e+02
1.734675000000000011e+02
1.734702000000000055e+02
1.734736000000000047e+02
1.736841499999999883e+02
1.736885000000000048e+02
1.740197000000000003e+02
1.740249499999999898e+02
1.746490000000000009e+02
1.752331499999999949e+02
1.763791500000000099e+02
1.778178499999999929e+02
1.778217500000000086e+02
1.784210999999999956e+02
1.789466500000000053e+02
1.789519500000000107e+02
1.798638500000000136e+02
1.798693000000000097e+02
1.812720999999999947e+02
1.812752999999999872e+02
1.816786500000000046e+02
1.822290000000000134e+02
1.839491999999999905e+02
1.839528999999999996e+02
1.848488999999999862e+02
1.848546499999999924e+02
1.848579499999999882e+02
1.855835500000000025e+02
1.874960499999999968e+02
1.883225999999999942e+02
1.883259500000000060e+02
1.883319999999999936e+02
1.887945499999999868e+02
1.887974499999999978e+02
1.888003500000000088e+02
1.892316500000000019e+02
1.915764499999999941e+02
1.927033000000000129e+02
1.930115000000000123e+02
1.930141000000000133e+02
1.930167999999999893e+02
1.930201500000000010e+02
1.940624500000000126e+02
1.940660499999999900e+02
1.940764499999999941e+02
1.941818000000000097e+02
1.944190000000000111e+02
1.944787000000000035e+02
1.951860499999999945e+02
1.962093000000000131e+02
1.962128500000000031e+02
1.969592000000000098e+02
1.969619500000000016e+02
1.969646999999999935e+02
1.969687500000000000e+02
1.972957499999999982e+02
1.981254500000000007e+02
1.991496500000000083e+02
1.991525499999999909e+02
1.991557999999999993e+02
1.991639999999999873e+02
1.998661500000000046e+02
1.998695999999999913e+02
1.998740500000000111e+02
2.002161499999999990e+02
2.002213000000000136e+02
2.019928500000000042e+02
2.019956999999999994e+02
2.026876499999999908e+02
2.029567499999999995e+02
2.029921500000000094e+02
2.029960000000000093e+02
2.038498500000000035e+02
2.038550500000000056e+02
2.048751499999999908e+02
2.048779000000000110e+02
2.048806999999999903e+02
2.048862499999999898e+02
2.052953500000000133e+02
2.058616000000000099e+02
2.062956499999999949e+02
2.062990000000000066e+02
2.066962000000000046e+02
2.067049000000000092e+02
2.067750499999999931e+02
2.068272000000000048e+02
2.084530000000000030e+02
2.084565499999999929e+02
2.092950500000000034e+02
2.093009000000000128e+02
2.098122500000000059e+02
2.109580499999999859e+02
2.120604500000000030e+02
2.120637000000000114e+02
2.120842499999999973e+02
2.126567499999999882e+02
2.126602499999999907e+02
2.130709500000000105e+02
2.130861999999999910e+02
2.139001499999999965e+02
2.153336500000000058e+02
2.153372999999999990e+02
2.153420000000000130e+02
2.161322999999999865e+02
2.161439499999999896e+02
2.164409499999999866e+02
2.174424999999999955e+02
2.175893499999999960e+02
2.175923500000000104e+02
2.175954000000000121e+02
2.176910000000000025e+02
2.182849999999999966e+02
2.182878499999999917e+02
2.182912000000000035e+02
2.186538999999999930e+02
2.186570499999999981e+02
2.186604499999999973e+02
2.197127499999999998e+02
2.198922000000000025e+02
2.198951500000000010e+02
2.198983000000000061e+02
2.208644999999999925e+02
2.208700000000000045e+02
2.213908999999999878e+02
2.213940499999999929e+02
2.223055999999999983e+02
2.233560999999999979e+02
2.233587499999999864e+02
2.233614000000000033e+02
2.233645999999999958e+02
2.233769000000000062e+02
2.239061499999999967e+02
2.239084499999999878e+02
2.239112000000000080e+02
2.241518499999999960e+02
2.241560000000000059e+02
2.250328000000000088e+02
2.250358999999999980e+02
2.252843000000000018e+02
2.262384500000000003e+02
2.262413500000000113e+02
2.264620999999999924e+02
2.270897999999999968e+02
2.270936499999999967e+02
2.276981499999999983e+02
2.277009999999999934e+02
2.277040000000000077e+02
2.277814500000000066e+02
2.286066999999999894e+02
2.286094999999999970e+02
2.286122000000000014e+02
2.302404999999999973e+02
2.302430500000000109e+02
2.302456999999999994e+02
2.302487000000000137e+02
2.311281500000000051e+02
2.315371499999999969e+02
2.315441500000000019e+02
2.326206999999999994e+02
2.326234499999999912e+02
2.326299999999999955e+02
2.330043000000000006e+02
2.330068499999999858e+02
2.332645500000000141e+02
2.332676999999999907e+02
2.332739500000000135e+02
2.336221999999999923e+02
2.336246500000000026e+02
2.336272999999999911e+02
2.336307500000000061e+02
2.339609000000000094e+02
2.339692499999999882e+02
2.345795500000000118e+02
2.345843999999999880e+02
2.345874000000000024e+02
2.351191499999999905e+02
2.351245499999999993e+02
2.355212999999999965e+02
2.355236999999999910e+02
2.355286999999999864e+02
2.355340999999999951e+02
2.359261500000000069e+02
2.359289499999999862e+02
2.359318499999999972e+02
2.359412499999999966e+02
2.364641000000000020e+02
2.364678499999999985e+02
2.371616500000000087e+02
2.371671000000000049e+02
2.371704499999999882e+02
2.371846500000000049e+02
2.373887499999999875e+02
2.379795499999999890e+02
2.379824000000000126e+02
2.379864499999999907e+02
2.384047999999999945e+02
2.386540999999999997e+02
2.386619000000000028e+02
2.386766499999999951e+02
2.396792000000000087e+02
2.396815499999999872e+02
2.396838999999999942e+02
2.396866499999999860e+02
2.402645500000000141e+02
2.402669999999999959e+02
2.402694500000000062e+02
2.402723499999999888e+02
2.402780999999999949e+02
2.406107499999999959e+02
2.406133499999999970e+02
2.406160500000000013e+02
2.406203500000000020e+02
2.413586999999999989e+02
2.413616000000000099e+02
2.413648499999999899e+02
2.420967499999999859e+02
2.421019000000000005e+02
2.421049500000000023e+02
2.428152000000000044e+02
2.428185499999999877e+02
2.430809000000000140e+02
2.430838999999999999e+02
2.430878500000000031e+02
2.441999500000000012e+02
2.442026500000000055e+02
2.442053500000000099e+02
2.444714500000000044e+02
2.448200500000000090e+02
2.448232500000000016e+02
2.448269999999999982e+02
2.453510499999999865e+02
2.453537499999999909e+02
2.453603999999999985e+02
2.459986000000000104e+02
2.460028000000000077e+02
2.468064999999999998e+02
2.468088500000000067e+02
2.468114500000000078e+02
2.470850499999999954e+02
2.470893000000000086e+02
2.475516499999999951e+02
2.475555999999999983e+02
2.480942499999999882e+02
2.484918499999999995e+02
2.484948500000000138e+02
2.484979500000000030e+02
2.488967499999999973e+02
2.488997999999999990e+02
2.489030999999999949e+02
2.489112499999999955e+02
2.490366999999999962e+02
2.493591999999999871e+02
2.493651999999999873e+02
2.502461999999999875e+02
2.502487000000000137e+02
2.502511499999999955e+02
2.506912499999999966e+02
2.506940500000000043e+02
2.506968500000000120e+02
2.514982500000000130e+02
2.515012000000000114e+02
2.515046000000000106e+02
2.516814500000000123e+02
2.519458500000000072e+02
2.519490999999999872e+02
2.531551499999999919e+02
2.531574999999999989e+02
2.531600500000000125e+02
2.531629000000000076e+02
2.539234999999999900e+02
2.539338500000000067e+02
2.542105999999999995e+02
2.554571500000000128e+02
2.554600000000000080e+02
2.565492499999999723e+02
2.565523499999999899e+02
2.565560500000000275e+02
2.570460499999999797e+02
2.570488500000000158e+02
2.570516999999999825e+02
2.570559499999999957e+02
2.579947500000000105e+02
2.579971499999999764e+02
2.580024000000000228e+02
2.580063000000000102e+02
2.582850999999999999e+02
2.592743500000000267e+02
2.592774000000000001e+02
2.592803000000000111e+02
2.592839999999999918e+02
2.603324499999999944e+02
2.603352499999999736e+02
2.603381499999999846e+02
2.609981500000000096e+02
2.612513000000000147e+02
2.612538499999999999e+02
2.612563499999999976e+02
2.612597000000000094e+02
2.612713499999999840e+02
2.616854500000000030e+02
2.616879999999999882e+02
2.616906000000000176e+02
2.620595999999999890e+02
2.620634499999999889e+02
2.625160000000000196e+02
2.625192999999999870e+02
2.625232500000000186e+02
2.632105999999999995e+02
2.632135499999999979e+02
2.632173999999999978e+02
2.639812499999999886e+02
2.639840500000000247e+02
2.645345500000000243e+02
2.647871000000000095e+02
2.647896999999999821e+02
2.647937000000000012e+02
2.654033000000000015e+02
2.654058499999999867e+02
2.654123000000000161e+02
2.666130499999999870e+02
2.666157499999999914e+02
2.666186500000000024e+02
2.675690999999999917e+02
2.675722499999999968e+02
2.682474500000000148e+02
2.682563499999999976e+02
2.695013000000000147e+02
2.695039499999999748e+02
2.695066499999999792e+02
2.704741500000000087e+02
2.704766500000000065e+02
2.704791999999999916e+02
2.704825999999999908e+02
2.718976999999999862e+02
2.725846500000000106e+02
2.725877500000000282e+02
2.725909500000000207e+02
2.730998500000000035e+02
2.731798999999999751e+02
2.739760999999999740e+02
2.739793500000000108e+02
2.739827500000000100e+02
2.739879999999999995e+02
2.739915500000000179e+02
2.742576999999999998e+02
2.742604999999999791e+02
2.742644000000000233e+02
2.747982499999999959e+02
2.748007999999999811e+02
2.748034499999999980e+02
2.748066999999999780e+02
2.754560000000000173e+02
2.758627500000000055e+02
2.766478999999999928e+02
2.766508999999999787e+02
2.766541000000000281e+02
2.766571999999999889e+02
2.778530499999999961e+02
2.778607499999999959e+02
2.788009999999999877e+02
2.788039999999999736e+02
2.800078500000000190e+02
2.800104999999999791e+02
2.800132500000000277e+02
2.808306999999999789e+02
2.808343499999999722e+02
2.813377500000000282e+02
2.813405500000000075e+02
2.813436500000000251e+02
2.827769499999999994e+02
2.827801999999999794e+02
2.835947499999999764e+02
2.835978000000000065e+02
2.836004500000000235e+02
2.847178000000000111e+02
2.858381499999999846e+02
2.858410499999999956e+02
2.858441500000000133e+02
2.866582500000000095e+02
2.871107000000000085e+02
2.871143000000000143e+02
2.871176500000000260e+02
2.874489500000000248e+02
2.874775999999999954e+02
2.881913000000000125e+02
2.881942500000000109e+02
2.881976999999999975e+02
2.882063499999999863e+02
2.885550499999999943e+02
2.896795999999999935e+02
2.896832499999999868e+02
2.921762499999999818e+02
2.921789499999999862e+02
2.921816499999999905e+02
2.921853500000000281e+02
2.925891500000000178e+02
2.937838499999999726e+02
2.950521499999999833e+02
2.950921000000000163e+02
2.957580500000000256e+02
2.957606499999999983e+02
2.957630500000000211e+02
2.957672000000000025e+02
2.966566000000000258e+02
2.966603000000000065e+02
2.977710999999999899e+02
2.983021499999999833e+02
2.988607999999999834e+02
2.992613499999999931e+02
3.009220500000000129e+02
3.016070500000000152e+02
3.041655499999999961e+02
3.042343000000000188e+02
3.054099499999999807e+02
3.054345999999999890e+02
3.056266499999999837e+02
3.057300500000000056e+02
3.059211000000000240e+02
3.061564999999999941e+02
3.062128999999999905e+02
3.063574499999999716e+02
3.064467999999999961e+02
3.070659999999999741e+02
3.079060000000000059e+02
3.103097000000000207e+02
3.107090999999999781e+02
3.127353499999999826e+02
3.148214500000000271e+02
3.149021000000000186e+02
3.175005499999999756e+02
3.186105000000000018e+02
3.193145000000000095e+02
3.199060499999999934e+02
3.204014000000000237e+02
3.214419500000000198e+02
3.223383999999999787e+02
3.228789499999999748e+02
3.259456000000000131e+02
3.264069999999999823e+02
3.264753499999999917e+02
3.266163999999999987e+02
3.276143500000000017e+02
3.279334999999999809e+02
3.281193000000000097e+02
3.283299000000000092e+02
3.292326499999999783e+02
3.294605000000000246e+02
3.295748500000000263e+02
3.299517500000000041e+02
3.301508999999999787e+02
3.311046999999999798e+02
3.344393499999999904e+02
3.355418500000000108e+02
3.376050000000000182e+02
3.381764499999999884e+02
3.384908500000000231e+02
3.393142500000000155e+02
3.407072499999999877e+02
3.429109000000000265e+02
3.430677499999999895e+02
3.460271999999999935e+02
3.462226999999999748e+02
3.468568500000000085e+02
3.469995000000000118e+02
3.471521999999999935e+02
3.476290500000000065e+02
3.477799999999999727e+02
3.493532000000000153e+02
3.493790000000000191e+02
3.497445500000000038e+02
3.501012000000000057e+02
3.502597499999999968e+02
3.503067500000000223e+02
3.529568499999999744e+02
3.535676500000000146e+02
3.568525000000000205e+02
3.589497499999999945e+02
3.602624500000000012e+02
3.607554000000000087e+02
3.614376500000000192e+02
3.617395500000000084e+02
3.621929499999999962e+02
3.632848999999999933e+02
3.636515499999999861e+02
3.638516500000000065e+02
3.644390500000000088e+02
3.655273500000000126e+02
3.665904499999999757e+02
3.706596499999999992e+02
3.725868500000000267e+02
3.728422499999999786e+02
3.731700500000000034e+02
3.737342499999999745e+02
3.742208999999999719e+02
3.743720999999999890e+02
3.744562999999999988e+02
3.747184500000000185e+02
3.749956500000000119e+02
3.751068000000000211e+02
3.765844999999999914e+02
3.781397000000000048e+02
3.785822999999999752e+02
3.787667500000000018e+02
3.788540499999999724e+02
3.791298499999999763e+02
3.811705499999999915e+02
3.830194999999999936e+02
3.871232999999999720e+02
3.892383500000000254e+02
3.918595500000000129e+02
3.918640500000000202e+02
3.924267500000000268e+02
3.938889500000000226e+02
3.948674500000000194e+02
3.953977499999999736e+02
3.954014000000000237e+02
3.975670000000000073e+02
3.977309500000000071e+02
3.985557000000000016e+02
3.989010499999999979e+02
3.993463499999999726e+02
4.029569000000000187e+02
4.029600500000000238e+02
4.029632500000000164e+02
4.029669999999999845e+02
4.033041000000000054e+02
4.052040000000000077e+02
4.052191000000000258e+02
4.076052500000000123e+02
4.086198999999999728e+02
4.092862499999999955e+02
4.098362999999999943e+02
4.119501000000000204e+02
4.135441999999999894e+02
4.137289499999999975e+02
4.146344000000000278e+02
4.152060999999999922e+02
4.152099499999999921e+02
4.159288000000000238e+02
4.166684999999999945e+02
4.167251499999999851e+02
4.170298999999999978e+02
4.170622500000000059e+02
4.173822499999999991e+02
4.178619499999999789e+02
4.179553000000000225e+02
4.237316500000000019e+02
4.251746499999999855e+02
4.255471000000000004e+02
4.263459500000000162e+02
4.263752499999999941e+02
4.265916500000000156e+02
4.269667999999999779e+02
4.269698000000000206e+02
4.272243000000000279e+02
4.288453999999999837e+02
4.295004000000000133e+02
4.308473999999999933e+02
4.314248499999999922e+02
4.324148500000000013e+02
4.325427999999999997e+02
4.335339999999999918e+02
4.347576000000000249e+02
4.347606999999999857e+02
4.347644999999999982e+02
4.356890000000000214e+02
4.377955499999999915e+02
4.385237500000000068e+02
4.394091999999999985e+02
4.405700499999999806e+02
4.420382000000000176e+02
4.422323499999999967e+02
4.444534499999999753e+02
4.449134000000000242e+02
4.463960999999999899e+02
4.464635499999999979e+02
4.464863000000000284e+02
4.472228999999999814e+02
4.474213500000000181e+02
4.480570999999999913e+02
4.506284499999999866e+02
4.535260000000000105e+02
4.535292999999999779e+02
4.535332999999999970e+02
4.540720499999999902e+02
4.540748500000000263e+02
4.540840000000000032e+02
4.545891500000000178e+02
4.545921000000000163e+02
4.545991999999999962e+02
4.565412999999999784e+02
4.583237500000000182e+02
4.584656499999999824e+02
4.594210499999999797e+02
4.594247500000000173e+02
4.594356999999999971e+02
4.601533499999999890e+02
4.605701999999999998e+02
4.638164499999999748e+02
4.655384500000000116e+02
4.658592499999999745e+02
4.680394000000000005e+02
4.680586999999999875e+02
4.709098999999999933e+02
4.709131499999999733e+02
4.723190500000000043e+02
4.744569999999999936e+02
4.751301500000000146e+02
4.751336999999999762e+02
4.768627500000000055e+02
4.773946000000000254e+02
4.773992999999999824e+02
4.791288499999999999e+02
4.795005499999999756e+02
4.796849500000000148e+02
4.800645499999999970e+02
4.807570000000000050e+02
4.810931499999999801e+02
4.812035500000000070e+02
4.812564499999999725e+02
4.813383999999999787e+02
4.817168500000000222e+02
4.818976499999999987e+02
4.819911999999999921e+02
4.823977499999999736e+02
4.825728500000000167e+02
4.826157999999999788e+02
4.826533499999999890e+02
4.827704499999999825e+02
4.848373500000000149e+02
4.850071500000000242e+02
4.856986499999999864e+02
4.881671000000000049e+02
4.888607999999999834e+02
4.888637499999999818e+02
4.888676500000000260e+02
4.888709999999999809e+02
4.891014999999999873e+02
4.891055999999999813e+02
4.908516999999999939e+02
4.917118500000000267e+02
4.921233500000000163e+02
4.929839499999999930e+02
4.933598000000000070e+02
4.933630499999999870e+02
4.933686999999999898e+02
4.939424999999999955e+02
4.942072000000000003e+02
4.942112500000000068e+02
4.953475500000000125e+02
4.953512000000000057e+02
4.955596499999999764e+02
4.969440999999999917e+02
4.976030000000000086e+02
4.985668999999999755e+02
4.985931499999999801e+02
5.000264500000000112e+02
5.025450000000000159e+02
5.033535499999999843e+02
5.033575000000000159e+02
5.037871499999999969e+02
5.058140999999999963e+02
5.061650500000000079e+02
5.067316999999999894e+02
5.099270000000000209e+02
5.099302500000000009e+02
5.104970000000000141e+02
5.105765499999999975e+02
5.105799000000000092e+02
5.137809499999999616e+02
5.151541499999999587e+02
5.160665500000000065e+02
5.160724999999999909e+02
5.164185499999999820e+02
5.165924999999999727e+02
5.169233500000000276e+02
5.179494499999999562e+02
5.179520999999999731e+02
5.179550500000000284e+02
5.179655000000000200e+02
5.183251999999999953e+02
5.183282500000000255e+02
5.183316999999999553e+02
5.187444500000000289e+02
5.188454500000000280e+02
5.198909999999999627e+02
5.205562499999999773e+02
5.226387999999999465e+02
5.229349999999999454e+02
5.229378500000000258e+02
5.229410500000000184e+02
5.244013999999999669e+02
5.252744000000000142e+02
5.252777999999999565e+02
5.271787500000000364e+02
5.271894499999999653e+02
5.287966499999999996e+02
5.287995499999999538e+02
5.288029500000000098e+02
5.292172000000000480e+02
5.300262500000000045e+02
5.307667500000000018e+02
5.313684500000000526e+02
5.313720499999999447e+02
5.321147499999999582e+02
5.321180000000000518e+02
5.323390000000000555e+02
5.328523500000000013e+02
5.340922500000000355e+02
5.346186500000000024e+02
5.346214999999999691e+02
5.346249000000000251e+02
5.352450000000000045e+02
5.368205500000000256e+02
5.371350999999999658e+02
5.374575499999999693e+02
5.388893000000000484e+02
5.392653999999999996e+02
5.392961500000000115e+02
5.394596000000000231e+02
5.397531000000000176e+02
5.397580000000000382e+02
5.400150499999999738e+02
5.402495999999999867e+02
5.406639499999999998e+02
5.407607500000000300e+02
5.408170000000000073e+02
5.408626500000000306e+02
5.414026499999999942e+02
5.417997000000000298e+02
5.421479000000000497e+02
5.421846500000000333e+02
5.422753000000000156e+02
5.423436000000000377e+02
5.424710000000000036e+02
5.425445499999999583e+02
5.435692999999999984e+02
5.437248499999999467e+02
5.442314999999999827e+02
5.445875999999999522e+02
5.448699500000000171e+02
5.449221499999999878e+02
5.449488000000000056e+02
5.449519500000000107e+02
5.449865999999999531e+02
5.451257000000000517e+02
5.451561000000000377e+02
5.456838500000000067e+02
5.457286000000000286e+02
5.467174999999999727e+02
5.469404500000000553e+02
5.478348999999999478e+02
5.492196500000000015e+02
5.498488499999999704e+02
5.502120499999999765e+02
5.519660000000000082e+02
5.543144999999999527e+02
5.564220500000000129e+02
5.580518499999999449e+02
5.580547500000000127e+02
5.588759999999999764e+02
5.597754999999999654e+02
5.598080999999999676e+02
5.599703500000000531e+02
5.609000499999999647e+02
5.612577999999999747e+02
5.630667999999999438e+02
5.630695500000000493e+02
5.630724999999999909e+02
5.634862500000000409e+02
5.637436000000000149e+02
5.638242500000000064e+02
5.648052500000000009e+02
5.648801499999999578e+02
5.649531500000000506e+02
5.652542999999999438e+02
5.654713500000000295e+02
5.655163000000000011e+02
5.656346499999999651e+02
5.657659999999999627e+02
5.659364500000000362e+02
5.665533000000000357e+02
5.668442499999999882e+02
5.668543499999999540e+02
5.671907999999999674e+02
5.682278499999999894e+02
5.687871000000000095e+02
5.695172499999999900e+02
5.698240500000000566e+02
5.706775999999999840e+02
