9.113649999999999807e+00
1.151699999999999946e+01
1.253234999999999921e+01
1.363419999999999987e+01
1.468445000000000000e+01
1.528444999999999965e+01
1.692834999999999823e+01
3.872814999999999941e+01
3.904744999999999777e+01
3.915019999999999811e+01
3.936410000000000053e+01
4.004099999999999682e+01
4.042190000000000083e+01
4.043139999999999645e+01
4.178804999999999836e+01
4.192549999999999955e+01
4.193054999999999666e+01
4.328790000000000049e+01
4.843430000000000035e+01
4.879950000000000188e+01
5.073344999999999771e+01
5.270190000000000197e+01
6.359895000000000209e+01
6.524280000000000257e+01
6.666925000000000523e+01
6.922735000000000127e+01
6.977939999999999543e+01
7.023645000000000493e+01
7.032035000000000480e+01
7.057850000000000534e+01
7.354184999999999661e+01
7.643049999999999500e+01
7.643385000000000673e+01
7.643859999999999388e+01
7.644304999999999950e+01
7.646550000000000580e+01
7.647695000000000221e+01
7.739490000000000691e+01
7.813915000000000077e+01
8.417804999999999893e+01
8.898624999999999829e+01
9.022589999999999577e+01
9.156995000000000573e+01
9.168444999999999823e+01
9.169140000000000157e+01
9.292220000000000368e+01
9.294129999999999825e+01
9.429019999999999868e+01
9.556850000000000023e+01
9.658395000000000152e+01
9.661969999999999459e+01
9.663689999999999714e+01
1.020829499999999967e+02
1.020891000000000020e+02
1.072348499999999945e+02
1.085348500000000058e+02
1.099068500000000057e+02
1.111222999999999956e+02
1.114736999999999938e+02
1.132103500000000054e+02
1.171650999999999954e+02
1.193739000000000061e+02
1.201572500000000048e+02
1.201681499999999971e+02
1.229660499999999956e+02
1.230639999999999930e+02
1.275019000000000062e+02
1.276958000000000055e+02
1.278678500000000042e+02
1.278829000000000065e+02
1.342802499999999952e+02
1.350904500000000041e+02
1.351399499999999989e+02
1.376610499999999888e+02
1.376968999999999994e+02
1.379739999999999895e+02
1.396605500000000006e+02
1.396647000000000105e+02
1.396992999999999938e+02
1.403517500000000098e+02
1.418900999999999897e+02
1.437204499999999996e+02
1.437305000000000064e+02
1.445766000000000133e+02
1.445899000000000001e+02
1.446178999999999917e+02
1.453839000000000112e+02
1.464869500000000073e+02
1.465020000000000095e+02
1.465067500000000109e+02
1.485269000000000119e+02
1.621768500000000017e+02
1.628347500000000139e+02
1.628414999999999964e+02
1.631909499999999866e+02
1.634936999999999898e+02
1.637640499999999975e+02
1.644096999999999866e+02
1.652990499999999940e+02
1.653176499999999862e+02
1.705483499999999992e+02
1.711245499999999993e+02
1.711348500000000001e+02
1.711691500000000019e+02
1.731930999999999869e+02
1.733155999999999892e+02
1.783350000000000080e+02
1.787383000000000095e+02
1.788495000000000061e+02
1.789889499999999884e+02
1.796610499999999888e+02
1.796701500000000067e+02
1.886397499999999923e+02
1.886456499999999892e+02
1.887316999999999894e+02
1.887613499999999931e+02
1.950019000000000062e+02
1.956694999999999993e+02
1.958089500000000100e+02
1.958247000000000071e+02
1.958295500000000118e+02
1.958343500000000006e+02
2.065993499999999869e+02
2.071188500000000090e+02
2.077350000000000136e+02
2.077427000000000135e+02
2.277942999999999927e+02
2.287643500000000074e+02
2.287705499999999859e+02
2.294054999999999893e+02
2.298804000000000087e+02
2.298821499999999958e+02
2.309494500000000130e+02
2.309610500000000002e+02
2.309670999999999879e+02
2.323685499999999990e+02
2.324016499999999894e+02
2.327416000000000054e+02
2.328586500000000115e+02
2.348586500000000115e+02
2.350783000000000129e+02
2.375816000000000088e+02
2.376101500000000044e+02
2.376206500000000119e+02
2.428695500000000038e+02
2.428788499999999999e+02
2.438429999999999893e+02
2.440208499999999958e+02
2.440738499999999931e+02
2.442599999999999909e+02
2.452880499999999984e+02
2.462889999999999873e+02
2.583905500000000188e+02
2.610007499999999823e+02
2.613442499999999882e+02
2.646661500000000160e+02
2.658740000000000236e+02
2.676458000000000084e+02
2.731542000000000030e+02
2.756277999999999793e+02
2.788265999999999849e+02
2.788435000000000059e+02
2.790233999999999810e+02
2.791956500000000005e+02
2.792227500000000191e+02
2.794689999999999941e+02
2.795074999999999932e+02
2.796097500000000196e+02
2.796167500000000246e+02
2.798462999999999852e+02
2.798813999999999851e+02
2.798956499999999892e+02
2.800150499999999738e+02
2.801619999999999777e+02
2.802887499999999932e+02
2.806023999999999887e+02
2.806363499999999931e+02
2.808612499999999841e+02
2.809227500000000077e+02
2.809851499999999760e+02
2.812171000000000163e+02
2.813295499999999834e+02
2.816994000000000256e+02
2.819427000000000021e+02
2.820017000000000280e+02
2.830550499999999943e+02
2.830837999999999965e+02
2.832505499999999756e+02
2.832597999999999843e+02
2.834862499999999841e+02
2.836137499999999818e+02
2.837999500000000239e+02
2.838236499999999864e+02
2.844785999999999717e+02
2.845665500000000065e+02
2.851867500000000177e+02
2.854816000000000145e+02
2.854910499999999729e+02
2.859264000000000010e+02
2.863412000000000148e+02
2.866947999999999865e+02
2.868174000000000206e+02
2.871881999999999948e+02
2.890813499999999863e+02
2.957989000000000033e+02
3.018342000000000098e+02
3.036225499999999897e+02
3.103919999999999959e+02
3.134240500000000225e+02
3.134367500000000177e+02
3.138515499999999747e+02
3.146802500000000009e+02
3.160285499999999956e+02
3.160404500000000212e+02
3.257633000000000152e+02
3.265215499999999906e+02
3.285645000000000095e+02
3.297555500000000279e+02
3.297735999999999876e+02
3.401773499999999899e+02
3.434821000000000026e+02
3.553977499999999736e+02
3.565903500000000008e+02
3.650979500000000257e+02
3.656545499999999720e+02
3.656788500000000113e+02
3.686541000000000281e+02
3.686706500000000233e+02
3.705124999999999886e+02
3.713450500000000147e+02
3.723184499999999844e+02
3.734341499999999883e+02
3.743679999999999950e+02
3.748004000000000246e+02
3.781193499999999972e+02
3.790076000000000249e+02
3.794499999999999886e+02
3.974832999999999856e+02
3.999990000000000236e+02
4.024366999999999734e+02
4.028211000000000013e+02
4.038339500000000157e+02
4.048525999999999954e+02
4.053297999999999774e+02
4.057604499999999916e+02
4.071662499999999909e+02
4.076158500000000231e+02
4.081230499999999779e+02
4.081356999999999857e+02
4.090958999999999719e+02
4.117441499999999905e+02
4.119598500000000172e+02
4.169130999999999858e+02
4.306756500000000187e+02
4.337366000000000099e+02
4.361799500000000194e+02
4.417877500000000168e+02
4.418281499999999937e+02
4.418425500000000170e+02
4.418727499999999964e+02
4.437787500000000023e+02
4.487196999999999889e+02
4.487903499999999894e+02
4.500504500000000121e+02
4.545876000000000090e+02
4.555056999999999903e+02
4.633577000000000226e+02
4.676519499999999994e+02
4.731779999999999973e+02
4.754471500000000219e+02
4.754753499999999917e+02
4.755102999999999724e+02
4.755169000000000210e+02
4.755193499999999744e+02
4.756114000000000033e+02
4.764238000000000284e+02
4.774547000000000025e+02
4.774603000000000179e+02
4.828723499999999831e+02
4.845937000000000126e+02
4.855500000000000114e+02
4.891209000000000060e+02
4.893047500000000127e+02
4.907175500000000170e+02
4.914760499999999865e+02
4.916795500000000061e+02
4.919980499999999779e+02
4.922468999999999824e+02
4.926957499999999754e+02
4.927091500000000224e+02
4.929168500000000108e+02
4.935432000000000130e+02
4.938285500000000070e+02
4.938341500000000224e+02
4.938408499999999890e+02
4.947657500000000255e+02
4.947716500000000224e+02
4.948256499999999960e+02
4.949820500000000152e+02
4.955577000000000112e+02
4.967123000000000275e+02
4.967177500000000236e+02
4.967395000000000209e+02
4.967609499999999798e+02
4.992024000000000115e+02
5.012875999999999976e+02
5.034315500000000156e+02
5.050212999999999965e+02
5.066706500000000233e+02
5.196289500000000317e+02
5.196378999999999451e+02
5.205951000000000022e+02
5.206186999999999898e+02
5.206282999999999674e+02
5.206341999999999643e+02
5.206777499999999463e+02
5.207243499999999585e+02
5.207314499999999953e+02
5.207480000000000473e+02
5.208197999999999865e+02
5.208265499999999975e+02
5.210200499999999693e+02
5.210736500000000433e+02
5.212105000000000246e+02
5.213179999999999836e+02
5.215114499999999680e+02
5.216621499999999969e+02
5.218705999999999676e+02
5.223603500000000395e+02
5.225030000000000427e+02
5.227156499999999824e+02
5.229924999999999500e+02
5.235008500000000140e+02
5.241237499999999727e+02
5.245563499999999522e+02
5.249325999999999794e+02
5.253154500000000553e+02
5.262567500000000109e+02
5.267777499999999691e+02
5.268060000000000400e+02
5.340688499999999976e+02
5.350420500000000175e+02
5.352537499999999682e+02
5.354171499999999924e+02
5.357528499999999667e+02
5.357591999999999643e+02
5.363328000000000202e+02
5.365882000000000289e+02
5.387806000000000495e+02
5.421612000000000080e+02
5.589975500000000466e+02
5.635267499999999927e+02
5.638592499999999745e+02
5.643663000000000238e+02
5.657782999999999447e+02
5.662018000000000484e+02
5.680487000000000535e+02
5.682696999999999434e+02
5.748645999999999958e+02
5.749201000000000477e+02
5.805258000000000038e+02
5.820788999999999760e+02
5.864752999999999474e+02
5.884624000000000024e+02
5.892764499999999543e+02
5.903495500000000220e+02
5.943121999999999616e+02
5.971935999999999467e+02
6.049224000000000387e+02
6.081305999999999585e+02
6.154539999999999509e+02
6.155208999999999833e+02
6.164836999999999989e+02
6.164908000000000357e+02
6.169552499999999782e+02
6.170440499999999702e+02
6.183739500000000362e+02
6.243705499999999802e+02
6.249851999999999634e+02
6.249895500000000084e+02
6.250222999999999729e+02
6.258624999999999545e+02
6.290942999999999756e+02
6.296087999999999738e+02
6.297145500000000311e+02
6.297709499999999707e+02
6.297951500000000351e+02
6.298005000000000564e+02
6.341481499999999869e+02
6.353134499999999889e+02
6.353195500000000493e+02
6.447324999999999591e+02
6.458939500000000180e+02
6.473544000000000551e+02
6.516054500000000189e+02
