7.954349999999999810e+00
9.084099999999999397e+00
9.138700000000000045e+00
9.144999999999999574e+00
1.018094999999999928e+01
1.080349999999999966e+01
1.145229999999999926e+01
1.145695000000000086e+01
1.367955000000000076e+01
1.369599999999999973e+01
1.370245000000000068e+01
1.418019999999999925e+01
1.421884999999999977e+01
1.480649999999999977e+01
1.515354999999999919e+01
1.524465000000000003e+01
1.525585000000000058e+01
1.535585000000000022e+01
1.558300000000000018e+01
1.617524999999999835e+01
1.625675000000000026e+01
1.626180000000000092e+01
1.676265000000000072e+01
1.736615000000000109e+01
1.774974999999999881e+01
1.792109999999999914e+01
1.848560000000000159e+01
1.870019999999999882e+01
1.880709999999999837e+01
1.967654999999999887e+01
2.077459999999999951e+01
2.089270000000000138e+01
2.098470000000000013e+01
2.135624999999999929e+01
2.141045000000000087e+01
2.185989999999999966e+01
2.193440000000000012e+01
2.195779999999999887e+01
2.200254999999999939e+01
2.293345000000000056e+01
2.296730000000000160e+01
2.432140000000000057e+01
2.533160000000000167e+01
2.650550000000000139e+01
2.689665000000000106e+01
3.033889999999999887e+01
3.141434999999999889e+01
3.160859999999999914e+01
3.203504999999999825e+01
3.475390000000000157e+01
3.744154999999999944e+01
3.748185000000000144e+01
3.815720000000000312e+01
4.044409999999999883e+01
4.167660000000000053e+01
4.544205000000000183e+01
4.609199999999999875e+01
4.774275000000000091e+01
5.109179999999999922e+01
5.120900000000000318e+01
5.132464999999999833e+01
5.167275000000000063e+01
5.176355000000000217e+01
5.356300000000000239e+01
5.367705000000000126e+01
5.638669999999999760e+01
5.693534999999999968e+01
5.726850000000000307e+01
5.743900000000000006e+01
5.888324999999999676e+01
5.943840000000000146e+01
5.944890000000000185e+01
6.005049999999999955e+01
6.371340000000000003e+01
6.575244999999999607e+01
6.612330000000000041e+01
6.859234999999999616e+01
7.081919999999999504e+01
7.104279999999999973e+01
7.105759999999999366e+01
7.178499999999999659e+01
7.329644999999999300e+01
7.472324999999999307e+01
7.504770000000000607e+01
7.510944999999999538e+01
7.632389999999999475e+01
7.868765000000000498e+01
7.946160000000000423e+01
8.046644999999999470e+01
8.158674999999999500e+01
8.301619999999999777e+01
8.303634999999999877e+01
8.504855000000000587e+01
8.506465000000000032e+01
8.821065000000000111e+01
8.932479999999999620e+01
8.996155000000000257e+01
9.115340000000000487e+01
9.313169999999999504e+01
9.491759999999999309e+01
9.651904999999999291e+01
9.669389999999999930e+01
9.695614999999999384e+01
9.704800000000000182e+01
9.725225000000000364e+01
9.737425000000000352e+01
9.769150000000000489e+01
9.937274999999999636e+01
9.988760000000000616e+01
1.008172500000000014e+02
1.013028500000000065e+02
1.023251499999999936e+02
1.033733500000000021e+02
1.040191999999999979e+02
1.059180999999999955e+02
1.123229999999999933e+02
1.135624499999999983e+02
1.165299499999999995e+02
1.165728500000000025e+02
1.170717499999999944e+02
1.176267500000000013e+02
1.176371500000000054e+02
1.177043500000000051e+02
1.177368500000000040e+02
1.181897000000000020e+02
1.191782000000000039e+02
1.206140000000000043e+02
1.261475999999999971e+02
1.303409000000000049e+02
1.336860499999999945e+02
1.372569000000000017e+02
1.375930500000000052e+02
1.388922000000000025e+02
1.392925999999999931e+02
1.409222499999999911e+02
1.409270999999999958e+02
1.443701499999999953e+02
1.474414999999999907e+02
1.479526500000000055e+02
1.479693499999999915e+02
1.482178000000000111e+02
1.510703000000000031e+02
1.521019499999999880e+02
1.529468500000000120e+02
1.537232999999999947e+02
1.547503000000000100e+02
1.563835500000000138e+02
1.568854499999999916e+02
1.581254500000000007e+02
1.598850999999999942e+02
1.609692499999999882e+02
1.612128500000000031e+02
1.619332499999999868e+02
1.619885999999999910e+02
1.625945000000000107e+02
1.627206999999999937e+02
1.629180000000000064e+02
1.629399999999999977e+02
1.629595500000000072e+02
1.632212000000000103e+02
1.639643499999999960e+02
1.647819000000000074e+02
1.648857000000000141e+02
1.648922499999999900e+02
1.651687499999999886e+02
1.651747000000000014e+02
1.692709000000000117e+02
1.711220500000000015e+02
1.720595500000000015e+02
1.727784499999999923e+02
1.728006499999999903e+02
1.728048000000000002e+02
1.740232000000000028e+02
1.741648000000000138e+02
1.780917000000000030e+02
1.839040500000000122e+02
1.839160500000000127e+02
1.868434499999999900e+02
1.904657500000000141e+02
1.921049500000000023e+02
1.924942499999999939e+02
1.931142000000000110e+02
1.934368000000000052e+02
1.952195000000000107e+02
1.969582000000000050e+02
1.992127000000000123e+02
2.041150499999999965e+02
2.055920999999999879e+02
2.055956500000000062e+02
2.056065499999999986e+02
2.056116000000000099e+02
2.059030999999999949e+02
2.061893499999999904e+02
2.063406500000000108e+02
2.066489500000000135e+02
2.073208500000000072e+02
2.076066999999999894e+02
2.082364499999999907e+02
2.085991500000000087e+02
2.098708499999999901e+02
2.100440999999999860e+02
2.107600999999999942e+02
2.113506500000000017e+02
2.149379500000000007e+02
2.151494500000000016e+02
2.183234999999999957e+02
2.192835000000000036e+02
2.195065500000000043e+02
2.203104999999999905e+02
2.205115000000000123e+02
2.207177499999999952e+02
2.217081000000000017e+02
2.217219499999999925e+02
2.221438499999999863e+02
2.227641000000000133e+02
2.227994500000000073e+02
2.233337500000000091e+02
2.237828499999999963e+02
2.248603999999999985e+02
2.266433499999999981e+02
2.269893500000000017e+02
2.316799000000000035e+02
2.330304999999999893e+02
2.343760000000000048e+02
2.349752499999999884e+02
2.362211499999999944e+02
2.366744500000000073e+02
2.372218499999999892e+02
2.388848999999999876e+02
2.416796999999999969e+02
2.428884999999999934e+02
2.429020500000000027e+02
2.435107500000000016e+02
2.435186500000000080e+02
2.435314500000000066e+02
2.437695999999999970e+02
2.440382500000000050e+02
2.444629500000000064e+02
2.452856500000000040e+02
2.457357499999999959e+02
2.521935000000000002e+02
2.522095999999999947e+02
2.531534000000000049e+02
2.531870999999999867e+02
2.546908999999999992e+02
2.549845500000000129e+02
2.551264500000000055e+02
2.553562000000000012e+02
2.557560499999999877e+02
2.560041499999999814e+02
2.565854499999999803e+02
2.592128999999999905e+02
2.593066499999999905e+02
2.610278500000000008e+02
2.630758000000000152e+02
2.670819000000000187e+02
2.673795499999999947e+02
2.679187999999999761e+02
2.680484999999999900e+02
2.696650500000000079e+02
2.717371999999999730e+02
2.728700499999999920e+02
2.734911000000000172e+02
2.766672500000000241e+02
2.801945000000000050e+02
2.824001999999999839e+02
2.835590000000000259e+02
2.883317499999999995e+02
2.889540000000000077e+02
2.896157999999999788e+02
2.910530999999999722e+02
2.921203499999999735e+02
2.941920999999999822e+02
2.965894000000000119e+02
2.989460500000000138e+02
2.989665499999999838e+02
3.001194499999999721e+02
3.008102999999999838e+02
3.020862500000000068e+02
3.035339500000000044e+02
3.062585000000000264e+02
3.062650499999999738e+02
3.071278500000000236e+02
3.071345499999999902e+02
3.085128500000000145e+02
3.110206499999999892e+02
3.110445000000000277e+02
3.121641000000000190e+02
3.123695999999999913e+02
3.146693999999999960e+02
3.149685999999999808e+02
3.163496999999999844e+02
3.163756000000000199e+02
3.164041500000000156e+02
3.167377500000000055e+02
3.183578999999999724e+02
3.203837500000000205e+02
3.205335000000000036e+02
3.212538999999999874e+02
3.222266000000000190e+02
3.265997499999999718e+02
3.288075999999999794e+02
3.296761500000000069e+02
3.300291500000000156e+02
3.303330500000000143e+02
3.312633500000000026e+02
3.313781000000000176e+02
3.330312999999999874e+02
3.332970500000000129e+02
3.388673499999999876e+02
3.404109500000000139e+02
3.466433499999999981e+02
3.476247000000000185e+02
3.488373000000000275e+02
3.495890999999999735e+02
3.499549499999999966e+02
3.520469499999999812e+02
3.537733999999999810e+02
3.541852499999999964e+02
3.573432500000000118e+02
3.576426999999999907e+02
3.586689999999999827e+02
3.605552999999999884e+02
3.622778500000000008e+02
3.622848000000000184e+02
3.656109000000000151e+02
3.660348999999999933e+02
3.660634999999999764e+02
3.661427499999999782e+02
3.679272000000000276e+02
3.679636499999999728e+02
3.711161500000000046e+02
3.727594000000000278e+02
3.733813999999999851e+02
3.741467999999999847e+02
3.747013499999999908e+02
3.763129500000000007e+02
3.792361999999999966e+02
3.833242500000000064e+02
3.834211000000000240e+02
3.838825499999999806e+02
3.845344999999999800e+02
3.872024499999999989e+02
3.897345500000000129e+02
3.922409499999999980e+02
3.932704499999999825e+02
3.937871499999999969e+02
3.942368999999999915e+02
3.951868000000000052e+02
3.956400499999999738e+02
3.959916000000000054e+02
3.960716499999999769e+02
3.961193000000000097e+02
3.965914000000000215e+02
3.970489499999999907e+02
3.971351500000000101e+02
3.972069500000000062e+02
3.980288499999999772e+02
3.980514499999999884e+02
3.980726999999999975e+02
3.984637999999999920e+02
3.989248999999999796e+02
3.989938999999999965e+02
3.991555999999999926e+02
3.994603999999999928e+02
3.995595000000000141e+02
4.000190999999999804e+02
4.006518500000000245e+02
4.007729499999999803e+02
4.008609999999999900e+02
4.010759499999999775e+02
4.010807500000000232e+02
4.016105000000000018e+02
4.018995499999999765e+02
4.020221000000000231e+02
4.023528999999999769e+02
4.027250000000000227e+02
4.032615999999999872e+02
4.046179500000000075e+02
4.056773999999999774e+02
4.060706500000000005e+02
4.066433499999999981e+02
4.070102999999999724e+02
4.072601999999999975e+02
4.078328500000000076e+02
4.085348500000000058e+02
4.094773500000000013e+02
4.095385999999999740e+02
4.102943999999999960e+02
4.117952500000000100e+02
4.123328500000000076e+02
4.132463000000000193e+02
4.132556500000000028e+02
4.159615499999999884e+02
4.165140000000000100e+02
4.167345500000000129e+02
4.175314999999999941e+02
4.179277999999999906e+02
4.179327499999999986e+02
4.179651499999999942e+02
4.184579499999999825e+02
4.193942499999999995e+02
4.197128500000000031e+02
4.198499499999999784e+02
4.202456000000000245e+02
4.202599000000000160e+02
4.205117000000000189e+02
4.210674000000000206e+02
4.210738999999999805e+02
4.215923000000000229e+02
4.219904500000000098e+02
4.224674999999999727e+02
4.228753500000000258e+02
4.230068499999999858e+02
4.232952000000000226e+02
4.241376999999999953e+02
4.245969000000000051e+02
4.257093499999999722e+02
4.262178000000000111e+02
4.264139499999999998e+02
4.268319500000000062e+02
4.269185499999999820e+02
4.274807500000000005e+02
4.276926000000000272e+02
4.282623500000000263e+02
4.292135999999999854e+02
4.292191500000000133e+02
4.294017000000000053e+02
4.315921500000000037e+02
4.319766000000000190e+02
4.320642500000000155e+02
4.340188499999999863e+02
4.342690999999999804e+02
4.361179500000000075e+02
4.367038499999999885e+02
4.371022500000000264e+02
4.371942999999999984e+02
4.375731999999999857e+02
4.376251500000000192e+02
4.393924499999999966e+02
4.394877500000000055e+02
4.415847499999999854e+02
4.421567999999999756e+02
4.443684000000000083e+02
4.450974499999999807e+02
4.451229999999999905e+02
4.466107000000000085e+02
4.470147000000000048e+02
4.470201999999999884e+02
4.479042499999999905e+02
4.492960499999999797e+02
4.493340499999999906e+02
4.498428000000000111e+02
4.513014999999999759e+02
4.521514000000000237e+02
4.529029499999999757e+02
4.530198500000000195e+02
4.530407500000000027e+02
4.539427499999999895e+02
4.550070999999999799e+02
4.562479000000000156e+02
4.570264500000000112e+02
4.570505999999999744e+02
4.600446499999999901e+02
4.604436499999999910e+02
4.628109999999999786e+02
4.647493999999999801e+02
4.647542000000000257e+02
4.672659499999999753e+02
4.705026500000000169e+02
4.705251499999999965e+02
4.705309500000000185e+02
4.735208000000000084e+02
4.790620000000000118e+02
4.823001499999999737e+02
4.839699499999999830e+02
4.842389499999999884e+02
4.864327999999999861e+02
4.884051499999999919e+02
4.932988000000000284e+02
4.944682500000000118e+02
4.956126499999999737e+02
4.970331499999999778e+02
4.972731999999999744e+02
4.984576500000000010e+02
5.003181500000000028e+02
5.009969500000000266e+02
5.010133500000000026e+02
5.017668499999999767e+02
5.065244500000000016e+02
5.114002500000000282e+02
5.123481500000000324e+02
5.124144999999999754e+02
5.145158999999999878e+02
5.196236499999999978e+02
5.222655499999999620e+02
5.222864499999999452e+02
5.222981499999999642e+02
5.233337999999999965e+02
5.233561999999999443e+02
5.237953999999999724e+02
5.244967500000000200e+02
5.245923500000000104e+02
5.245978499999999940e+02
5.247034499999999753e+02
5.247210499999999911e+02
5.251316000000000486e+02
5.256645999999999503e+02
5.256699999999999591e+02
5.261182499999999891e+02
5.271739999999999782e+02
5.278975000000000364e+02
5.307871999999999844e+02
5.322812000000000126e+02
5.335691500000000360e+02
5.337267000000000507e+02
5.341443500000000313e+02
5.351967499999999518e+02
5.352924500000000307e+02
5.352978500000000395e+02
5.368555999999999813e+02
5.401358500000000049e+02
5.403650499999999965e+02
5.421158500000000231e+02
5.429980000000000473e+02
5.434343499999999949e+02
5.438104499999999462e+02
5.444627500000000282e+02
5.453501499999999851e+02
5.480194999999999936e+02
5.501094500000000380e+02
5.504519999999999982e+02
5.525417999999999665e+02
5.526009000000000242e+02
5.535904500000000326e+02
5.574517499999999472e+02
5.574978499999999713e+02
5.593291500000000269e+02
5.602217000000000553e+02
5.602268500000000131e+02
5.603636000000000195e+02
5.603976499999999987e+02
5.609752499999999600e+02
5.612817000000000007e+02
5.613617000000000417e+02
5.614282500000000482e+02
5.615981000000000449e+02
5.631467499999999973e+02
5.634089000000000169e+02
5.658221499999999651e+02
5.661901000000000295e+02
5.665877500000000282e+02
5.674787999999999784e+02
5.684166000000000167e+02
5.688241500000000315e+02
5.688387999999999920e+02
5.691755500000000438e+02
5.723157999999999674e+02
5.756839999999999691e+02
5.782294000000000551e+02
5.804411499999999933e+02
5.804464000000000397e+02
5.810279500000000326e+02
5.810335000000000036e+02
5.822491999999999734e+02
5.843138500000000022e+02
5.843194999999999482e+02
5.843247499999999945e+02
5.857952000000000226e+02
5.882341999999999871e+02
5.916287499999999682e+02
5.917967999999999620e+02
5.933138500000000022e+02
5.943315000000000055e+02
5.959834499999999480e+02
5.959936999999999898e+02
5.966266000000000531e+02
5.990942499999999882e+02
5.995628000000000384e+02
6.001215499999999565e+02
6.015511000000000195e+02
6.020029500000000553e+02
6.022831999999999653e+02
6.027894499999999880e+02
6.029676500000000487e+02
6.031552000000000362e+02
6.043285499999999502e+02
6.063963999999999714e+02
6.064056500000000369e+02
6.064130000000000109e+02
6.064628999999999905e+02
6.071553999999999860e+02
6.075350499999999556e+02
6.082896500000000515e+02
6.100953500000000531e+02
6.104725499999999556e+02
6.127436500000000024e+02
6.131307000000000471e+02
6.137394500000000335e+02
6.146172500000000127e+02
6.146487499999999500e+02
6.146549499999999853e+02
6.150394000000000005e+02
6.152516000000000531e+02
6.154145499999999629e+02
6.159186499999999569e+02
6.169470499999999902e+02
6.181889499999999771e+02
6.181942000000000235e+02
6.192542499999999563e+02
6.194202999999999975e+02
6.201693999999999960e+02
6.219039999999999964e+02
6.227730500000000120e+02
6.244740500000000338e+02
6.264764999999999873e+02
6.264814499999999953e+02
6.280993999999999460e+02
6.281426999999999907e+02
6.310983999999999696e+02
6.333336000000000467e+02
6.351151999999999589e+02
6.403327500000000327e+02
6.403386500000000296e+02
6.408556499999999687e+02
6.420117000000000189e+02
6.427335500000000366e+02
6.430116500000000315e+02
6.430722500000000537e+02
6.439912000000000489e+02
6.466810500000000275e+02
6.488137000000000398e+02
6.502303500000000440e+02
6.509681500000000369e+02
6.512130499999999529e+02
6.534803500000000440e+02
6.535058000000000220e+02
6.554859999999999900e+02
6.559768500000000131e+02
6.560684499999999844e+02
6.562410999999999603e+02
