1.482205000000000084e+01
1.483174999999999955e+01
1.483174999999999955e+01
1.524014999999999986e+01
1.524014999999999986e+01
2.833310000000000173e+01
3.031044999999999945e+01
3.188664999999999949e+01
4.170535000000000281e+01
4.575659999999999883e+01
4.575659999999999883e+01
5.069959999999999667e+01
5.069959999999999667e+01
5.412415000000000020e+01
5.560054999999999836e+01
5.560054999999999836e+01
5.837149999999999750e+01
5.837149999999999750e+01
5.846009999999999707e+01
6.265605000000000047e+01
6.730729999999999791e+01
7.629534999999999911e+01
7.732729999999999393e+01
7.732729999999999393e+01
9.555974999999999397e+01
1.007832999999999970e+02
1.141119000000000057e+02
1.141119000000000057e+02
1.375994499999999903e+02
1.507135000000000105e+02
1.507135000000000105e+02
1.555293000000000063e+02
1.604464999999999861e+02
1.745567499999999939e+02
1.751156000000000006e+02
1.840109500000000082e+02
1.842323000000000093e+02
1.842417499999999961e+02
1.842417499999999961e+02
1.927641500000000008e+02
1.971134999999999877e+02
2.072313499999999920e+02
2.102214999999999918e+02
2.102214999999999918e+02
2.257493499999999926e+02
2.257493499999999926e+02
2.258970999999999947e+02
2.343770000000000095e+02
2.433442499999999882e+02
2.590386500000000183e+02
2.696683499999999754e+02
2.696683499999999754e+02
2.848127999999999815e+02
2.852737000000000194e+02
2.852737000000000194e+02
2.861251500000000192e+02
2.861251500000000192e+02
2.861779500000000098e+02
2.865532000000000039e+02
2.865532000000000039e+02
2.891837499999999750e+02
2.898134999999999764e+02
2.898193999999999733e+02
3.005241500000000201e+02
3.005303999999999860e+02
3.088439999999999941e+02
3.175312500000000000e+02
3.175393500000000131e+02
3.175393500000000131e+02
3.177010000000000218e+02
3.296442999999999870e+02
3.442418999999999869e+02
3.442418999999999869e+02
3.473366500000000201e+02
3.492796500000000037e+02
3.503618000000000166e+02
3.503618000000000166e+02
3.679430500000000279e+02
3.679430500000000279e+02
3.685561000000000149e+02
3.690971999999999866e+02
3.746802000000000135e+02
3.757120499999999765e+02
3.757120499999999765e+02
3.769137499999999932e+02
3.769137499999999932e+02
3.840998000000000161e+02
3.861508999999999787e+02
3.861508999999999787e+02
3.874432499999999777e+02
3.937984000000000151e+02
3.941650000000000205e+02
3.991277999999999793e+02
3.991277999999999793e+02
4.005049500000000080e+02
4.009855999999999767e+02
4.047853000000000065e+02
4.079639999999999986e+02
4.224166999999999916e+02
4.240253500000000031e+02
4.240253500000000031e+02
4.240475500000000011e+02
4.262237000000000080e+02
4.320625499999999874e+02
4.342107500000000186e+02
4.342107500000000186e+02
4.395024999999999977e+02
4.421963999999999828e+02
4.421963999999999828e+02
4.442934999999999945e+02
4.519288000000000238e+02
4.519288000000000238e+02
4.529274500000000216e+02
4.636173999999999751e+02
4.651818000000000097e+02
4.715521499999999833e+02
4.722269000000000005e+02
4.722269000000000005e+02
4.735287500000000023e+02
4.738657999999999788e+02
4.738657999999999788e+02
4.753154999999999859e+02
4.800129499999999894e+02
4.800129499999999894e+02
4.828524499999999762e+02
4.859972000000000207e+02
4.879698500000000081e+02
4.912620499999999879e+02
4.912620499999999879e+02
4.921165500000000179e+02
4.921165500000000179e+02
4.921496000000000208e+02
4.940013500000000022e+02
4.940013500000000022e+02
4.981602500000000191e+02
4.981602500000000191e+02
5.007423000000000002e+02
5.007557499999999777e+02
5.084001499999999965e+02
5.095249000000000024e+02
5.097187000000000126e+02
5.098455999999999904e+02
5.098455999999999904e+02
5.159051500000000487e+02
5.188404500000000326e+02
5.188404500000000326e+02
5.203549000000000433e+02
5.223473999999999933e+02
5.241403500000000122e+02
5.249351000000000340e+02
5.249351000000000340e+02
5.251403999999999996e+02
5.294240999999999531e+02
5.294240999999999531e+02
5.311369499999999562e+02
5.311528499999999440e+02
5.311528499999999440e+02
5.327886999999999489e+02
5.327886999999999489e+02
5.343945499999999811e+02
5.343945499999999811e+02
5.344690500000000384e+02
5.344690500000000384e+02
5.366062500000000455e+02
5.402270999999999503e+02
5.407688000000000557e+02
5.422470499999999447e+02
5.422470499999999447e+02
5.423522000000000389e+02
5.434133500000000367e+02
5.439811499999999569e+02
5.440067000000000235e+02
5.441667999999999665e+02
5.443801999999999452e+02
5.460221999999999980e+02
5.461016499999999496e+02
5.461363000000000056e+02
5.463020999999999958e+02
5.472136500000000296e+02
5.478801999999999452e+02
5.478801999999999452e+02
5.494893499999999449e+02
5.502595999999999776e+02
5.502595999999999776e+02
5.505829499999999825e+02
5.505829499999999825e+02
5.514506000000000085e+02
5.514506000000000085e+02
5.524655999999999949e+02
5.524655999999999949e+02
5.525941500000000133e+02
5.529915999999999485e+02
5.529915999999999485e+02
5.530238500000000386e+02
5.535404999999999518e+02
5.544348499999999831e+02
5.548707500000000437e+02
5.550737000000000307e+02
5.550991999999999962e+02
5.550991999999999962e+02
5.559651999999999816e+02
5.565698999999999614e+02
5.565698999999999614e+02
5.565832000000000335e+02
5.571174499999999625e+02
5.576210999999999558e+02
5.576210999999999558e+02
5.576444000000000187e+02
5.576909500000000435e+02
5.576909500000000435e+02
5.580549499999999625e+02
5.580549499999999625e+02
5.581381999999999834e+02
5.581381999999999834e+02
5.582281000000000404e+02
5.582281000000000404e+02
5.596985499999999547e+02
5.602623499999999694e+02
5.602623499999999694e+02
5.610261500000000296e+02
5.615897499999999809e+02
5.618010500000000320e+02
5.623822000000000116e+02
5.623822000000000116e+02
5.627752000000000407e+02
5.633508000000000493e+02
5.637765500000000429e+02
5.638167999999999438e+02
5.638773999999999660e+02
5.638773999999999660e+02
5.643313000000000557e+02
5.643313000000000557e+02
5.643420499999999720e+02
5.643420499999999720e+02
5.645543499999999995e+02
5.645543499999999995e+02
5.648365999999999758e+02
5.648365999999999758e+02
5.653044999999999618e+02
5.653044999999999618e+02
5.653739500000000362e+02
5.653739500000000362e+02
5.657082000000000335e+02
5.657082000000000335e+02
5.657635500000000093e+02
5.657635500000000093e+02
5.662374499999999671e+02
5.666313999999999851e+02
5.666652000000000271e+02
5.667421000000000504e+02
5.670450499999999465e+02
5.671916499999999814e+02
5.671916499999999814e+02
5.677142499999999927e+02
5.677142499999999927e+02
5.683704999999999927e+02
5.683818999999999733e+02
5.685931000000000495e+02
5.687163000000000466e+02
5.687163000000000466e+02
5.689470999999999776e+02
5.691383499999999458e+02
5.691383499999999458e+02
5.691977500000000418e+02
5.691977500000000418e+02
5.696868500000000495e+02
5.696868500000000495e+02
5.697587999999999511e+02
5.706721499999999878e+02
5.713487000000000080e+02
5.714083500000000413e+02
5.714083500000000413e+02
5.720478000000000520e+02
5.720478000000000520e+02
5.723661499999999478e+02
5.723661499999999478e+02
5.724729499999999689e+02
5.725693499999999858e+02
5.725693499999999858e+02
5.727254500000000235e+02
5.732159500000000207e+02
5.733968499999999722e+02
5.738605000000000018e+02
5.738605000000000018e+02
5.739317999999999529e+02
5.739429499999999962e+02
5.744176499999999805e+02
5.751173000000000002e+02
5.755922500000000355e+02
5.757432499999999891e+02
5.757432499999999891e+02
5.761517999999999802e+02
5.761517999999999802e+02
5.761619500000000471e+02
5.763587999999999738e+02
5.763587999999999738e+02
5.763587999999999738e+02
5.768733999999999469e+02
5.768733999999999469e+02
5.768863499999999931e+02
5.770638000000000147e+02
5.770742000000000189e+02
5.770854000000000497e+02
5.772736999999999625e+02
5.772736999999999625e+02
5.774334999999999809e+02
5.774334999999999809e+02
5.774950999999999794e+02
5.774950999999999794e+02
5.784578500000000076e+02
5.784578500000000076e+02
5.785205999999999449e+02
5.795155999999999494e+02
5.795155999999999494e+02
5.795556500000000142e+02
5.795556500000000142e+02
5.799867500000000291e+02
5.799867500000000291e+02
5.815683000000000220e+02
5.816538500000000340e+02
5.816538500000000340e+02
5.819034500000000207e+02
5.819034500000000207e+02
5.825507999999999811e+02
5.825507999999999811e+02
5.829028499999999440e+02
5.829028499999999440e+02
5.830659000000000560e+02
5.835612499999999727e+02
5.835878999999999905e+02
5.840055499999999711e+02
5.840055499999999711e+02
5.840247000000000526e+02
5.840753499999999576e+02
5.840753499999999576e+02
5.840999500000000353e+02
5.840999500000000353e+02
5.846290500000000065e+02
5.846404499999999871e+02
5.849054499999999734e+02
5.849361499999999978e+02
5.849361499999999978e+02
5.849669999999999845e+02
5.851043499999999540e+02
5.851043499999999540e+02
5.858891499999999724e+02
5.858891499999999724e+02
5.864938499999999522e+02
5.865126000000000204e+02
5.865126000000000204e+02
5.866136500000000069e+02
5.866136500000000069e+02
5.866475000000000364e+02
5.866739000000000033e+02
5.869596000000000231e+02
5.875901499999999942e+02
5.876002999999999474e+02
5.878203499999999622e+02
5.878301500000000033e+02
5.886950000000000500e+02
5.886950000000000500e+02
5.887077500000000327e+02
5.890077999999999747e+02
5.899204999999999472e+02
5.899204999999999472e+02
5.909486500000000433e+02
5.909486500000000433e+02
5.910097500000000537e+02
5.910097500000000537e+02
5.917735500000000002e+02
5.917948999999999842e+02
5.924043000000000347e+02
5.924043000000000347e+02
5.933266499999999724e+02
5.933266499999999724e+02
5.933667500000000246e+02
5.933667500000000246e+02
5.934674499999999853e+02
5.934674499999999853e+02
5.934954999999999927e+02
5.937632499999999709e+02
5.937632499999999709e+02
5.938395000000000437e+02
5.938395000000000437e+02
5.938925000000000409e+02
5.943361999999999625e+02
5.943702500000000555e+02
5.945194500000000062e+02
5.945194500000000062e+02
5.947400000000000091e+02
5.947400000000000091e+02
5.951032000000000153e+02
5.951032000000000153e+02
5.957884999999999991e+02
5.957884999999999991e+02
5.959545500000000402e+02
5.961671499999999924e+02
5.961871499999999742e+02
5.975458999999999605e+02
5.975458999999999605e+02
5.978721500000000333e+02
5.987304500000000189e+02
5.987304500000000189e+02
5.988351999999999862e+02
5.988351999999999862e+02
5.988467000000000553e+02
5.988467000000000553e+02
5.990401500000000397e+02
5.990401500000000397e+02
5.990794499999999516e+02
5.990794499999999516e+02
5.995214499999999589e+02
5.995214499999999589e+02
5.995322999999999638e+02
6.000274500000000444e+02
6.000557999999999765e+02
6.000557999999999765e+02
6.004904500000000098e+02
6.004904500000000098e+02
6.010168999999999642e+02
6.010168999999999642e+02
6.010715000000000146e+02
6.010868500000000267e+02
6.011454999999999700e+02
6.012867999999999711e+02
6.012867999999999711e+02
6.015775499999999738e+02
6.021291999999999689e+02
6.021291999999999689e+02
6.024365500000000111e+02
6.024365500000000111e+02
6.025693999999999733e+02
6.026344500000000153e+02
6.027291500000000042e+02
6.027291500000000042e+02
6.031946000000000367e+02
6.031946000000000367e+02
6.036543500000000222e+02
6.045361000000000331e+02
6.045361000000000331e+02
6.045481499999999642e+02
6.048487000000000080e+02
6.048487000000000080e+02
6.055032999999999674e+02
6.058181499999999460e+02
6.058181499999999460e+02
6.063161000000000058e+02
6.063275499999999738e+02
6.063275499999999738e+02
6.063630500000000438e+02
6.067234499999999571e+02
6.067234499999999571e+02
6.067332000000000107e+02
6.068161499999999933e+02
6.068161499999999933e+02
6.068315999999999804e+02
6.068315999999999804e+02
6.074180999999999813e+02
6.078351000000000113e+02
6.078351000000000113e+02
6.082070499999999811e+02
6.082070499999999811e+02
6.083487000000000080e+02
6.083487000000000080e+02
6.084308999999999514e+02
6.084308999999999514e+02
6.086961000000000013e+02
6.086961000000000013e+02
6.097282500000000027e+02
6.097282500000000027e+02
6.098039999999999736e+02
6.098039999999999736e+02
6.098984500000000253e+02
6.098984500000000253e+02
6.101762499999999818e+02
6.101762499999999818e+02
6.101888000000000147e+02
6.102123000000000275e+02
6.105241999999999507e+02
6.106902999999999793e+02
6.107185500000000502e+02
6.107185500000000502e+02
6.118113499999999476e+02
6.118113499999999476e+02
6.126861499999999978e+02
6.131346999999999525e+02
6.131346999999999525e+02
6.133016000000000076e+02
6.133016000000000076e+02
6.137054500000000417e+02
6.139246500000000424e+02
6.142888000000000375e+02
6.142888000000000375e+02
6.143990000000000009e+02
6.144710499999999911e+02
6.144710499999999911e+02
6.145039500000000317e+02
6.148312499999999545e+02
6.149256000000000313e+02
6.153456499999999778e+02
6.153456499999999778e+02
6.156616999999999962e+02
6.156616999999999962e+02
6.157560499999999593e+02
6.157700999999999567e+02
6.158649000000000342e+02
6.159080999999999904e+02
6.160927500000000236e+02
6.161125500000000557e+02
6.162813999999999623e+02
6.162813999999999623e+02
6.162930000000000064e+02
6.163953000000000202e+02
6.164916500000000497e+02
6.164916500000000497e+02
6.165531999999999471e+02
6.169700000000000273e+02
6.169700000000000273e+02
6.170937999999999874e+02
6.170937999999999874e+02
6.171680499999999938e+02
6.177753000000000156e+02
6.178912000000000262e+02
6.179469500000000153e+02
6.179469500000000153e+02
6.180607999999999720e+02
6.180607999999999720e+02
6.185078999999999496e+02
6.185078999999999496e+02
6.187989000000000033e+02
6.188721000000000458e+02
6.192117500000000518e+02
6.195660500000000184e+02
6.198639500000000453e+02
6.198930000000000291e+02
6.198930000000000291e+02
6.201136500000000069e+02
6.204733999999999696e+02
6.204733999999999696e+02
6.209808500000000322e+02
6.210571999999999662e+02
6.210571999999999662e+02
6.210685999999999467e+02
6.210685999999999467e+02
6.211652500000000146e+02
6.211744999999999663e+02
6.218559000000000196e+02
6.222875500000000102e+02
6.229089500000000044e+02
6.230680499999999711e+02
6.239691000000000258e+02
6.239691000000000258e+02
6.245042499999999563e+02
6.245042499999999563e+02
6.245332499999999527e+02
6.247403500000000349e+02
6.247403500000000349e+02
6.247498500000000377e+02
6.248240500000000566e+02
6.248240500000000566e+02
6.253658500000000231e+02
6.255099999999999909e+02
6.260762499999999591e+02
6.260762499999999591e+02
6.261455999999999449e+02
6.261455999999999449e+02
6.261578500000000531e+02
6.261578500000000531e+02
6.264698499999999513e+02
6.264698499999999513e+02
6.270802999999999656e+02
6.270802999999999656e+02
6.270911499999999705e+02
6.272050000000000409e+02
6.272050000000000409e+02
6.275718500000000404e+02
6.278834000000000515e+02
6.278834000000000515e+02
6.279097000000000435e+02
6.294057000000000244e+02
6.294057000000000244e+02
6.295327499999999645e+02
6.295778000000000247e+02
6.295778000000000247e+02
6.296908499999999549e+02
6.299636500000000296e+02
6.303272500000000491e+02
6.303272500000000491e+02
6.304402999999999793e+02
6.305434500000000071e+02
6.306119999999999663e+02
6.306119999999999663e+02
6.307616500000000315e+02
6.318547499999999673e+02
6.318547499999999673e+02
6.318762500000000273e+02
6.319692000000000007e+02
6.326377499999999827e+02
6.326377499999999827e+02
6.327621000000000322e+02
6.339248499999999922e+02
6.341598000000000184e+02
6.341598000000000184e+02
6.346431999999999789e+02
6.346576499999999896e+02
6.347775000000000318e+02
6.351471000000000231e+02
6.351471000000000231e+02
6.351681499999999687e+02
6.355848999999999478e+02
6.355848999999999478e+02
6.355948499999999513e+02
6.356195000000000164e+02
6.367480000000000473e+02
6.367598000000000411e+02
6.377039499999999634e+02
6.377039499999999634e+02
6.377150500000000193e+02
6.379224000000000387e+02
6.384069500000000517e+02
6.384069500000000517e+02
6.387528499999999667e+02
6.388351999999999862e+02
6.395239500000000135e+02
6.395812499999999545e+02
6.395812499999999545e+02
6.396944999999999482e+02
6.397990999999999531e+02
6.397990999999999531e+02
6.398673000000000002e+02
6.399574000000000069e+02
6.403684500000000526e+02
6.407551999999999452e+02
6.408518500000000131e+02
6.410834999999999582e+02
6.412948499999999967e+02
6.412948499999999967e+02
6.422052999999999656e+02
6.422052999999999656e+02
6.422544500000000198e+02
6.426544000000000096e+02
6.427095000000000482e+02
6.430839499999999589e+02
6.430839499999999589e+02
6.433467500000000427e+02
6.437131500000000415e+02
6.438910499999999502e+02
6.438910499999999502e+02
6.439102000000000317e+02
6.466290500000000065e+02
6.466290500000000065e+02
6.467872499999999718e+02
6.467872499999999718e+02
6.468041500000000497e+02
6.468749500000000126e+02
6.469418500000000449e+02
6.469418500000000449e+02
6.470365500000000338e+02
6.470365500000000338e+02
6.477590500000000020e+02
6.477590500000000020e+02
6.477884000000000242e+02
6.477884000000000242e+02
6.478129000000000133e+02
6.478129000000000133e+02
6.482999999999999545e+02
6.483668499999999995e+02
6.484062500000000000e+02
6.487518499999999904e+02
6.488255500000000211e+02
6.490128999999999451e+02
6.494832999999999856e+02
6.494832999999999856e+02
6.495076999999999998e+02
6.495076999999999998e+02
6.497852500000000191e+02
6.497948999999999842e+02
6.498242500000000064e+02
6.501490999999999758e+02
6.501490999999999758e+02
6.501915999999999940e+02
6.506238499999999476e+02
6.506238499999999476e+02
6.506980499999999665e+02
6.506980499999999665e+02
6.507662000000000262e+02
6.507662000000000262e+02
6.508351499999999987e+02
6.509631500000000415e+02
6.509631500000000415e+02
6.509986499999999978e+02
6.520905999999999949e+02
6.527971999999999753e+02
6.527971999999999753e+02
6.528079500000000053e+02
6.528079500000000053e+02
6.531733000000000402e+02
6.534859999999999900e+02
6.539328500000000304e+02
6.539328500000000304e+02
6.540340999999999667e+02
6.540460000000000491e+02
6.548823999999999614e+02
6.551109500000000025e+02
6.551109500000000025e+02
6.554393499999999904e+02
6.554393499999999904e+02
6.557789500000000089e+02
6.566569500000000517e+02
6.566676999999999680e+02
6.568276499999999487e+02
6.568447499999999764e+02
6.579391500000000406e+02
6.584099499999999807e+02
6.597247499999999718e+02
6.597247499999999718e+02
6.599719999999999800e+02
6.599719999999999800e+02
6.601719000000000506e+02
6.601982000000000426e+02
6.605009999999999764e+02
6.605009999999999764e+02
