7.927249999999999908e+00
7.975450000000000372e+00
8.545799999999999841e+00
9.094500000000000028e+00
9.094500000000000028e+00
1.078475000000000072e+01
1.137214999999999954e+01
1.137875000000000014e+01
1.184645000000000081e+01
1.239710000000000001e+01
1.256915000000000049e+01
1.283789999999999942e+01
1.285554999999999914e+01
1.304105000000000025e+01
1.352529999999999966e+01
1.367559999999999931e+01
1.417665000000000042e+01
1.417665000000000042e+01
1.418324999999999925e+01
1.426795000000000080e+01
1.445439999999999969e+01
1.484950000000000081e+01
1.520935000000000059e+01
1.570914999999999928e+01
1.619699999999999918e+01
1.620629999999999882e+01
1.638380000000000081e+01
1.681354999999999933e+01
1.691355000000000075e+01
1.749044999999999916e+01
1.771644999999999825e+01
1.797885000000000133e+01
1.854295000000000115e+01
1.859465000000000146e+01
1.910859999999999914e+01
1.913925000000000054e+01
2.019115000000000038e+01
2.024810000000000088e+01
2.078004999999999924e+01
2.083500000000000085e+01
2.089784999999999826e+01
2.099324999999999974e+01
2.099324999999999974e+01
2.137199999999999989e+01
2.191979999999999862e+01
2.192585000000000051e+01
2.220745000000000147e+01
2.238945000000000007e+01
2.296069999999999922e+01
2.296069999999999922e+01
2.410024999999999906e+01
2.533845000000000169e+01
2.604264999999999830e+01
2.604264999999999830e+01
2.666929999999999978e+01
2.683220000000000027e+01
2.683875000000000099e+01
2.788370000000000104e+01
2.851129999999999853e+01
2.851770000000000138e+01
2.912744999999999962e+01
2.946519999999999939e+01
2.986645000000000039e+01
3.033289999999999864e+01
3.062215000000000131e+01
3.067749999999999844e+01
3.084155000000000157e+01
3.098799999999999955e+01
3.138765000000000072e+01
3.140725000000000122e+01
3.158905000000000030e+01
3.194125000000000014e+01
3.201970000000000027e+01
3.474609999999999843e+01
3.486939999999999884e+01
3.505445000000000277e+01
3.509754999999999825e+01
3.565554999999999808e+01
3.567604999999999649e+01
3.712729999999999819e+01
3.712729999999999819e+01
3.713419999999999987e+01
3.713419999999999987e+01
3.714220000000000255e+01
3.801355000000000217e+01
3.871150000000000091e+01
4.171039999999999992e+01
4.223834999999999695e+01
4.280165000000000219e+01
4.287604999999999933e+01
4.467584999999999695e+01
4.475124999999999886e+01
4.648799999999999955e+01
4.653425000000000011e+01
4.704164999999999708e+01
4.737545000000000073e+01
4.769115000000000038e+01
4.772249999999999659e+01
5.068905000000000172e+01
5.073234999999999673e+01
5.121585000000000321e+01
5.175674999999999670e+01
5.355270000000000152e+01
5.363074999999999903e+01
5.757030000000000314e+01
5.777649999999999864e+01
5.778199999999999648e+01
5.835705000000000098e+01
5.846909999999999741e+01
5.879990000000000094e+01
5.920729999999999649e+01
5.923514999999999731e+01
5.935829999999999984e+01
5.984295000000000186e+01
6.171634999999999849e+01
6.679954999999999643e+01
6.680910000000000082e+01
6.728794999999999504e+01
6.728794999999999504e+01
7.100554999999999950e+01
7.100554999999999950e+01
7.126760000000000161e+01
7.154725000000000534e+01
7.171080000000000609e+01
7.454710000000000036e+01
7.505294999999999561e+01
7.672570000000000334e+01
7.872294999999999732e+01
7.886499999999999488e+01
7.918325000000000102e+01
7.922729999999999961e+01
7.924790000000000134e+01
7.980174999999999841e+01
8.005719999999999459e+01
8.043800000000000239e+01
8.091729999999999734e+01
8.105039999999999623e+01
8.151375000000000171e+01
8.178870000000000573e+01
8.303135000000000332e+01
8.303135000000000332e+01
8.350735000000000241e+01
8.351285000000000025e+01
8.660904999999999632e+01
8.773000000000000398e+01
8.774379999999999313e+01
8.968214999999999293e+01
9.216504999999999370e+01
9.216504999999999370e+01
9.264230000000000587e+01
9.283955000000000268e+01
9.290085000000000548e+01
9.314334999999999809e+01
9.423340000000000316e+01
9.457080000000000553e+01
9.542919999999999447e+01
9.587040000000000362e+01
9.588179999999999836e+01
9.598075000000000045e+01
9.642414999999999736e+01
9.643040000000000589e+01
9.658034999999999570e+01
9.692539999999999623e+01
9.708429999999999893e+01
9.763524999999999920e+01
9.767504999999999882e+01
9.810110000000000241e+01
9.810854999999999393e+01
9.873234999999999673e+01
9.935899999999999466e+01
9.936459999999999582e+01
1.052276999999999987e+02
1.052373999999999938e+02
1.077309000000000054e+02
1.077363000000000000e+02
1.083042499999999961e+02
1.083657500000000056e+02
1.084251000000000005e+02
1.090234999999999985e+02
1.119612000000000052e+02
1.119612000000000052e+02
1.125404999999999944e+02
1.129188999999999936e+02
1.130845499999999930e+02
1.133303499999999957e+02
1.153947000000000003e+02
1.153947000000000003e+02
1.154348999999999990e+02
1.154348999999999990e+02
1.154492999999999938e+02
1.170504499999999979e+02
1.174984000000000037e+02
1.182481499999999954e+02
1.186979999999999933e+02
1.196663499999999942e+02
1.217477999999999980e+02
1.252523500000000070e+02
1.255888499999999937e+02
1.264886999999999944e+02
1.325665999999999940e+02
1.328877500000000111e+02
1.362498999999999967e+02
1.368877999999999986e+02
1.368939000000000021e+02
1.375731000000000108e+02
1.375994499999999903e+02
1.409500500000000045e+02
1.415259000000000071e+02
1.427344999999999970e+02
1.456103999999999985e+02
1.501470999999999947e+02
1.501534499999999923e+02
1.501850000000000023e+02
1.502483000000000004e+02
1.520789000000000044e+02
1.521334999999999980e+02
1.530354000000000099e+02
1.530549499999999910e+02
1.531828500000000020e+02
1.536534000000000049e+02
1.547384000000000128e+02
1.554104499999999973e+02
1.571191499999999905e+02
1.591447000000000003e+02
1.603634500000000003e+02
1.604464999999999861e+02
1.607855000000000132e+02
1.609605500000000120e+02
1.615114499999999964e+02
1.615318000000000040e+02
1.617092000000000098e+02
1.619632000000000005e+02
1.621152999999999906e+02
1.621494000000000142e+02
1.622744000000000142e+02
1.623399499999999875e+02
1.626539500000000089e+02
1.627709499999999991e+02
1.628300999999999874e+02
1.631465499999999906e+02
1.631640500000000031e+02
1.636622000000000128e+02
1.636913499999999999e+02
1.638479499999999973e+02
1.641260499999999922e+02
1.642805999999999926e+02
1.647342500000000030e+02
1.655548499999999876e+02
1.694808999999999912e+02
1.705435500000000104e+02
1.710923500000000104e+02
1.711253000000000100e+02
1.720689500000000010e+02
1.720749000000000137e+02
1.727921499999999924e+02
1.727921499999999924e+02
1.727965000000000089e+02
1.740319000000000074e+02
1.745765499999999975e+02
1.751156000000000006e+02
1.751716000000000122e+02
1.848534999999999968e+02
1.874009000000000071e+02
1.875466999999999871e+02
1.875466999999999871e+02
1.903315499999999929e+02
1.914757999999999925e+02
1.920127999999999986e+02
1.927684000000000140e+02
1.927684000000000140e+02
1.927807500000000118e+02
1.928094499999999982e+02
1.930827500000000043e+02
1.930953000000000088e+02
1.931073499999999967e+02
1.932660999999999945e+02
1.941834499999999935e+02
1.952638499999999908e+02
2.002735000000000127e+02
2.040994499999999903e+02
2.046305499999999995e+02
2.046377500000000111e+02
2.051724499999999978e+02
2.051771999999999991e+02
2.054294999999999902e+02
2.056562999999999874e+02
2.060873499999999865e+02
2.060873499999999865e+02
2.065069499999999891e+02
2.065069499999999891e+02
2.066232500000000130e+02
2.066893499999999904e+02
2.071209499999999935e+02
2.073478499999999940e+02
2.077839999999999918e+02
2.081944499999999891e+02
2.082280499999999961e+02
2.082280499999999961e+02
2.086769999999999925e+02
2.091197500000000105e+02
2.091554500000000019e+02
2.092302999999999997e+02
2.096577499999999930e+02
2.098052500000000009e+02
2.102632999999999868e+02
2.103739999999999952e+02
2.104607499999999902e+02
2.108210500000000138e+02
2.110868000000000109e+02
2.114336500000000001e+02
2.119712000000000103e+02
2.121707499999999982e+02
2.125250499999999931e+02
2.125928999999999860e+02
2.127312499999999886e+02
2.133448999999999955e+02
2.133579000000000008e+02
2.163223000000000127e+02
2.163456999999999937e+02
2.170140000000000100e+02
2.174721000000000117e+02
2.192872500000000002e+02
2.275738000000000056e+02
2.320703000000000031e+02
2.345317499999999882e+02
2.399252999999999929e+02
2.412096999999999980e+02
2.416113499999999874e+02
2.416278000000000077e+02
2.421973500000000001e+02
2.422108000000000061e+02
2.424610999999999876e+02
2.426116499999999974e+02
2.426116499999999974e+02
2.432721500000000106e+02
2.437432000000000016e+02
2.437497500000000059e+02
2.451928000000000054e+02
2.451998499999999979e+02
2.472924999999999898e+02
2.489559999999999889e+02
2.509568999999999903e+02
2.518355500000000120e+02
2.523172500000000014e+02
2.535335000000000036e+02
2.535389000000000124e+02
2.537384500000000003e+02
2.539383500000000140e+02
2.539700499999999863e+02
2.540973500000000058e+02
2.542849500000000091e+02
2.546109999999999900e+02
2.546485000000000127e+02
2.547975000000000136e+02
2.549787000000000035e+02
2.550749500000000012e+02
2.552479999999999905e+02
2.555177999999999940e+02
2.562608000000000175e+02
2.566124500000000239e+02
2.645631500000000074e+02
2.655149000000000115e+02
2.670491499999999974e+02
2.672276499999999828e+02
2.674626000000000090e+02
2.674708499999999844e+02
2.676768000000000143e+02
2.679406000000000176e+02
2.680722000000000094e+02
2.684902999999999906e+02
2.689782000000000153e+02
2.689863000000000284e+02
2.691364500000000248e+02
2.769576999999999884e+02
2.793464999999999918e+02
2.846311000000000035e+02
2.846388999999999783e+02
2.848213000000000079e+02
2.865616499999999860e+02
2.865767500000000041e+02
2.935692999999999984e+02
2.950572000000000230e+02
2.952495000000000118e+02
2.965702499999999873e+02
2.977331500000000233e+02
3.003768499999999904e+02
3.018254999999999768e+02
3.056982499999999732e+02
3.094542000000000144e+02
3.096390000000000100e+02
3.098691499999999905e+02
3.110378499999999917e+02
3.142749499999999898e+02
3.149189999999999827e+02
3.162466999999999757e+02
3.163175499999999829e+02
3.163496499999999969e+02
3.167429500000000075e+02
3.177010000000000218e+02
3.202051000000000158e+02
3.275962499999999977e+02
3.277341499999999996e+02
3.277538999999999874e+02
3.322176999999999794e+02
3.356298499999999763e+02
3.387979000000000269e+02
3.387979000000000269e+02
3.392817999999999756e+02
3.393884499999999775e+02
3.423412500000000023e+02
3.425153500000000122e+02
3.509230999999999767e+02
3.509230999999999767e+02
3.524789000000000101e+02
3.525167000000000144e+02
3.538128500000000258e+02
3.541811000000000149e+02
3.541906999999999925e+02
3.575593999999999824e+02
3.582964499999999930e+02
3.604249500000000239e+02
3.604361999999999853e+02
3.638853500000000167e+02
3.646696499999999901e+02
3.646779500000000098e+02
3.677228999999999814e+02
3.677228999999999814e+02
3.706610000000000014e+02
3.746856999999999971e+02
3.767661499999999819e+02
3.783431499999999801e+02
3.803695500000000038e+02
3.814351500000000215e+02
3.832982999999999834e+02
3.845260000000000105e+02
3.845300500000000170e+02
3.870019500000000221e+02
3.870072000000000116e+02
3.870246000000000208e+02
3.892470000000000141e+02
3.894646000000000186e+02
3.902330000000000041e+02
3.912293500000000108e+02
3.932121999999999957e+02
3.932234500000000139e+02
3.946938499999999976e+02
3.947124000000000024e+02
3.961109000000000151e+02
3.961161500000000046e+02
3.965287000000000148e+02
3.971529499999999757e+02
3.971603000000000065e+02
3.975357500000000073e+02
3.975774999999999864e+02
3.977638999999999783e+02
3.979546500000000151e+02
3.981164999999999736e+02
3.984943000000000097e+02
3.985183499999999981e+02
3.985183499999999981e+02
3.990325500000000147e+02
3.990434999999999945e+02
3.992925000000000182e+02
3.994202000000000226e+02
3.994664000000000215e+02
4.002640999999999849e+02
4.007955499999999915e+02
4.011619499999999903e+02
4.011680499999999938e+02
4.015299999999999727e+02
4.015431500000000256e+02
4.023152499999999918e+02
4.023461500000000228e+02
4.023461500000000228e+02
4.032975000000000136e+02
4.033041999999999803e+02
4.036991499999999746e+02
4.046875999999999749e+02
4.051598999999999933e+02
4.066852000000000089e+02
4.066958000000000197e+02
4.069323499999999854e+02
4.070763999999999783e+02
4.070862999999999943e+02
4.070932500000000118e+02
4.075036499999999933e+02
4.094925999999999817e+02
4.107532499999999800e+02
4.112097499999999854e+02
4.122389000000000010e+02
4.127674499999999966e+02
4.135029999999999859e+02
4.136909999999999741e+02
4.143550500000000056e+02
4.149171000000000049e+02
4.154443499999999858e+02
4.164259999999999877e+02
4.165686999999999784e+02
4.165775499999999738e+02
4.173960500000000025e+02
4.181227499999999964e+02
4.184109500000000139e+02
4.185206999999999766e+02
4.190108999999999924e+02
4.194195500000000152e+02
4.198285500000000070e+02
4.229454000000000065e+02
4.229454000000000065e+02
4.229970000000000141e+02
4.230022999999999911e+02
4.241166499999999928e+02
4.246579500000000280e+02
4.255593999999999824e+02
4.258417499999999905e+02
4.267055500000000166e+02
4.278294999999999959e+02
4.280982500000000073e+02
4.282821999999999889e+02
4.284657500000000141e+02
4.286940500000000043e+02
4.287037000000000262e+02
4.314916000000000054e+02
4.320642500000000155e+02
4.326354499999999916e+02
4.326508499999999913e+02
4.327157500000000141e+02
4.337313500000000204e+02
4.338213999999999828e+02
4.349834500000000048e+02
4.358480500000000006e+02
4.367563000000000102e+02
4.367563000000000102e+02
4.371845000000000141e+02
4.371845000000000141e+02
4.387847499999999741e+02
4.388500000000000227e+02
4.394033999999999764e+02
4.394402999999999793e+02
4.404562500000000114e+02
4.404923999999999751e+02
4.404984999999999786e+02
4.405104000000000042e+02
4.415747999999999820e+02
4.415796500000000151e+02
4.415896999999999935e+02
4.427411000000000172e+02
4.436068000000000211e+02
4.436118500000000040e+02
4.443837500000000205e+02
4.448753500000000258e+02
4.470572500000000105e+02
4.475452500000000100e+02
4.475532999999999788e+02
4.493191499999999792e+02
4.493389000000000237e+02
4.498724000000000274e+02
4.524323999999999728e+02
4.524323999999999728e+02
4.524384999999999764e+02
4.530124500000000012e+02
4.530175500000000284e+02
4.538222000000000094e+02
4.541183500000000208e+02
4.578097000000000207e+02
4.583314500000000180e+02
4.589207000000000107e+02
4.590027499999999918e+02
4.590027499999999918e+02
4.605158500000000004e+02
4.645396000000000072e+02
4.654121499999999969e+02
4.658122999999999934e+02
4.660665500000000065e+02
4.662416000000000054e+02
4.662416000000000054e+02
4.662484000000000037e+02
4.662721500000000106e+02
4.667414499999999862e+02
4.668333499999999958e+02
4.676562000000000126e+02
4.721202499999999986e+02
4.735287500000000023e+02
4.738083500000000186e+02
4.746332499999999754e+02
4.748177499999999895e+02
4.765163999999999760e+02
4.766016999999999939e+02
4.774947000000000230e+02
4.779152500000000146e+02
4.785740999999999872e+02
4.795817000000000121e+02
4.799134999999999991e+02
4.802210499999999911e+02
4.824870000000000232e+02
4.824926500000000260e+02
4.853606500000000210e+02
4.854487500000000182e+02
4.859902000000000157e+02
4.870342999999999734e+02
4.874386999999999830e+02
4.875228500000000054e+02
4.888710500000000252e+02
4.896718500000000063e+02
4.899362499999999727e+02
4.901444500000000062e+02
4.906626999999999725e+02
4.906676499999999805e+02
4.916777500000000032e+02
4.932174499999999853e+02
4.940284500000000207e+02
4.946859999999999786e+02
4.973033500000000231e+02
4.980914000000000215e+02
4.980914000000000215e+02
5.008071499999999787e+02
5.044997999999999934e+02
5.060279499999999757e+02
5.065601500000000215e+02
5.073729999999999905e+02
5.078321500000000128e+02
5.104411999999999807e+02
5.104682000000000244e+02
5.108446000000000140e+02
5.111138500000000136e+02
5.111211500000000001e+02
5.112414499999999862e+02
5.113822000000000116e+02
5.114440500000000043e+02
5.115489000000000033e+02
5.134511499999999842e+02
5.161436999999999671e+02
5.162821999999999889e+02
5.162882499999999482e+02
5.162934500000000071e+02
5.194887999999999693e+02
5.194887999999999693e+02
5.194977499999999964e+02
5.224126499999999851e+02
5.227510499999999638e+02
5.228827999999999747e+02
5.228877499999999827e+02
5.234963000000000193e+02
5.235536499999999478e+02
5.237264499999999998e+02
5.237467500000000200e+02
5.239505500000000211e+02
5.240905000000000200e+02
5.245643999999999778e+02
5.245749499999999443e+02
5.251254000000000133e+02
5.251935999999999467e+02
5.253518500000000131e+02
5.256781499999999596e+02
5.256842500000000200e+02
5.261310999999999467e+02
5.262873499999999467e+02
5.266488500000000386e+02
5.271984999999999673e+02
5.272518000000000029e+02
5.277661500000000387e+02
5.322716500000000224e+02
5.332417500000000246e+02
5.333873499999999694e+02
5.337800499999999602e+02
5.355163499999999885e+02
5.369596500000000106e+02
5.371145500000000084e+02
5.376059999999999945e+02
5.384553499999999531e+02
5.384795500000000175e+02
5.389406999999999925e+02
5.389481500000000551e+02
5.389481500000000551e+02
5.391934499999999844e+02
5.397241500000000087e+02
5.408638499999999567e+02
5.413370999999999640e+02
5.433350000000000364e+02
5.434088000000000420e+02
5.438396999999999935e+02
5.439338999999999942e+02
5.489477500000000418e+02
5.490709500000000389e+02
5.490709500000000389e+02
5.495292500000000473e+02
5.505750000000000455e+02
5.505866499999999633e+02
5.516215999999999440e+02
5.516287999999999556e+02
5.520857999999999493e+02
5.521041000000000167e+02
5.526354000000000042e+02
5.546672499999999673e+02
5.547867999999999711e+02
5.556037000000000035e+02
5.556037000000000035e+02
5.566522999999999683e+02
5.580190499999999929e+02
5.581580000000000155e+02
5.582048999999999523e+02
5.589795500000000175e+02
5.589842499999999745e+02
5.627681999999999789e+02
5.627681999999999789e+02
5.632880499999999984e+02
5.632946500000000469e+02
5.636453000000000202e+02
5.646416000000000395e+02
5.648102999999999838e+02
5.652581999999999880e+02
5.653180499999999711e+02
5.654356500000000096e+02
5.658011999999999944e+02
5.661037000000000035e+02
5.661671999999999798e+02
5.666443000000000438e+02
5.672810500000000502e+02
5.672810500000000502e+02
5.675919999999999845e+02
5.676574500000000398e+02
5.682000000000000455e+02
5.686964000000000397e+02
5.704074000000000524e+02
5.708263500000000477e+02
5.723762500000000273e+02
5.723762500000000273e+02
5.723939000000000306e+02
5.734486500000000433e+02
5.744062999999999874e+02
5.765817500000000564e+02
5.781840499999999565e+02
5.782294000000000551e+02
5.785027000000000044e+02
5.796977000000000544e+02
5.801522999999999683e+02
5.815815999999999804e+02
5.819148500000000013e+02
5.820906499999999824e+02
5.824934500000000526e+02
5.832802000000000362e+02
5.836736499999999523e+02
5.857196999999999889e+02
5.857572000000000116e+02
5.866475000000000364e+02
5.872149500000000444e+02
5.918373000000000275e+02
5.938293999999999642e+02
5.943361999999999625e+02
5.971742500000000291e+02
5.981922499999999445e+02
5.982000000000000455e+02
6.005905000000000200e+02
6.010910999999999831e+02
6.014581500000000460e+02
6.025716499999999769e+02
6.036479500000000371e+02
6.053112999999999602e+02
6.059530499999999620e+02
6.059579499999999825e+02
6.059855499999999893e+02
6.060236999999999625e+02
6.073414000000000215e+02
6.075262500000000045e+02
6.075305499999999483e+02
6.075305499999999483e+02
6.088096000000000458e+02
6.094496500000000196e+02
6.111389000000000351e+02
6.122164999999999964e+02
6.127014500000000226e+02
6.127072500000000446e+02
6.129000999999999522e+02
6.134332000000000562e+02
6.134833499999999731e+02
6.137955500000000484e+02
6.139409000000000560e+02
6.140359499999999571e+02
6.143445000000000391e+02
6.143957500000000209e+02
6.148166999999999689e+02
6.148166999999999689e+02
6.148390000000000555e+02
6.149256000000000313e+02
6.155143000000000484e+02
6.158617500000000291e+02
6.159080999999999904e+02
6.163899499999999989e+02
6.165095999999999776e+02
6.169109999999999445e+02
6.169142500000000382e+02
6.170888999999999669e+02
6.195220000000000482e+02
6.195265000000000555e+02
6.197112499999999500e+02
6.274088000000000420e+02
6.278902000000000498e+02
6.311568499999999631e+02
6.318638499999999567e+02
6.318762500000000273e+02
6.327431500000000142e+02
6.369994000000000369e+02
6.369994000000000369e+02
6.384021000000000186e+02
6.388058499999999640e+02
6.393080999999999676e+02
6.398199499999999489e+02
6.407255999999999858e+02
6.422605499999999665e+02
6.468749500000000126e+02
6.477934999999999945e+02
6.488486000000000331e+02
6.525184000000000424e+02
6.534912500000000364e+02
6.538757000000000517e+02
6.562373000000000047e+02
6.562373000000000047e+02
