2.176585000000000036e+01
2.932955000000000112e+01
3.457755000000000223e+01
4.518010000000000304e+01
6.216919999999999646e+01
8.337900000000000489e+01
1.006688000000000045e+02
1.266036500000000018e+02
1.578736000000000104e+02
1.718169499999999914e+02
1.844142999999999972e+02
1.963413999999999930e+02
2.161767499999999984e+02
2.174708500000000129e+02
2.256314000000000135e+02
2.379985499999999945e+02
2.384557000000000073e+02
2.479543500000000051e+02
2.519767999999999972e+02
2.613419000000000096e+02
2.764474000000000160e+02
2.961365499999999997e+02
3.196588499999999726e+02
3.220040500000000065e+02
3.346957499999999754e+02
3.421406999999999812e+02
3.558326000000000136e+02
3.587866000000000213e+02
3.590419499999999857e+02
3.612666500000000269e+02
3.612719500000000039e+02
3.631161000000000172e+02
3.772427999999999884e+02
3.908105499999999779e+02
3.928949499999999944e+02
4.434660000000000082e+02
4.485649000000000228e+02
4.766100000000000136e+02
4.766241499999999860e+02
4.800241500000000201e+02
4.965115499999999997e+02
5.133618500000000040e+02
5.156281000000000176e+02
5.163181499999999460e+02
5.380634499999999889e+02
5.384882000000000062e+02
5.548820500000000493e+02
5.615801500000000033e+02
5.719992999999999483e+02
5.759113999999999578e+02
5.767327000000000226e+02
5.783509999999999991e+02
5.959645500000000311e+02
5.968938000000000557e+02
5.974652499999999691e+02
6.064437500000000227e+02
6.206823000000000548e+02
6.257960000000000491e+02
6.555549499999999625e+02
