9.054899999999999949e+00
1.052769999999999939e+01
1.081020000000000003e+01
1.134220000000000006e+01
1.328425000000000011e+01
2.209665000000000035e+01
2.357639999999999958e+01
2.640425000000000111e+01
2.641854999999999976e+01
2.776729999999999876e+01
2.790540000000000020e+01
2.812409999999999854e+01
2.911114999999999853e+01
3.118649999999999878e+01
3.390370000000000061e+01
3.652590000000000003e+01
3.660875000000000057e+01
3.798850000000000193e+01
3.799110000000000298e+01
3.799414999999999765e+01
4.202349999999999852e+01
4.202604999999999791e+01
4.496544999999999703e+01
4.658389999999999986e+01
4.706924999999999670e+01
4.935840000000000316e+01
5.007395000000000351e+01
5.077700000000000102e+01
5.107439999999999714e+01
5.341564999999999941e+01
5.839520000000000266e+01
6.033914999999999651e+01
6.227089999999999748e+01
6.242249999999999943e+01
6.244335000000000235e+01
6.296005000000000251e+01
6.426869999999999550e+01
6.595059999999999434e+01
6.753605000000000302e+01
6.881104999999999450e+01
7.007710000000000150e+01
7.090800000000000125e+01
7.101914999999999623e+01
7.227694999999999936e+01
7.344389999999999930e+01
7.385299999999999443e+01
7.457489999999999952e+01
7.465109999999999957e+01
7.506695000000000562e+01
7.654174999999999329e+01
7.682059999999999889e+01
7.928520000000000323e+01
8.003674999999999784e+01
8.040279999999999916e+01
8.056789999999999452e+01
8.057314999999999827e+01
8.101869999999999550e+01
8.188880000000000337e+01
8.189934999999999832e+01
8.254110000000000014e+01
8.311329999999999529e+01
8.368025000000000091e+01
8.400945000000000107e+01
8.428650000000000375e+01
8.428955000000000553e+01
8.429205000000000325e+01
8.429795000000000016e+01
8.605424999999999613e+01
8.623390000000000555e+01
8.690619999999999834e+01
9.272509999999999764e+01
9.272775000000000034e+01
9.273014999999999475e+01
9.273260000000000502e+01
9.348709999999999809e+01
9.434175000000000466e+01
9.515094999999999459e+01
9.666289999999999338e+01
9.666660000000000252e+01
9.667079999999999984e+01
9.712205000000000155e+01
9.712484999999999502e+01
9.712810000000000343e+01
9.731634999999999991e+01
9.782025000000000148e+01
9.895720000000000027e+01
9.895990000000000464e+01
9.896235000000000070e+01
1.010777499999999947e+02
1.020948000000000064e+02
1.033225000000000051e+02
1.033289999999999935e+02
1.035249500000000040e+02
1.040312500000000000e+02
1.044963000000000051e+02
1.053587500000000006e+02
1.056765999999999934e+02
1.081719999999999970e+02
1.089234000000000009e+02
1.095081500000000005e+02
1.106959499999999963e+02
1.108504999999999967e+02
1.114219999999999970e+02
1.117295000000000016e+02
1.128682000000000016e+02
1.133468500000000034e+02
1.184803500000000014e+02
1.184974500000000006e+02
1.196701500000000067e+02
1.196739500000000049e+02
1.209364000000000061e+02
1.228657000000000039e+02
1.238750000000000000e+02
1.239984000000000037e+02
1.246987500000000040e+02
1.250518000000000001e+02
1.251073999999999984e+02
1.285262999999999920e+02
1.306939500000000010e+02
1.307163500000000056e+02
1.313072500000000105e+02
1.323756500000000074e+02
1.324138000000000090e+02
1.330398000000000138e+02
1.351121500000000140e+02
1.351162999999999954e+02
1.351191499999999905e+02
1.357119000000000142e+02
1.361748499999999922e+02
1.366272500000000036e+02
1.368795000000000073e+02
1.376170500000000061e+02
1.377940499999999986e+02
1.391023999999999887e+02
1.399141500000000065e+02
1.426116499999999974e+02
1.440765499999999975e+02
1.440804500000000132e+02
1.444703000000000088e+02
1.444735000000000014e+02
1.444764499999999998e+02
1.444905500000000131e+02
1.475734500000000082e+02
1.476115499999999940e+02
1.476229999999999905e+02
1.483286999999999978e+02
1.492342999999999904e+02
1.497424499999999910e+02
1.511194500000000005e+02
1.511227499999999964e+02
1.511256999999999948e+02
1.517374499999999955e+02
1.524408500000000117e+02
1.524562999999999988e+02
1.545470500000000129e+02
1.547204499999999996e+02
1.547230500000000006e+02
1.547254499999999950e+02
1.551179999999999950e+02
1.551206500000000119e+02
1.551230999999999938e+02
1.575477500000000077e+02
1.585655500000000018e+02
1.591541499999999871e+02
1.599920999999999935e+02
1.599953999999999894e+02
1.600614999999999952e+02
1.600646000000000129e+02
1.602770999999999901e+02
1.635137000000000000e+02
1.688068499999999972e+02
1.688594999999999970e+02
1.702906999999999869e+02
1.726547999999999945e+02
1.735349500000000091e+02
1.742393999999999892e+02
1.745535000000000139e+02
1.763754500000000007e+02
1.778885500000000093e+02
1.778933000000000106e+02
1.783810000000000002e+02
1.783838000000000079e+02
1.783862499999999898e+02
1.783892500000000041e+02
1.788367000000000075e+02
1.788391499999999894e+02
1.789351499999999930e+02
1.789372500000000059e+02
1.789396500000000003e+02
1.800747499999999945e+02
1.838507999999999925e+02
1.840653000000000077e+02
1.862957499999999982e+02
1.862988000000000000e+02
1.863035000000000139e+02
1.876692999999999927e+02
1.886072000000000060e+02
1.886098499999999945e+02
1.886124499999999955e+02
1.894984499999999912e+02
1.906451000000000136e+02
1.906521500000000060e+02
1.913436000000000092e+02
1.913463999999999885e+02
1.913491500000000087e+02
1.917421999999999969e+02
1.917456500000000119e+02
1.920819999999999936e+02
1.920885000000000105e+02
1.934322500000000105e+02
1.934346500000000049e+02
1.934369000000000085e+02
1.934423500000000047e+02
1.935262999999999920e+02
1.935361000000000047e+02
1.935396000000000072e+02
1.936529500000000041e+02
1.942224500000000091e+02
1.942253499999999917e+02
1.942281000000000120e+02
1.953121500000000026e+02
1.953151000000000010e+02
1.953177000000000021e+02
1.953226500000000101e+02
1.972438999999999965e+02
1.974954500000000053e+02
1.974987999999999886e+02
1.977581999999999880e+02
1.977634999999999934e+02
1.994538000000000011e+02
2.001994500000000130e+02
2.006939999999999884e+02
2.011030000000000086e+02
2.011387499999999875e+02
2.011440000000000055e+02
2.013642499999999984e+02
2.013688500000000090e+02
2.013722500000000082e+02
2.029535500000000070e+02
2.031291999999999973e+02
2.031312000000000069e+02
2.031331999999999880e+02
2.031353499999999883e+02
2.031376500000000078e+02
2.032379500000000121e+02
2.033215500000000020e+02
2.033239499999999964e+02
2.037267999999999972e+02
2.037297499999999957e+02
2.037325500000000034e+02
2.046761999999999944e+02
2.052596499999999935e+02
2.052622499999999945e+02
2.052646000000000015e+02
2.052677999999999940e+02
2.070124999999999886e+02
2.070156499999999937e+02
2.070193999999999903e+02
2.076467000000000098e+02
2.092253499999999917e+02
2.096019000000000005e+02
2.097813500000000033e+02
2.121585000000000036e+02
2.121627000000000010e+02
2.124841000000000122e+02
2.124859500000000025e+02
2.125734999999999957e+02
2.126318499999999858e+02
2.146072000000000060e+02
2.152727500000000020e+02
2.152769000000000119e+02
2.152790999999999997e+02
2.152815999999999974e+02
2.154895500000000084e+02
2.160629500000000007e+02
2.160658500000000117e+02
2.160681999999999903e+02
2.160706500000000005e+02
2.162784499999999923e+02
2.162810000000000059e+02
2.162835000000000036e+02
2.162862000000000080e+02
2.170841000000000065e+02
2.183041000000000054e+02
2.183061999999999898e+02
2.183103999999999871e+02
2.183128499999999974e+02
2.187907500000000027e+02
2.187939000000000078e+02
2.191563500000000033e+02
2.191584499999999878e+02
2.191604000000000099e+02
2.191625999999999976e+02
2.191649999999999920e+02
2.191698000000000093e+02
2.192739500000000135e+02
2.192770500000000027e+02
2.203667000000000087e+02
2.207848999999999933e+02
2.207875500000000102e+02
2.207899999999999920e+02
2.209876500000000021e+02
2.212391000000000076e+02
2.212419500000000028e+02
2.212443499999999972e+02
2.212473999999999990e+02
2.221719500000000096e+02
2.221740000000000066e+02
2.221779500000000098e+02
2.221802500000000009e+02
2.221824499999999887e+02
2.221851499999999930e+02
2.223442499999999882e+02
2.223709000000000060e+02
2.224271500000000117e+02
2.229499500000000012e+02
2.229535500000000070e+02
2.229565000000000055e+02
2.231765000000000043e+02
2.248699000000000012e+02
2.248738999999999919e+02
2.249539499999999919e+02
2.249566499999999962e+02
2.249583000000000084e+02
2.251027499999999861e+02
2.251105499999999893e+02
2.251347499999999968e+02
2.256905999999999892e+02
2.256930000000000121e+02
2.256951500000000124e+02
2.256974500000000035e+02
2.257001999999999953e+02
2.259175500000000056e+02
2.259200999999999908e+02
2.261361499999999864e+02
2.261385999999999967e+02
2.261407000000000096e+02
2.261430499999999881e+02
2.269489000000000090e+02
2.269517500000000041e+02
2.269548499999999933e+02
2.269578999999999951e+02
2.274176500000000090e+02
2.274195499999999868e+02
2.274214000000000055e+02
2.274278500000000065e+02
2.274466500000000053e+02
2.274515000000000100e+02
2.277290999999999883e+02
2.277308500000000038e+02
2.277328500000000133e+02
2.283438999999999908e+02
2.283497500000000002e+02
2.284678999999999860e+02
2.284699500000000114e+02
2.288523000000000138e+02
2.288545499999999890e+02
2.288565999999999860e+02
2.288587499999999864e+02
2.288638500000000136e+02
2.291617999999999995e+02
2.299105999999999881e+02
2.299145000000000039e+02
2.301307500000000061e+02
2.301358500000000049e+02
2.304060499999999934e+02
2.304153499999999894e+02
2.304177500000000123e+02
2.304199000000000126e+02
2.304223499999999945e+02
2.304246500000000140e+02
2.310994000000000028e+02
2.311015999999999906e+02
2.311036000000000001e+02
2.311058500000000038e+02
2.311081499999999949e+02
2.315011499999999955e+02
2.315040500000000065e+02
2.315064500000000010e+02
2.315090500000000020e+02
2.319971500000000049e+02
2.319994000000000085e+02
2.320015500000000088e+02
2.320039500000000032e+02
2.321850000000000023e+02
2.325459999999999923e+02
2.325750999999999920e+02
2.325771000000000015e+02
2.325789499999999919e+02
2.325809500000000014e+02
2.325832000000000050e+02
2.325856499999999869e+02
2.330954999999999870e+02
2.332006499999999960e+02
2.332026500000000055e+02
2.332066000000000088e+02
2.332113500000000101e+02
2.332198999999999955e+02
2.336042999999999950e+02
2.339302500000000009e+02
2.339343499999999949e+02
2.339363999999999919e+02
2.339387499999999989e+02
2.339412499999999966e+02
2.339437000000000069e+02
2.340656500000000051e+02
2.346213500000000067e+02
2.346283999999999992e+02
2.347177000000000078e+02
2.347200499999999863e+02
2.351972499999999968e+02
2.351996000000000038e+02
2.352016999999999882e+02
2.352040499999999952e+02
2.352070999999999970e+02
2.356220500000000015e+02
2.356240999999999985e+02
2.356261000000000081e+02
2.356281500000000051e+02
2.356303499999999929e+02
2.356327499999999873e+02
2.359610000000000127e+02
2.360203500000000076e+02
2.366165000000000020e+02
2.369086499999999944e+02
2.369106999999999914e+02
2.369126500000000135e+02
2.369147000000000105e+02
2.369201999999999941e+02
2.373833999999999946e+02
2.376589999999999918e+02
2.376809499999999957e+02
2.376830500000000086e+02
2.376850000000000023e+02
2.376870999999999867e+02
2.376893000000000029e+02
2.379016499999999894e+02
2.379458500000000072e+02
2.379479000000000042e+02
2.379498000000000104e+02
2.379518500000000074e+02
2.379540000000000077e+02
2.379564499999999896e+02
2.379671999999999912e+02
2.383272000000000048e+02
2.383294999999999959e+02
2.383315499999999929e+02
2.383363500000000101e+02
2.383392499999999927e+02
2.384926000000000101e+02
2.388208999999999946e+02
2.388230499999999950e+02
2.388249999999999886e+02
2.388271000000000015e+02
2.388293500000000051e+02
2.388324000000000069e+02
2.388356499999999869e+02
2.394252999999999929e+02
2.394273000000000025e+02
2.394291499999999928e+02
2.394310999999999865e+02
2.394333499999999901e+02
2.396508000000000038e+02
2.396605000000000132e+02
2.396624999999999943e+02
2.396664000000000101e+02
2.396687000000000012e+02
2.396716499999999996e+02
2.399463000000000079e+02
2.399904500000000098e+02
2.400047500000000014e+02
2.400070000000000050e+02
2.400090500000000020e+02
2.400137499999999875e+02
2.408898499999999956e+02
2.408919500000000085e+02
2.408942999999999870e+02
2.417302500000000123e+02
2.419461499999999887e+02
2.419496499999999912e+02
2.419528999999999996e+02
2.419593000000000131e+02
2.420298500000000104e+02
2.422224500000000091e+02
2.422247999999999877e+02
2.422307999999999879e+02
2.428007499999999936e+02
2.428328999999999951e+02
2.428352999999999895e+02
2.428390499999999861e+02
2.428458500000000129e+02
2.428487000000000080e+02
2.438337999999999965e+02
2.438357499999999902e+02
2.438376000000000090e+02
2.438395500000000027e+02
2.438419000000000096e+02
2.438443000000000040e+02
2.439068000000000040e+02
2.439431999999999903e+02
2.440123000000000104e+02
2.440155499999999904e+02
2.441288000000000125e+02
2.441329499999999939e+02
2.448439500000000066e+02
2.449280500000000131e+02
2.449326499999999953e+02
2.453154499999999985e+02
2.453187499999999943e+02
2.453249000000000137e+02
2.453273499999999956e+02
2.453376499999999965e+02
2.459481499999999983e+02
2.459527999999999963e+02
2.460405000000000086e+02
2.460449000000000126e+02
2.460505499999999870e+02
2.461340999999999894e+02
2.464234999999999900e+02
2.464257499999999936e+02
2.464277999999999906e+02
2.464299499999999910e+02
2.464323500000000138e+02
2.470625499999999874e+02
2.470664999999999907e+02
2.470686000000000035e+02
2.470711000000000013e+02
2.470746000000000038e+02
2.472334500000000048e+02
2.472361500000000092e+02
2.472413999999999987e+02
2.472435000000000116e+02
2.474085499999999911e+02
2.474118499999999869e+02
2.476742000000000132e+02
2.476781000000000006e+02
2.476830500000000086e+02
2.482255499999999984e+02
2.482319500000000119e+02
2.482343999999999937e+02
2.482372000000000014e+02
2.485771499999999889e+02
2.485817000000000121e+02
2.485841499999999940e+02
2.488696999999999946e+02
2.488723999999999990e+02
2.492356499999999926e+02
2.492379500000000121e+02
2.492400000000000091e+02
2.492444500000000005e+02
2.493229000000000042e+02
2.494685000000000059e+02
2.494711499999999944e+02
2.494734500000000139e+02
2.494758999999999958e+02
2.494819500000000119e+02
2.498337500000000091e+02
2.498366499999999917e+02
2.498388500000000079e+02
2.498414500000000089e+02
2.500745499999999879e+02
2.500972500000000025e+02
2.501790000000000020e+02
2.501817499999999939e+02
2.506108499999999992e+02
2.506131000000000029e+02
2.506151000000000124e+02
2.506174499999999910e+02
2.506281999999999925e+02
2.508914000000000044e+02
2.509236999999999966e+02
2.509262999999999977e+02
2.509307000000000016e+02
2.509372500000000059e+02
2.517404500000000098e+02
2.517426000000000101e+02
2.517445999999999913e+02
2.517527499999999918e+02
2.518088500000000067e+02
2.520855999999999995e+02
2.520877000000000123e+02
2.520915999999999997e+02
2.520970000000000084e+02
2.521004000000000076e+02
2.521673999999999864e+02
2.525215499999999906e+02
2.525262999999999920e+02
2.525292000000000030e+02
2.526353000000000009e+02
2.526455499999999859e+02
2.529564499999999896e+02
2.530314999999999941e+02
2.530334499999999878e+02
2.530352499999999907e+02
2.530371499999999969e+02
2.530394000000000005e+02
2.530418999999999983e+02
2.531921000000000106e+02
2.531946499999999958e+02
2.532541500000000099e+02
2.532581500000000005e+02
2.532605000000000075e+02
2.532637000000000000e+02
2.532665000000000077e+02
2.536645499999999913e+02
2.536665999999999883e+02
2.536742000000000132e+02
2.540376500000000135e+02
2.540400999999999954e+02
2.540422000000000082e+02
2.540446000000000026e+02
2.546825499999999920e+02
2.550077499999999873e+02
2.550119500000000130e+02
2.550141500000000008e+02
2.551628499999999917e+02
2.554610000000000127e+02
2.554680500000000052e+02
2.556086500000000115e+02
2.556570000000000107e+02
2.562527999999999793e+02
2.562547500000000014e+02
2.562565500000000043e+02
2.562585500000000138e+02
2.562631999999999834e+02
2.567117499999999950e+02
2.567841999999999985e+02
2.567861500000000206e+02
2.567934500000000071e+02
2.576408000000000129e+02
2.576431000000000040e+02
2.576451000000000136e+02
2.576474000000000046e+02
2.581297000000000139e+02
2.581317999999999984e+02
2.581338000000000079e+02
2.581358999999999924e+02
2.581382500000000277e+02
2.581410500000000070e+02
2.581446500000000128e+02
2.588753500000000258e+02
2.588781999999999925e+02
2.588807499999999777e+02
2.589696500000000015e+02
2.592377999999999929e+02
2.592465000000000259e+02
2.608912000000000262e+02
2.614006499999999846e+02
2.614029499999999757e+02
2.616293499999999881e+02
2.616315000000000168e+02
2.616334499999999821e+02
2.616354999999999791e+02
2.616376999999999953e+02
2.616618500000000154e+02
2.616641500000000065e+02
2.617809500000000185e+02
2.622884999999999991e+02
2.622912000000000035e+02
2.622934000000000196e+02
2.622959999999999923e+02
2.623897999999999797e+02
2.623929999999999723e+02
2.627670499999999834e+02
2.627697999999999752e+02
2.627717499999999973e+02
2.634223999999999819e+02
2.641504499999999780e+02
2.643520500000000197e+02
2.643980000000000246e+02
2.644008000000000038e+02
2.644028999999999883e+02
2.644051999999999794e+02
2.644078000000000088e+02
2.652657500000000255e+02
2.659068500000000199e+02
2.659088499999999726e+02
2.659107000000000198e+02
2.659126999999999725e+02
2.659149499999999762e+02
2.663136000000000081e+02
2.665350999999999999e+02
2.665381499999999733e+02
2.665407500000000027e+02
2.665441500000000019e+02
2.665651500000000169e+02
2.673363499999999817e+02
2.673389500000000112e+02
2.673410999999999831e+02
2.673430999999999926e+02
2.673736000000000104e+02
2.674284499999999980e+02
2.679164000000000101e+02
2.686168499999999995e+02
2.686188500000000090e+02
2.686206999999999994e+02
2.686226500000000215e+02
2.686248499999999808e+02
2.686274000000000228e+02
2.687698500000000195e+02
2.688389000000000237e+02
2.688412500000000023e+02
2.688454500000000280e+02
2.688516000000000190e+02
2.692661499999999819e+02
2.692690499999999929e+02
2.692999500000000239e+02
2.693032499999999914e+02
2.693057000000000016e+02
2.693087499999999750e+02
2.698417999999999779e+02
2.702093499999999722e+02
2.702124499999999898e+02
2.702149499999999875e+02
2.703247999999999820e+02
2.703274499999999989e+02
2.703297499999999900e+02
2.703705499999999802e+02
2.707205500000000029e+02
2.707237499999999955e+02
2.707260499999999865e+02
2.711508999999999787e+02
2.711596000000000117e+02
2.711628000000000043e+02
2.711654500000000212e+02
2.718656500000000165e+02
2.718686000000000149e+02
2.721628499999999917e+02
2.721716000000000122e+02
2.722407000000000039e+02
2.733441000000000258e+02
2.733464999999999918e+02
2.733485499999999888e+02
2.733507500000000050e+02
2.734756499999999733e+02
2.738292500000000018e+02
2.738315499999999929e+02
2.738336499999999774e+02
2.738358499999999935e+02
2.738562499999999886e+02
2.738595500000000129e+02
2.743294000000000210e+02
2.743323500000000195e+02
2.743346000000000231e+02
2.743369999999999891e+02
2.750917000000000030e+02
2.754144499999999880e+02
2.756626499999999851e+02
2.765824999999999818e+02
2.765845499999999788e+02
2.765870499999999765e+02
2.765891500000000178e+02
2.765941000000000258e+02
2.766415000000000077e+02
2.766441500000000246e+02
2.778484000000000265e+02
2.780425000000000182e+02
2.780452000000000226e+02
2.780475999999999885e+02
2.780500999999999863e+02
2.780593499999999949e+02
2.786634999999999991e+02
2.786659500000000094e+02
2.786678999999999746e+02
2.786702000000000226e+02
2.789420000000000073e+02
2.789447000000000116e+02
2.789469000000000278e+02
2.789714999999999918e+02
2.797162999999999897e+02
2.799215500000000247e+02
2.800542500000000246e+02
2.804692499999999882e+02
2.804724499999999807e+02
2.804750500000000102e+02
2.807863500000000272e+02
2.807893000000000256e+02
2.807918999999999983e+02
2.808580999999999790e+02
2.808609000000000151e+02
2.810302500000000236e+02
2.810328999999999837e+02
2.810353000000000065e+02
2.810375999999999976e+02
2.810403999999999769e+02
2.819610500000000002e+02
2.819637999999999920e+02
2.819661500000000274e+02
2.819684500000000185e+02
2.819710499999999911e+02
2.826358999999999924e+02
2.830541999999999803e+02
2.830579500000000053e+02
2.830606999999999971e+02
2.835722499999999968e+02
2.835747999999999820e+02
2.839460000000000264e+02
2.839504999999999768e+02
2.839528000000000247e+02
2.839571500000000128e+02
2.839766999999999939e+02
2.855667000000000257e+02
2.855714500000000271e+02
2.855742500000000064e+02
2.855770499999999856e+02
2.859067000000000007e+02
2.861367000000000189e+02
2.864966000000000008e+02
2.864990500000000111e+02
2.865012500000000273e+02
2.865059999999999718e+02
2.872024499999999989e+02
2.880511999999999944e+02
2.880538500000000113e+02
2.885307500000000118e+02
2.885334500000000162e+02
2.885357000000000198e+02
2.885382999999999925e+02
2.885414999999999850e+02
2.890731499999999983e+02
2.890842000000000098e+02
2.900176000000000158e+02
2.900201500000000010e+02
2.900223500000000172e+02
2.900247499999999832e+02
2.901796499999999810e+02
2.901821499999999787e+02
2.909092999999999734e+02
2.909117499999999836e+02
2.909137999999999806e+02
2.909159500000000094e+02
2.909236500000000092e+02
2.912608999999999924e+02
2.912634499999999775e+02
2.912659499999999753e+02
2.914882499999999936e+02
2.914915500000000179e+02
2.914947999999999979e+02
2.914967500000000200e+02
2.914977999999999838e+02
2.915000000000000000e+02
2.915806999999999789e+02
2.921943499999999858e+02
2.939058499999999867e+02
2.943743499999999926e+02
2.943772500000000036e+02
2.943795000000000073e+02
2.943820999999999799e+02
2.958795499999999947e+02
2.958829499999999939e+02
2.958929999999999723e+02
2.959492999999999938e+02
2.959583499999999958e+02
2.960973500000000058e+02
2.961009500000000116e+02
2.961034000000000219e+02
2.981569000000000074e+02
2.981600500000000125e+02
2.981624499999999784e+02
2.981653000000000020e+02
2.992643499999999790e+02
2.992667999999999893e+02
2.992711499999999774e+02
2.992748500000000149e+02
2.995061000000000035e+02
2.995439000000000078e+02
2.995570000000000164e+02
3.000607999999999720e+02
3.002357499999999959e+02
3.004878499999999804e+02
3.015780500000000188e+02
3.020471000000000004e+02
3.020509000000000128e+02
3.020552999999999884e+02
3.021843499999999949e+02
3.032087500000000091e+02
3.033018999999999892e+02
3.038567499999999768e+02
3.039759000000000242e+02
3.041484500000000253e+02
3.041723000000000070e+02
3.044676999999999794e+02
3.047209500000000162e+02
3.056195500000000038e+02
3.057918000000000234e+02
3.063231999999999857e+02
3.066449000000000069e+02
3.067776999999999816e+02
3.078318499999999744e+02
3.078711000000000126e+02
3.084349000000000274e+02
3.084481499999999983e+02
3.096805499999999824e+02
3.098840999999999894e+02
3.103279999999999745e+02
3.120519499999999766e+02
3.132536000000000058e+02
3.148321500000000128e+02
3.148832499999999754e+02
3.149834000000000174e+02
3.150099999999999909e+02
3.163168999999999755e+02
3.163215999999999894e+02
3.171452499999999759e+02
3.176970000000000027e+02
3.185776500000000055e+02
3.185851499999999987e+02
3.189795500000000175e+02
3.190287999999999897e+02
3.190846500000000106e+02
3.202311500000000137e+02
3.202717000000000098e+02
3.206408999999999878e+02
3.207640999999999849e+02
3.209173499999999990e+02
3.213697999999999979e+02
3.216612499999999955e+02
3.225561500000000024e+02
3.232303999999999746e+02
3.236687000000000012e+02
3.244205999999999790e+02
3.256761999999999944e+02
3.260146500000000174e+02
3.260337999999999852e+02
3.265695000000000050e+02
3.265867499999999950e+02
3.265895499999999743e+02
3.265944999999999823e+02
3.266021000000000072e+02
3.267352500000000077e+02
3.268231499999999983e+02
3.268661500000000046e+02
3.273684000000000083e+02
3.282128500000000031e+02
3.282574500000000057e+02
3.283577000000000226e+02
3.308815999999999917e+02
3.310819000000000187e+02
3.312948499999999967e+02
3.321288499999999999e+02
3.330507499999999936e+02
3.330566499999999905e+02
3.331952999999999747e+02
3.336521000000000186e+02
3.339827999999999975e+02
3.340706999999999880e+02
3.341308999999999969e+02
3.342491999999999734e+02
3.359091500000000110e+02
3.368910999999999945e+02
3.379309499999999957e+02
3.382518999999999778e+02
3.383493000000000279e+02
3.397806499999999801e+02
3.397939499999999953e+02
3.401180499999999824e+02
3.409473499999999717e+02
3.413358999999999810e+02
3.419427000000000021e+02
3.422498499999999808e+02
3.422572499999999991e+02
3.422939999999999827e+02
3.422998999999999796e+02
3.430473999999999819e+02
3.437859500000000139e+02
3.448066499999999905e+02
3.449884999999999877e+02
3.449919499999999744e+02
3.457668499999999767e+02
3.459454999999999814e+02
3.460802499999999782e+02
3.461750999999999863e+02
3.463312500000000114e+02
3.464345999999999890e+02
3.468634000000000128e+02
3.470504999999999995e+02
3.470792000000000144e+02
3.479469000000000278e+02
3.486628000000000043e+02
3.490004500000000007e+02
3.495169000000000210e+02
3.501281999999999925e+02
3.504004499999999780e+02
3.504702500000000214e+02
3.514403500000000236e+02
3.516809999999999832e+02
3.520380499999999984e+02
3.521784000000000106e+02
3.529705500000000029e+02
3.530865000000000009e+02
3.532966000000000122e+02
3.533117500000000177e+02
3.533482000000000198e+02
3.543453000000000088e+02
3.547773000000000252e+02
3.548583499999999731e+02
3.554959999999999809e+02
3.555389000000000124e+02
3.559908500000000231e+02
3.560679999999999836e+02
3.574648500000000126e+02
3.574864999999999782e+02
3.580435499999999820e+02
3.581891499999999837e+02
3.588899499999999989e+02
3.589395999999999844e+02
3.596316499999999792e+02
3.601048000000000116e+02
3.617989000000000033e+02
3.618053499999999758e+02
3.622493000000000052e+02
3.624796999999999798e+02
3.626888999999999896e+02
3.628425500000000170e+02
3.628863499999999931e+02
3.629286500000000046e+02
3.629830000000000041e+02
3.633244500000000130e+02
3.638684499999999957e+02
3.639923999999999751e+02
3.640779999999999745e+02
3.643543999999999983e+02
3.649294499999999744e+02
3.655888499999999794e+02
3.661951500000000124e+02
3.665545000000000186e+02
3.671059500000000071e+02
3.672185999999999808e+02
3.684700000000000273e+02
3.686406999999999812e+02
3.686526000000000067e+02
3.689230999999999767e+02
3.689312499999999773e+02
3.695270499999999743e+02
3.701610999999999763e+02
3.705968500000000176e+02
3.706680999999999813e+02
3.715199999999999818e+02
3.716325499999999806e+02
3.734739999999999895e+02
3.735568000000000097e+02
3.737807500000000118e+02
3.739290500000000179e+02
3.739420000000000073e+02
3.740582999999999743e+02
3.740946000000000140e+02
3.742389499999999884e+02
3.750647999999999911e+02
3.750765000000000100e+02
3.762174499999999853e+02
3.762850500000000125e+02
3.770952500000000214e+02
3.771951000000000249e+02
3.775353000000000065e+02
3.777431500000000142e+02
3.777816500000000133e+02
3.779780499999999961e+02
3.789263500000000136e+02
3.796684999999999945e+02
3.800499500000000239e+02
3.819058499999999867e+02
3.820384500000000116e+02
3.821617499999999836e+02
3.822216500000000110e+02
3.827877500000000168e+02
3.831164499999999862e+02
3.833319500000000062e+02
3.838725499999999897e+02
3.838881499999999960e+02
3.840200500000000261e+02
3.840328000000000088e+02
3.856723000000000070e+02
3.862603500000000167e+02
3.867346999999999753e+02
3.872250000000000227e+02
3.872586499999999887e+02
3.881728499999999826e+02
3.881768500000000017e+02
3.899397000000000162e+02
3.908689499999999839e+02
3.936394500000000107e+02
3.939039500000000089e+02
3.957266999999999939e+02
3.957336999999999989e+02
3.963480000000000132e+02
3.979264000000000010e+02
3.997283499999999776e+02
4.003222999999999843e+02
4.005154499999999871e+02
4.005380499999999984e+02
4.007285499999999843e+02
4.012194499999999948e+02
4.022050500000000284e+02
4.022093499999999722e+02
4.028709499999999935e+02
4.031779999999999973e+02
4.035738499999999931e+02
4.043187500000000227e+02
4.049015499999999861e+02
4.071634500000000116e+02
4.071673499999999990e+02
4.075147499999999923e+02
4.077449500000000171e+02
4.078340499999999906e+02
4.081521000000000186e+02
4.082373000000000047e+02
4.083472499999999741e+02
4.088495500000000220e+02
4.088849000000000160e+02
4.097520000000000095e+02
4.112779499999999757e+02
4.113013000000000261e+02
4.119375499999999874e+02
4.122174499999999853e+02
4.123278999999999996e+02
4.125409999999999968e+02
4.150196500000000128e+02
4.160728500000000167e+02
4.160972499999999741e+02
4.166603000000000065e+02
4.175548999999999751e+02
4.184956500000000119e+02
4.187281500000000278e+02
4.188461500000000228e+02
4.189887499999999818e+02
4.192575499999999806e+02
4.204833499999999731e+02
4.204936500000000024e+02
4.205656000000000176e+02
4.205754499999999894e+02
4.216653000000000020e+02
4.219388000000000147e+02
4.228589499999999930e+02
4.233541000000000167e+02
4.251372499999999945e+02
4.255934500000000185e+02
4.263430999999999926e+02
4.269341999999999757e+02
4.269821000000000026e+02
4.269848999999999819e+02
4.269891000000000076e+02
4.271383000000000152e+02
4.271826500000000237e+02
4.298312500000000114e+02
4.313014499999999884e+02
4.313224500000000035e+02
4.314537500000000136e+02
4.314703499999999963e+02
4.322273000000000138e+02
4.330344499999999925e+02
4.337810000000000059e+02
4.345510499999999752e+02
4.352966999999999871e+02
4.359761500000000183e+02
4.369328499999999735e+02
4.384947999999999979e+02
4.390432999999999879e+02
4.397022999999999797e+02
4.397248000000000161e+02
4.399560500000000047e+02
4.400052999999999770e+02
4.403401000000000067e+02
4.419116999999999962e+02
4.420991500000000087e+02
4.423050000000000068e+02
4.439083499999999844e+02
4.440933499999999867e+02
4.443357500000000186e+02
4.443679999999999950e+02
4.455653500000000236e+02
4.461532500000000141e+02
4.461580500000000029e+02
4.461609500000000139e+02
4.462062999999999988e+02
4.462098500000000172e+02
4.465341999999999985e+02
4.473276999999999930e+02
4.504103499999999940e+02
4.510697499999999991e+02
4.521181500000000142e+02
4.523353000000000179e+02
4.527891000000000190e+02
4.533191499999999792e+02
4.533222499999999968e+02
4.548276000000000181e+02
4.562659499999999753e+02
4.566174500000000194e+02
4.576537999999999897e+02
4.580158999999999878e+02
4.582414999999999736e+02
4.590304499999999734e+02
4.590548499999999876e+02
4.594553999999999974e+02
4.594626999999999839e+02
4.604534499999999753e+02
4.617550499999999829e+02
4.630067999999999984e+02
4.639227500000000077e+02
4.662401500000000283e+02
4.684326500000000237e+02
4.689961500000000001e+02
4.696743500000000040e+02
4.706457500000000209e+02
4.710849000000000046e+02
4.711748999999999796e+02
4.723088999999999942e+02
4.726155999999999722e+02
4.744416499999999814e+02
4.744447000000000116e+02
4.744476999999999975e+02
4.749929000000000201e+02
4.750418500000000108e+02
4.750720999999999776e+02
4.750910000000000082e+02
4.757839999999999918e+02
4.760142999999999915e+02
4.769055500000000052e+02
4.793924000000000092e+02
4.794712999999999852e+02
4.796775499999999965e+02
4.797285499999999843e+02
4.806782000000000039e+02
4.807889000000000124e+02
4.816073000000000093e+02
4.816188999999999965e+02
4.816265999999999963e+02
4.820444499999999834e+02
4.822885999999999740e+02
4.824429999999999836e+02
4.825075499999999806e+02
4.837818500000000199e+02
4.855464000000000055e+02
4.865379500000000235e+02
4.872047999999999774e+02
4.878408000000000015e+02
4.886119499999999789e+02
4.889558499999999981e+02
4.889954000000000178e+02
4.890421499999999924e+02
4.895421999999999798e+02
4.895609000000000037e+02
4.899822500000000218e+02
4.904013499999999794e+02
4.909611499999999751e+02
4.917255000000000109e+02
4.926229500000000030e+02
4.943831500000000005e+02
4.950432000000000130e+02
4.961786000000000172e+02
4.965604500000000030e+02
4.974730500000000006e+02
4.975826500000000010e+02
4.975917499999999905e+02
4.975971499999999992e+02
4.977045499999999834e+02
4.979738500000000272e+02
4.987943999999999960e+02
4.990391999999999939e+02
4.993307500000000232e+02
4.997436500000000024e+02
4.997461000000000126e+02
4.997489499999999794e+02
5.000180500000000166e+02
5.000206000000000017e+02
5.000232500000000186e+02
5.006854000000000156e+02
5.015518500000000017e+02
5.028907500000000255e+02
5.028944999999999936e+02
5.031009000000000242e+02
5.031610000000000014e+02
5.034182999999999879e+02
5.049241999999999848e+02
5.054116999999999962e+02
5.055924499999999853e+02
5.060848500000000172e+02
5.063031500000000165e+02
5.090009000000000015e+02
5.091100999999999885e+02
5.095513500000000136e+02
5.110249999999999773e+02
5.111261000000000081e+02
5.117721999999999980e+02
5.124117499999999836e+02
5.127653000000000247e+02
5.134356999999999971e+02
5.136909500000000435e+02
5.137677499999999782e+02
5.137703999999999951e+02
5.137728499999999485e+02
5.137867499999999836e+02
5.148460000000000036e+02
5.148495000000000346e+02
5.148524499999999762e+02
5.165824000000000069e+02
5.177893500000000131e+02
5.177921999999999798e+02
5.177946500000000469e+02
5.177974000000000387e+02
5.184339999999999691e+02
5.189927000000000135e+02
5.196568499999999631e+02
5.199866500000000542e+02
5.199918000000000120e+02
5.204873000000000047e+02
5.216932000000000471e+02
5.238183999999999969e+02
5.238514499999999998e+02
5.239968000000000075e+02
5.253726000000000340e+02
5.260133499999999458e+02
5.281870000000000118e+02
5.286720500000000129e+02
5.286748999999999796e+02
5.286775000000000091e+02
5.289379000000000133e+02
5.301943499999999858e+02
5.301963500000000522e+02
5.301982500000000300e+02
5.302002499999999827e+02
5.302025499999999738e+02
5.307573999999999614e+02
5.308471500000000560e+02
5.312774500000000444e+02
5.324256000000000313e+02
5.333912000000000262e+02
5.333976499999999987e+02
5.334211999999999989e+02
5.339116500000000087e+02
5.345491500000000542e+02
5.345531999999999471e+02
5.345561000000000149e+02
5.351326999999999998e+02
5.351358999999999924e+02
5.351403000000000247e+02
5.366024999999999636e+02
5.388650000000000091e+02
5.393581000000000358e+02
5.393698000000000548e+02
5.400472499999999627e+02
5.402612500000000182e+02
5.403567000000000462e+02
5.403623000000000047e+02
5.412145500000000311e+02
5.416691499999999451e+02
5.417356999999999516e+02
5.420833499999999958e+02
5.427603000000000293e+02
5.442786499999999705e+02
5.449888999999999442e+02
5.454373500000000377e+02
5.456149000000000342e+02
5.461926999999999452e+02
5.462223000000000184e+02
5.466464999999999463e+02
5.467300500000000056e+02
5.472635500000000093e+02
5.478158499999999549e+02
5.486680000000000064e+02
5.487897500000000264e+02
5.489642499999999927e+02
5.511961000000000013e+02
5.519170000000000300e+02
5.527948999999999842e+02
5.528317500000000564e+02
5.528506999999999607e+02
5.555223999999999478e+02
5.561302500000000464e+02
5.568788500000000568e+02
5.569467499999999518e+02
5.582422000000000253e+02
5.585216000000000349e+02
5.591747500000000173e+02
5.595576499999999669e+02
5.595615000000000236e+02
5.614742999999999711e+02
5.616399499999999989e+02
5.626062500000000455e+02
5.631944499999999607e+02
5.632065499999999929e+02
5.638441500000000133e+02
5.644859999999999900e+02
5.644882499999999936e+02
5.644903000000000475e+02
5.644926500000000260e+02
5.644962000000000444e+02
5.646702999999999975e+02
5.649763500000000249e+02
5.660820999999999685e+02
5.662383499999999685e+02
5.664677000000000362e+02
5.669533500000000004e+02
5.683498499999999467e+02
5.684416999999999689e+02
5.696210499999999683e+02
5.710302500000000236e+02
5.717613999999999805e+02
5.717645499999999856e+02
5.717670500000000402e+02
5.723971500000000106e+02
5.731775999999999840e+02
5.734975500000000466e+02
5.735008000000000266e+02
5.735035500000000184e+02
5.741889499999999771e+02
