7.535000000000000142e+00
8.457800000000000651e+00
8.789899999999999380e+00
1.248300000000000054e+01
1.248814999999999920e+01
1.315315000000000012e+01
1.316954999999999920e+01
1.319999999999999929e+01
1.327885000000000026e+01
1.330799999999999983e+01
1.367109999999999914e+01
1.520969999999999978e+01
1.521834999999999916e+01
1.561810000000000009e+01
1.608999999999999986e+01
1.781334999999999980e+01
1.781550000000000011e+01
1.882714999999999961e+01
1.926180000000000092e+01
1.927149999999999963e+01
1.987525000000000119e+01
1.988350000000000151e+01
2.003065000000000140e+01
2.004994999999999905e+01
2.013340000000000174e+01
2.014020000000000010e+01
2.060839999999999961e+01
2.186694999999999922e+01
2.406449999999999889e+01
2.420814999999999984e+01
2.448805000000000121e+01
2.465810000000000102e+01
2.705345000000000155e+01
2.800629999999999953e+01
2.801079999999999970e+01
2.854724999999999824e+01
2.927404999999999902e+01
3.029295000000000115e+01
3.040719999999999956e+01
3.041114999999999924e+01
3.095619999999999905e+01
3.106644999999999968e+01
3.181779999999999831e+01
3.215514999999999901e+01
3.386979999999999791e+01
3.416284999999999883e+01
3.427770000000000294e+01
3.431445000000000078e+01
3.432600000000000051e+01
3.433814999999999884e+01
3.508559999999999945e+01
3.648420000000000130e+01
3.649304999999999666e+01
3.776615000000000322e+01
3.864000000000000057e+01
4.106250000000000000e+01
4.126019999999999754e+01
4.162180000000000035e+01
4.209239999999999782e+01
4.226644999999999897e+01
4.229829999999999757e+01
4.230219999999999914e+01
4.280604999999999905e+01
4.281280000000000285e+01
4.324080000000000013e+01
4.587704999999999700e+01
4.589189999999999969e+01
4.626075000000000159e+01
4.626310000000000144e+01
4.627694999999999936e+01
4.710710000000000264e+01
4.856954999999999956e+01
4.992625000000000313e+01
5.069429999999999836e+01
5.076664999999999850e+01
5.345320000000000249e+01
5.492969999999999686e+01
5.629684999999999917e+01
5.725654999999999717e+01
5.726004999999999967e+01
5.928475000000000250e+01
5.929025000000000034e+01
5.929955000000000354e+01
5.946354999999999791e+01
5.966700000000000159e+01
5.971195000000000164e+01
5.982865000000000322e+01
5.988504999999999967e+01
6.042549999999999955e+01
6.043209999999999837e+01
6.357829999999999870e+01
6.613049999999999784e+01
6.783540000000000703e+01
6.783705000000000496e+01
6.784059999999999491e+01
6.797204999999999586e+01
6.810760000000000502e+01
6.822379999999999711e+01
6.915054999999999552e+01
7.079985000000000639e+01
7.178225000000000477e+01
7.489225000000000421e+01
7.601670000000000016e+01
7.642714999999999748e+01
7.658575000000000443e+01
7.659205000000000041e+01
7.729834999999999923e+01
7.808974999999999511e+01
7.833655000000000257e+01
7.951519999999999300e+01
7.974989999999999668e+01
7.982704999999999984e+01
8.038420000000000698e+01
8.109159999999999968e+01
8.165604999999999336e+01
8.232404999999999973e+01
8.232869999999999777e+01
8.250244999999999607e+01
8.250889999999999702e+01
8.288845000000000596e+01
8.302719999999999345e+01
8.485020000000000095e+01
8.494315000000000282e+01
8.520704999999999529e+01
8.693014999999999759e+01
8.694304999999999950e+01
8.739220000000000255e+01
8.760625000000000284e+01
8.766084999999999638e+01
8.777280000000000371e+01
8.777689999999999770e+01
8.777944999999999709e+01
8.937770000000000437e+01
9.102355000000000018e+01
9.102984999999999616e+01
9.106534999999999513e+01
9.107535000000000025e+01
9.253749999999999432e+01
9.273524999999999352e+01
9.274604999999999677e+01
9.382805000000000462e+01
9.453494999999999493e+01
9.525780000000000314e+01
9.538809999999999434e+01
9.579255000000000564e+01
9.579879999999999995e+01
9.591944999999999766e+01
9.592310000000000514e+01
9.592860000000000298e+01
9.593614999999999782e+01
9.707489999999999952e+01
9.740515000000000612e+01
9.806040000000000134e+01
9.847490000000000521e+01
9.972860000000000014e+01
1.005383999999999958e+02
1.008506000000000000e+02
1.008694500000000005e+02
1.012652499999999947e+02
1.023163499999999999e+02
1.024281500000000023e+02
1.035544000000000011e+02
1.039652499999999975e+02
1.042165999999999997e+02
1.042975500000000011e+02
1.044112999999999971e+02
1.047425000000000068e+02
1.056539499999999947e+02
1.064599999999999937e+02
1.066153999999999940e+02
1.069073000000000064e+02
1.069092500000000001e+02
1.069227999999999952e+02
1.086629499999999950e+02
1.102559499999999986e+02
1.119511499999999984e+02
1.124222500000000053e+02
1.125272499999999951e+02
1.133079500000000053e+02
1.135275500000000051e+02
1.140035000000000025e+02
1.140442000000000036e+02
1.143228500000000025e+02
1.147442000000000064e+02
1.147485499999999945e+02
1.153148500000000070e+02
1.153157499999999942e+02
1.160759999999999934e+02
1.163294499999999942e+02
1.164948499999999996e+02
1.174265500000000060e+02
1.175769499999999965e+02
1.177346500000000020e+02
1.188957000000000050e+02
1.190342500000000001e+02
1.194882499999999936e+02
1.198490000000000038e+02
1.207591500000000053e+02
1.207702000000000027e+02
1.209352999999999980e+02
1.209495000000000005e+02
1.209889500000000027e+02
1.216282000000000068e+02
1.228536500000000018e+02
1.234114500000000021e+02
1.236568500000000057e+02
1.243548499999999990e+02
1.255557500000000033e+02
1.259590500000000048e+02
1.272513000000000005e+02
1.273865499999999997e+02
1.286982999999999890e+02
1.287017999999999915e+02
1.292940000000000111e+02
1.293028500000000065e+02
1.307444000000000131e+02
1.307533500000000117e+02
1.309500999999999920e+02
1.310301000000000045e+02
1.321794500000000028e+02
1.328826999999999998e+02
1.333731999999999971e+02
1.336571000000000140e+02
1.341509000000000071e+02
1.349471000000000060e+02
1.353438999999999908e+02
1.356588000000000136e+02
1.357084999999999866e+02
1.362100000000000080e+02
1.362161000000000115e+02
1.363907000000000096e+02
1.372337499999999864e+02
1.373243999999999971e+02
1.377713500000000124e+02
1.379050000000000011e+02
1.381337499999999920e+02
1.384182999999999879e+02
1.388254000000000019e+02
1.390329000000000121e+02
1.391125000000000114e+02
1.398067000000000064e+02
1.405444500000000119e+02
1.406003000000000043e+02
1.411903499999999951e+02
1.411956000000000131e+02
1.412697499999999877e+02
1.414073500000000081e+02
1.416606500000000040e+02
1.423423500000000104e+02
1.423489999999999895e+02
1.425915999999999997e+02
1.427460499999999968e+02
1.427510000000000048e+02
1.437598000000000127e+02
1.441072000000000060e+02
1.441180999999999983e+02
1.441278000000000077e+02
1.443565499999999986e+02
1.443814000000000135e+02
1.444917000000000087e+02
1.447351999999999919e+02
1.447487000000000137e+02
1.450793500000000051e+02
1.450953499999999963e+02
1.451997499999999945e+02
1.459755499999999984e+02
1.467319500000000119e+02
1.471712499999999864e+02
1.476319499999999891e+02
1.476725000000000136e+02
1.478623499999999922e+02
1.478694500000000005e+02
1.484455000000000098e+02
1.484505499999999927e+02
1.490211500000000058e+02
1.494851999999999919e+02
1.494903999999999940e+02
1.496296499999999980e+02
1.501953499999999906e+02
1.506307999999999936e+02
1.520119500000000130e+02
1.520567000000000064e+02
1.526007999999999925e+02
1.527528499999999951e+02
1.529628999999999905e+02
1.532443499999999972e+02
1.541726500000000044e+02
1.542468000000000075e+02
1.544068000000000040e+02
1.546023500000000013e+02
1.555044000000000040e+02
1.562530999999999892e+02
1.563940000000000055e+02
1.565537500000000080e+02
1.576354499999999916e+02
1.576410999999999945e+02
1.576499000000000024e+02
1.581782499999999914e+02
1.583883500000000026e+02
1.583980999999999995e+02
1.592157500000000141e+02
1.592780999999999949e+02
1.594567499999999995e+02
1.594615000000000009e+02
1.594750999999999976e+02
1.594863000000000000e+02
1.596455499999999859e+02
1.597735999999999876e+02
1.600350999999999999e+02
1.607903000000000020e+02
1.609622999999999990e+02
1.609695000000000107e+02
1.611260000000000048e+02
1.613297499999999900e+02
1.613801499999999862e+02
1.614425500000000113e+02
1.614887999999999977e+02
1.614934499999999957e+02
1.615508499999999970e+02
1.618370500000000050e+02
1.618508999999999958e+02
1.618623499999999922e+02
1.619464999999999861e+02
1.624947999999999979e+02
1.625054000000000087e+02
1.631311499999999910e+02
1.636482499999999902e+02
1.644601999999999862e+02
1.650560000000000116e+02
1.650643499999999904e+02
1.652713999999999999e+02
1.654614500000000135e+02
1.656177999999999884e+02
1.656527000000000100e+02
1.658146000000000129e+02
1.659785500000000127e+02
1.659899499999999932e+02
1.659960000000000093e+02
1.670245500000000050e+02
1.670294499999999971e+02
1.673123500000000092e+02
1.675083500000000072e+02
1.677908999999999935e+02
1.681421499999999867e+02
1.681688000000000045e+02
1.681912000000000091e+02
1.683106999999999971e+02
1.684663500000000056e+02
1.684753499999999917e+02
1.687558999999999969e+02
1.687906999999999869e+02
1.689528500000000122e+02
1.695377000000000010e+02
1.695432999999999879e+02
1.703962500000000091e+02
1.707540999999999940e+02
1.712194000000000074e+02
1.712323000000000093e+02
1.712360500000000059e+02
1.712429500000000075e+02
1.712578499999999906e+02
1.714232499999999959e+02
1.714296999999999969e+02
1.715197499999999877e+02
1.717087500000000091e+02
1.719133500000000083e+02
1.722052999999999940e+02
1.723003500000000088e+02
1.725954000000000121e+02
1.728210500000000138e+02
1.730866000000000042e+02
1.736134000000000128e+02
1.739486499999999864e+02
1.739605999999999995e+02
1.740084500000000105e+02
1.749491999999999905e+02
1.749787000000000035e+02
1.750526499999999999e+02
1.754458999999999946e+02
1.758358000000000061e+02
1.759471000000000060e+02
1.760507499999999936e+02
1.760567000000000064e+02
1.760935000000000059e+02
1.761981499999999983e+02
1.765014999999999930e+02
1.765062000000000069e+02
1.768702000000000112e+02
1.770377499999999884e+02
1.772174500000000137e+02
1.774482500000000016e+02
1.775937500000000000e+02
1.780020000000000095e+02
1.782526499999999885e+02
1.782706499999999892e+02
1.782718000000000131e+02
1.782749499999999898e+02
1.784184500000000071e+02
1.786340500000000020e+02
1.786392999999999915e+02
1.786698000000000093e+02
1.787213999999999885e+02
1.790484500000000025e+02
1.790602499999999964e+02
1.790630500000000040e+02
1.794381999999999948e+02
1.794648500000000126e+02
1.795928000000000111e+02
1.797423000000000002e+02
1.798917500000000018e+02
1.799534500000000037e+02
1.801314500000000010e+02
1.803788499999999999e+02
1.803841500000000053e+02
1.803985999999999876e+02
1.806117999999999881e+02
1.811149000000000058e+02
1.811179999999999950e+02
1.813354999999999961e+02
1.813672500000000127e+02
1.813773999999999944e+02
1.816159499999999980e+02
1.819422999999999888e+02
1.819484999999999957e+02
1.824695499999999981e+02
1.824748500000000035e+02
1.826715499999999963e+02
1.829624499999999898e+02
1.837276999999999987e+02
1.839379000000000133e+02
1.841375999999999920e+02
1.843595500000000129e+02
1.843634500000000003e+02
1.843814500000000010e+02
1.843868500000000097e+02
1.844805000000000064e+02
1.855233000000000061e+02
1.855333500000000129e+02
1.858009999999999877e+02
1.858137499999999989e+02
1.862615000000000123e+02
1.863460499999999911e+02
1.867521999999999878e+02
1.874682500000000118e+02
1.876247999999999934e+02
1.882709999999999866e+02
1.886628499999999917e+02
1.886680000000000064e+02
1.889288999999999987e+02
1.897505999999999915e+02
1.897554499999999962e+02
1.898174999999999955e+02
1.898305000000000007e+02
1.900033500000000117e+02
1.900150500000000022e+02
1.900193999999999903e+02
1.902313499999999920e+02
1.902389000000000010e+02
1.907423000000000002e+02
1.908179499999999962e+02
1.908272499999999923e+02
1.908365000000000009e+02
1.909911999999999921e+02
1.910638999999999896e+02
1.912306000000000097e+02
1.912410000000000139e+02
1.914242999999999881e+02
1.915468500000000063e+02
1.916742000000000132e+02
1.916891500000000121e+02
1.916930499999999995e+02
1.916957500000000039e+02
1.917068999999999903e+02
1.919866000000000099e+02
1.923810499999999877e+02
1.926070499999999868e+02
1.931676999999999964e+02
1.936289999999999907e+02
1.938401499999999942e+02
1.940361499999999921e+02
1.940410500000000127e+02
1.942859500000000139e+02
1.942908500000000060e+02
1.946954499999999939e+02
1.948068499999999972e+02
1.948147999999999911e+02
1.955131499999999960e+02
1.956733499999999992e+02
1.957882500000000050e+02
1.960290500000000122e+02
1.961691500000000019e+02
1.961747499999999889e+02
1.963310999999999922e+02
1.964762499999999932e+02
1.966887999999999863e+02
1.967265999999999906e+02
1.968406500000000108e+02
1.972402999999999906e+02
1.972521500000000003e+02
1.972812999999999874e+02
1.973615499999999940e+02
1.973731500000000096e+02
1.973771500000000003e+02
1.978109000000000037e+02
1.978723500000000115e+02
1.979682500000000118e+02
1.979737000000000080e+02
1.984252999999999929e+02
1.987025999999999897e+02
1.990368499999999869e+02
1.991510000000000105e+02
1.994779000000000053e+02
1.994843500000000063e+02
1.996497500000000116e+02
1.996543499999999938e+02
1.997115000000000009e+02
1.997167499999999905e+02
1.998393499999999960e+02
1.998418499999999938e+02
1.998472500000000025e+02
1.998919999999999959e+02
1.999570999999999970e+02
1.999637999999999920e+02
2.000196500000000128e+02
2.000486500000000092e+02
2.002453999999999894e+02
2.003234999999999957e+02
2.005244000000000142e+02
2.005293499999999938e+02
2.006567000000000007e+02
2.006640999999999906e+02
2.008588499999999897e+02
2.008627999999999929e+02
2.008647499999999866e+02
2.009381999999999948e+02
2.009428000000000054e+02
2.011251000000000033e+02
2.013275500000000022e+02
2.015752500000000111e+02
2.015801999999999907e+02
2.015861500000000035e+02
2.017606499999999983e+02
2.017657000000000096e+02
2.017701000000000136e+02
2.018000000000000114e+02
2.018095000000000141e+02
2.018752499999999941e+02
2.022472500000000082e+02
2.022569000000000017e+02
2.024327499999999986e+02
2.024367000000000019e+02
2.026305000000000121e+02
2.026449499999999944e+02
2.027701500000000010e+02
2.027847500000000025e+02
2.029799500000000023e+02
2.029847000000000037e+02
2.030039500000000032e+02
2.031183499999999924e+02
2.034215000000000089e+02
2.035988499999999988e+02
2.037497999999999934e+02
2.039382500000000107e+02
2.039528500000000122e+02
2.049927999999999884e+02
2.049969000000000108e+02
2.051709999999999923e+02
2.055985000000000014e+02
2.056034500000000094e+02
2.056424499999999966e+02
2.056856999999999971e+02
2.056959999999999980e+02
2.057022499999999923e+02
2.064839499999999930e+02
2.065206000000000017e+02
2.069499000000000137e+02
2.069938500000000090e+02
2.070681500000000028e+02
2.070804500000000132e+02
2.075127500000000111e+02
2.075266000000000020e+02
2.076133000000000095e+02
2.076827499999999986e+02
2.077020500000000141e+02
2.079474999999999909e+02
2.083163999999999874e+02
2.083412999999999897e+02
2.087207500000000095e+02
2.087302999999999997e+02
2.089238000000000000e+02
2.089324499999999887e+02
2.090513500000000136e+02
2.090647500000000036e+02
2.092565999999999917e+02
2.093269999999999982e+02
2.096315999999999917e+02
2.096825000000000045e+02
2.096959500000000105e+02
2.097004000000000019e+02
2.099812000000000012e+02
2.099879999999999995e+02
2.100120499999999879e+02
2.101213500000000067e+02
2.103056500000000142e+02
2.106978499999999883e+02
2.107081499999999892e+02
2.107119000000000142e+02
2.109216999999999871e+02
2.109364999999999952e+02
2.111088499999999897e+02
2.111352500000000134e+02
2.116131000000000029e+02
2.118800500000000113e+02
2.118939000000000021e+02
2.120314999999999941e+02
2.122692999999999870e+02
2.122803000000000111e+02
2.122853000000000065e+02
2.124290000000000020e+02
2.125004500000000007e+02
2.127265500000000031e+02
2.131329499999999939e+02
2.131377500000000111e+02
2.133103000000000122e+02
2.134423500000000047e+02
2.135835500000000025e+02
2.135862500000000068e+02
2.138868999999999971e+02
2.140886999999999887e+02
2.140942499999999882e+02
2.141313499999999976e+02
2.142641000000000133e+02
2.142707499999999925e+02
2.148016499999999951e+02
2.148085000000000093e+02
2.148149999999999977e+02
2.148223000000000127e+02
2.150045000000000073e+02
2.150095000000000027e+02
2.150142500000000041e+02
2.150492000000000132e+02
2.152120999999999924e+02
2.154565499999999929e+02
2.154616499999999917e+02
2.159714500000000044e+02
2.159773500000000013e+02
2.159817999999999927e+02
2.160097499999999968e+02
2.161807499999999891e+02
2.166253499999999974e+02
2.166296000000000106e+02
2.166339000000000112e+02
2.169694000000000074e+02
2.169749500000000069e+02
2.172478499999999997e+02
2.174010499999999979e+02
2.174162000000000035e+02
2.178418000000000063e+02
2.189179499999999905e+02
2.189281499999999880e+02
2.189519500000000107e+02
2.190029000000000110e+02
2.191220500000000015e+02
2.191444999999999936e+02
2.192411999999999921e+02
2.192719999999999914e+02
2.192774499999999875e+02
2.193928500000000099e+02
2.193976999999999862e+02
2.196679000000000030e+02
2.197812500000000000e+02
2.197846999999999866e+02
2.197856999999999914e+02
2.198223500000000001e+02
2.205497499999999889e+02
2.206002000000000010e+02
2.206105000000000018e+02
2.207720999999999947e+02
2.207811000000000092e+02
2.207856999999999914e+02
2.212110500000000002e+02
2.212158000000000015e+02
2.213181500000000028e+02
2.213219499999999869e+02
2.213269999999999982e+02
2.218262000000000000e+02
2.218602500000000077e+02
2.219808500000000038e+02
2.222039499999999919e+02
2.223068000000000097e+02
2.223555499999999938e+02
2.223617999999999881e+02
2.223647499999999866e+02
2.223663500000000113e+02
2.223703999999999894e+02
2.224578500000000076e+02
2.225684500000000128e+02
2.225720499999999902e+02
2.225759500000000060e+02
2.225769999999999982e+02
2.228446000000000140e+02
2.229432500000000061e+02
2.236667500000000075e+02
2.236930999999999869e+02
2.239039999999999964e+02
2.240381500000000017e+02
2.240483000000000118e+02
2.244224499999999978e+02
2.244690999999999974e+02
2.246741000000000099e+02
2.246801499999999976e+02
2.247352999999999952e+02
2.248054999999999950e+02
2.248967000000000098e+02
2.251748499999999922e+02
2.251818499999999972e+02
2.251933500000000095e+02
2.251990000000000123e+02
2.252921499999999924e+02
2.254077499999999930e+02
2.254098999999999933e+02
2.255725999999999942e+02
2.255899000000000001e+02
2.260620499999999993e+02
2.260669000000000040e+02
2.265752500000000111e+02
2.266284499999999866e+02
2.268001500000000021e+02
2.268072999999999979e+02
2.268103999999999871e+02
2.268226999999999975e+02
2.269218999999999937e+02
2.269414500000000032e+02
2.275674500000000080e+02
2.276764000000000010e+02
2.278225999999999942e+02
2.280890499999999861e+02
2.281075999999999908e+02
2.281128999999999962e+02
2.281173499999999876e+02
2.284473999999999876e+02
2.284535999999999945e+02
2.284958499999999901e+02
2.285406999999999869e+02
2.285507000000000062e+02
2.286965999999999894e+02
2.289186500000000137e+02
2.290878500000000031e+02
2.291845500000000015e+02
2.292125499999999931e+02
2.293437000000000126e+02
2.293495000000000061e+02
2.295200499999999977e+02
2.296557500000000118e+02
2.297357499999999959e+02
2.300314999999999941e+02
2.301923999999999921e+02
2.302773500000000126e+02
2.305584499999999935e+02
2.305983500000000106e+02
2.309214000000000055e+02
2.310415000000000134e+02
2.311977500000000134e+02
2.313333000000000084e+02
2.317253499999999917e+02
2.317298999999999864e+02
2.319071000000000140e+02
2.319224499999999978e+02
2.319396000000000129e+02
2.322145999999999901e+02
2.322256999999999891e+02
2.324535500000000070e+02
2.324833500000000015e+02
2.326134000000000128e+02
2.326316999999999950e+02
2.326360999999999990e+02
2.326402999999999963e+02
2.329610500000000002e+02
2.330688000000000102e+02
2.331617500000000121e+02
2.332927999999999997e+02
2.333011500000000069e+02
2.333113999999999919e+02
2.333738999999999919e+02
2.334636500000000012e+02
2.334676499999999919e+02
2.334775500000000079e+02
2.334870500000000106e+02
2.336019000000000005e+02
2.337439999999999998e+02
2.338052999999999884e+02
2.338103000000000122e+02
2.338346999999999980e+02
2.338397999999999968e+02
2.339472000000000094e+02
2.339512499999999875e+02
2.339540000000000077e+02
2.339653999999999883e+02
2.341462999999999965e+02
2.341507499999999879e+02
2.341673000000000116e+02
2.342220499999999959e+02
2.343667000000000087e+02
2.343712999999999909e+02
2.347168000000000063e+02
2.348832999999999913e+02
2.348892999999999915e+02
2.350397499999999980e+02
2.350467500000000030e+02
2.350647999999999911e+02
2.352030000000000030e+02
2.352285500000000127e+02
2.354275499999999965e+02
2.354756500000000017e+02
2.357171999999999912e+02
2.357463500000000067e+02
2.360725500000000068e+02
2.364607499999999902e+02
2.364656999999999982e+02
2.364760499999999865e+02
2.365016999999999996e+02
2.365272500000000093e+02
2.365399999999999920e+02
2.366333999999999946e+02
2.370323999999999955e+02
2.370370499999999936e+02
2.370433999999999912e+02
2.372564500000000010e+02
2.372588000000000079e+02
2.372632000000000119e+02
2.372669999999999959e+02
2.373699000000000012e+02
2.376662499999999909e+02
2.376810000000000116e+02
2.376851499999999930e+02
2.379011000000000138e+02
2.379059499999999900e+02
2.380088499999999954e+02
2.382165999999999997e+02
2.382244000000000028e+02
2.383223500000000001e+02
2.387075499999999977e+02
2.391000500000000102e+02
2.392614000000000090e+02
2.392657000000000096e+02
2.396544000000000096e+02
2.401560000000000059e+02
2.403298000000000059e+02
2.403399499999999875e+02
2.405521500000000117e+02
2.407044999999999959e+02
2.410275499999999909e+02
2.411902499999999918e+02
2.413927999999999940e+02
2.413972500000000139e+02
2.414016499999999894e+02
2.419473500000000001e+02
2.419634000000000071e+02
2.419671500000000037e+02
2.420873499999999865e+02
2.420892499999999927e+02
2.420942499999999882e+02
2.421058999999999912e+02
2.421083999999999889e+02
2.422394500000000050e+02
2.422687999999999988e+02
2.422737500000000068e+02
2.423587499999999864e+02
2.424467500000000086e+02
2.425332999999999970e+02
2.425384500000000116e+02
2.426491499999999917e+02
2.426911000000000058e+02
2.428460000000000036e+02
2.428505999999999858e+02
2.428848999999999876e+02
2.428952999999999918e+02
2.433660000000000139e+02
2.435281500000000108e+02
2.435372500000000002e+02
2.436756000000000029e+02
2.437958500000000015e+02
2.439953999999999894e+02
2.441235499999999945e+02
2.444132999999999925e+02
2.446334500000000105e+02
2.446675500000000056e+02
2.446975500000000068e+02
2.447747500000000116e+02
2.447836000000000070e+02
2.447885499999999865e+02
2.448023499999999899e+02
2.450093999999999994e+02
2.450193999999999903e+02
2.450233000000000061e+02
2.451246999999999900e+02
2.451348500000000001e+02
2.452538000000000125e+02
2.452591999999999928e+02
2.454414500000000032e+02
2.454522499999999923e+02
2.457400499999999965e+02
2.457478499999999997e+02
2.457532500000000084e+02
2.464785500000000127e+02
2.465339999999999918e+02
2.468499500000000069e+02
2.468540500000000009e+02
2.468742000000000019e+02
2.469798000000000116e+02
2.470782000000000096e+02
2.470962000000000103e+02
2.473532500000000027e+02
2.474635499999999979e+02
2.474781499999999994e+02
2.475680000000000121e+02
2.476343999999999994e+02
2.477034999999999911e+02
2.480318499999999915e+02
2.482196500000000015e+02
2.482279000000000053e+02
2.482395500000000084e+02
2.485715500000000020e+02
2.485819500000000062e+02
2.492863499999999988e+02
2.493092499999999916e+02
2.493137999999999863e+02
2.493246499999999912e+02
2.496161999999999921e+02
2.497210000000000036e+02
2.498666000000000054e+02
2.498717499999999916e+02
2.504377499999999941e+02
2.507812999999999874e+02
2.510080000000000098e+02
2.510124000000000137e+02
2.510166999999999859e+02
2.510249000000000024e+02
2.510362499999999955e+02
2.511229999999999905e+02
2.512856999999999914e+02
2.513056500000000142e+02
2.514145499999999913e+02
2.515100999999999942e+02
2.515880500000000097e+02
2.517307999999999879e+02
2.518083000000000027e+02
2.518245499999999879e+02
2.518285999999999945e+02
2.518340000000000032e+02
2.518492500000000121e+02
2.520026000000000010e+02
2.521254500000000007e+02
2.521586499999999944e+02
2.522401999999999873e+02
2.523951999999999884e+02
2.523976999999999862e+02
2.524024000000000001e+02
2.524996500000000026e+02
2.525038000000000125e+02
2.531816000000000031e+02
2.531864500000000078e+02
2.533138500000000022e+02
2.533176499999999862e+02
2.533239499999999964e+02
2.533725000000000023e+02
2.534492999999999938e+02
2.535372500000000002e+02
2.535636499999999955e+02
2.535781499999999937e+02
2.535832000000000050e+02
2.537523500000000070e+02
2.537920499999999890e+02
2.537960999999999956e+02
2.538008499999999970e+02
2.539101499999999874e+02
2.542737500000000068e+02
2.542931000000000097e+02
2.544128499999999917e+02
2.544623499999999865e+02
2.544670000000000130e+02
2.544730000000000132e+02
2.544792500000000075e+02
2.547333000000000141e+02
2.552047000000000025e+02
2.554167999999999950e+02
2.555058999999999969e+02
2.564257499999999936e+02
2.564298000000000002e+02
2.564354500000000030e+02
2.565667500000000132e+02
2.565715000000000146e+02
2.567746999999999957e+02
2.567995000000000232e+02
2.569196499999999901e+02
2.569261000000000195e+02
2.571937500000000227e+02
2.572024000000000115e+02
2.573962500000000091e+02
2.574731499999999755e+02
2.575523000000000025e+02
2.575575999999999794e+02
2.575627499999999941e+02
2.577599500000000035e+02
2.579894499999999766e+02
2.579935500000000275e+02
2.581506999999999721e+02
2.581564500000000066e+02
2.583361499999999751e+02
2.583414000000000215e+02
2.583448999999999955e+02
2.583528000000000020e+02
2.583576499999999783e+02
2.584603999999999928e+02
2.584952499999999986e+02
2.585027999999999793e+02
2.585091499999999769e+02
2.585837999999999965e+02
2.587354500000000144e+02
2.589436000000000035e+02
2.589533000000000129e+02
2.591856999999999971e+02
2.594028999999999883e+02
2.594158499999999776e+02
2.597993999999999915e+02
2.598034499999999980e+02
2.600056500000000028e+02
2.600830500000000143e+02
2.600842499999999973e+02
2.600877500000000282e+02
2.602375000000000114e+02
2.603592499999999745e+02
2.604413999999999874e+02
2.606283500000000117e+02
2.606403999999999996e+02
2.607685500000000047e+02
2.607739500000000135e+02
2.607767999999999802e+02
2.608564000000000078e+02
2.608722000000000207e+02
2.608793999999999755e+02
2.608838000000000079e+02
2.614109500000000139e+02
2.617814500000000066e+02
2.617984999999999900e+02
2.618025499999999965e+02
2.618068000000000097e+02
2.618187500000000227e+02
2.619841499999999996e+02
2.620034499999999866e+02
2.620252500000000282e+02
2.622428499999999758e+02
2.622480499999999779e+02
2.624003999999999905e+02
2.625493999999999915e+02
2.625517500000000268e+02
2.625561500000000024e+02
2.625652999999999793e+02
2.626771499999999833e+02
2.627567500000000109e+02
2.627623500000000263e+02
2.627900500000000079e+02
2.628066999999999780e+02
2.628211999999999762e+02
2.628287000000000262e+02
2.631394999999999982e+02
2.631435999999999922e+02
2.631488499999999817e+02
2.631544999999999845e+02
2.633215999999999894e+02
2.636234000000000037e+02
2.636327499999999873e+02
2.636435000000000173e+02
2.638333999999999833e+02
2.640115499999999997e+02
2.641490999999999758e+02
2.641532000000000266e+02
2.641576999999999771e+02
2.643324000000000069e+02
2.643660499999999729e+02
2.643690000000000282e+02
2.643709999999999809e+02
2.645184499999999730e+02
2.645602499999999964e+02
2.645830500000000143e+02
2.645964000000000169e+02
2.647615999999999872e+02
2.647675500000000284e+02
2.648068000000000097e+02
2.649275499999999965e+02
2.649339499999999816e+02
2.651366499999999746e+02
2.651403999999999996e+02
2.651992000000000189e+02
2.652812999999999874e+02
2.653027500000000032e+02
2.653278000000000247e+02
2.653694499999999721e+02
2.654241999999999848e+02
2.654275499999999965e+02
2.654783499999999776e+02
2.655068999999999733e+02
2.655117000000000189e+02
2.655167000000000144e+02
2.655201999999999884e+02
2.655226999999999862e+02
2.655256999999999721e+02
2.655321999999999889e+02
2.656483499999999935e+02
2.656553999999999860e+02
2.656626499999999851e+02
2.656667499999999791e+02
2.656691999999999894e+02
2.656732999999999834e+02
2.656763000000000261e+02
2.656775000000000091e+02
2.658073499999999854e+02
2.658326500000000010e+02
2.660219000000000165e+02
2.660228999999999928e+02
2.662341000000000122e+02
2.662968999999999937e+02
2.663013000000000261e+02
2.663540499999999724e+02
2.663576499999999783e+02
2.663908500000000004e+02
2.665330000000000155e+02
2.666727999999999952e+02
2.667806499999999801e+02
2.667850500000000125e+02
2.668861499999999864e+02
2.668955500000000143e+02
2.668987000000000194e+02
2.669044000000000096e+02
2.670835999999999899e+02
2.671326000000000249e+02
2.671379000000000019e+02
2.671413999999999760e+02
2.671477499999999736e+02
2.672789999999999964e+02
2.676727000000000203e+02
2.678586500000000115e+02
2.678652500000000032e+02
2.678704500000000053e+02
2.678739499999999794e+02
2.680183499999999981e+02
2.680240999999999758e+02
2.680271999999999935e+02
2.680316500000000133e+02
2.681401000000000181e+02
2.681536500000000274e+02
2.681583999999999719e+02
2.682168500000000222e+02
2.683902499999999804e+02
2.685130500000000211e+02
2.686363999999999805e+02
2.686977499999999850e+02
2.687105500000000120e+02
2.687231499999999755e+02
2.688350500000000238e+02
2.688442499999999882e+02
2.690319999999999823e+02
2.690380000000000109e+02
2.691528999999999883e+02
2.691541000000000281e+02
2.691551999999999794e+02
2.691648000000000138e+02
2.691702500000000100e+02
2.692095499999999788e+02
2.692214999999999918e+02
2.692278999999999769e+02
2.694033000000000015e+02
2.694113500000000272e+02
2.694999000000000251e+02
2.695850500000000238e+02
2.695891500000000178e+02
2.695957999999999970e+02
2.698281999999999812e+02
2.701672500000000241e+02
2.702816500000000133e+02
2.702905999999999835e+02
2.702968000000000188e+02
2.703290000000000077e+02
2.703412000000000148e+02
2.703484000000000265e+02
2.705400500000000079e+02
2.705700499999999806e+02
2.708971500000000106e+02
2.709014500000000112e+02
2.709198000000000093e+02
2.709245999999999981e+02
2.711776500000000283e+02
2.711826500000000237e+02
2.711840000000000259e+02
2.711894500000000221e+02
2.712744999999999891e+02
2.714966999999999757e+02
2.721210500000000252e+02
2.721846499999999764e+02
2.721874000000000251e+02
2.721895999999999844e+02
2.721933500000000095e+02
2.724519000000000233e+02
2.726051499999999805e+02
2.726141000000000076e+02
2.726195000000000164e+02
2.726227499999999964e+02
2.730688000000000102e+02
2.733375500000000216e+02
2.733416500000000156e+02
2.733647000000000276e+02
2.737561999999999784e+02
2.737606000000000108e+02
2.737655500000000188e+02
2.739744499999999903e+02
2.741086999999999989e+02
2.741892500000000155e+02
2.742746000000000208e+02
2.746526999999999816e+02
2.748596999999999753e+02
2.748831500000000005e+02
2.749320999999999913e+02
2.750400999999999954e+02
2.750446499999999901e+02
2.750535499999999729e+02
2.750795499999999834e+02
2.754719000000000051e+02
2.757186500000000251e+02
2.758009999999999877e+02
2.758702499999999986e+02
2.758874000000000137e+02
2.761372999999999820e+02
2.761721000000000004e+02
2.767034499999999753e+02
2.767448499999999854e+02
2.768241499999999746e+02
2.768290000000000077e+02
2.768914500000000203e+02
2.769384000000000015e+02
2.771080999999999790e+02
2.776992999999999938e+02
2.777070499999999811e+02
2.777640499999999975e+02
2.777688999999999737e+02
2.778115000000000236e+02
2.780891500000000178e+02
2.780914999999999964e+02
2.780942999999999756e+02
2.780996999999999844e+02
2.781066500000000019e+02
2.782348000000000070e+02
2.782701000000000136e+02
2.782721500000000106e+02
2.783879499999999894e+02
2.783985000000000127e+02
2.784981999999999971e+02
2.785067999999999984e+02
2.785124500000000012e+02
2.785167999999999893e+02
2.785217000000000098e+02
2.785264999999999986e+02
2.787198999999999955e+02
2.787240499999999770e+02
2.791105499999999893e+02
2.791154000000000224e+02
2.791714499999999930e+02
2.791822000000000230e+02
2.792840499999999793e+02
2.792855999999999881e+02
2.792921999999999798e+02
2.793797000000000139e+02
2.794250999999999863e+02
2.794997500000000059e+02
2.796055499999999938e+02
2.796493500000000267e+02
2.797640499999999975e+02
2.799992500000000177e+02
2.802719999999999914e+02
2.803106000000000222e+02
2.803165000000000191e+02
2.803464500000000044e+02
2.804739999999999895e+02
2.804787000000000035e+02
2.805303499999999985e+02
2.806252499999999941e+02
2.806404499999999871e+02
2.806501000000000090e+02
2.807712500000000091e+02
2.807863500000000272e+02
2.810911500000000274e+02
2.812923000000000116e+02
2.812968500000000063e+02
2.813014499999999884e+02
2.816659500000000094e+02
2.816725500000000011e+02
2.817821999999999889e+02
2.818355000000000246e+02
2.819562500000000114e+02
2.819571500000000128e+02
2.819812000000000012e+02
2.823123499999999808e+02
2.824628999999999905e+02
2.824639500000000112e+02
2.826630000000000109e+02
2.828020000000000209e+02
2.828464500000000044e+02
2.829454999999999814e+02
2.829590999999999781e+02
2.829692499999999882e+02
2.829862499999999841e+02
2.830102499999999850e+02
2.830436000000000263e+02
2.830705500000000256e+02
2.832842499999999859e+02
2.833347999999999729e+02
2.833388499999999794e+02
2.833436500000000251e+02
2.834802500000000123e+02
2.834843500000000063e+02
2.836313000000000102e+02
2.837494500000000244e+02
2.837616499999999746e+02
2.837681000000000040e+02
2.839809000000000196e+02
2.840583500000000186e+02
2.840769999999999982e+02
2.841092499999999745e+02
2.842622499999999945e+02
2.843173499999999763e+02
2.843299000000000092e+02
2.843870000000000005e+02
2.844155000000000086e+02
2.844958500000000186e+02
2.848167000000000257e+02
2.848214500000000271e+02
2.848233000000000175e+02
2.848279999999999745e+02
2.849192499999999768e+02
2.849234500000000025e+02
2.849555500000000166e+02
2.850745499999999879e+02
2.850796500000000151e+02
2.850931499999999801e+02
2.851044999999999732e+02
2.852108499999999935e+02
2.852792999999999779e+02
2.854400999999999726e+02
2.855291500000000156e+02
2.856091499999999996e+02
2.856412000000000262e+02
2.856456499999999892e+02
2.856597499999999741e+02
2.856910500000000184e+02
2.857762999999999920e+02
2.858571499999999901e+02
2.859331000000000245e+02
2.859643500000000245e+02
2.860538500000000113e+02
2.860684499999999844e+02
2.860693999999999733e+02
2.861467000000000098e+02
2.862124000000000024e+02
2.862614500000000248e+02
2.862989000000000033e+02
2.864057999999999993e+02
2.864163500000000226e+02
2.865242999999999824e+02
2.865347499999999741e+02
2.867441499999999905e+02
2.867490500000000111e+02
2.867506999999999948e+02
2.867571500000000242e+02
2.870405000000000086e+02
2.870452000000000226e+02
2.870680500000000279e+02
2.871471999999999980e+02
2.872354500000000144e+02
2.884009500000000230e+02
2.884075000000000273e+02
2.884239499999999907e+02
2.884286000000000172e+02
2.884320999999999913e+02
2.885181499999999915e+02
2.886699499999999716e+02
2.886815000000000282e+02
2.889411499999999933e+02
2.889496500000000196e+02
2.892165499999999838e+02
2.896027000000000271e+02
2.896200000000000045e+02
2.898462999999999852e+02
2.899635000000000105e+02
2.899703499999999963e+02
2.903081999999999994e+02
2.907504000000000133e+02
2.907550499999999829e+02
2.909477999999999724e+02
2.909694000000000074e+02
2.910330999999999904e+02
2.910459999999999923e+02
2.910588999999999942e+02
2.910622500000000059e+02
2.910663499999999999e+02
2.910674500000000080e+02
2.910699500000000057e+02
2.910715999999999894e+02
2.915712500000000205e+02
2.916166499999999928e+02
2.919794499999999857e+02
2.919834999999999923e+02
2.920160500000000070e+02
2.921146499999999833e+02
2.921619999999999777e+02
2.921973499999999717e+02
2.922789500000000089e+02
2.923100499999999897e+02
2.923186499999999910e+02
2.923329499999999825e+02
2.923390999999999735e+02
2.926768999999999892e+02
2.927613999999999805e+02
2.930677999999999770e+02
2.930964000000000169e+02
2.931090500000000247e+02
2.932733499999999935e+02
2.932821500000000015e+02
2.932941000000000145e+02
2.933815999999999917e+02
2.934117499999999836e+02
2.934214999999999804e+02
2.935013000000000147e+02
2.935300500000000170e+02
2.935342999999999734e+02
2.937503500000000258e+02
2.937602999999999724e+02
2.939015999999999735e+02
2.939067999999999756e+02
2.939214000000000055e+02
2.939261999999999944e+02
2.940097000000000094e+02
2.942027499999999804e+02
2.942183499999999867e+02
2.942235499999999888e+02
2.943697500000000105e+02
2.944583000000000084e+02
2.946048499999999990e+02
2.946268000000000029e+02
2.950822999999999752e+02
2.950971499999999992e+02
2.951046999999999798e+02
2.953145999999999844e+02
2.953204499999999939e+02
2.954913999999999987e+02
2.955016499999999837e+02
2.955052000000000021e+02
2.955078500000000190e+02
2.958193499999999858e+02
2.959875000000000114e+02
2.959926500000000260e+02
2.961864499999999794e+02
2.963749000000000251e+02
2.963785500000000184e+02
2.965360999999999763e+02
2.967280999999999835e+02
2.967321999999999775e+02
2.967704499999999825e+02
2.969585000000000150e+02
2.970310000000000059e+02
2.971050000000000182e+02
2.971568500000000199e+02
2.971680999999999813e+02
2.971687999999999761e+02
2.971727000000000203e+02
2.973894999999999982e+02
2.973931999999999789e+02
2.976485999999999876e+02
2.976724500000000262e+02
2.978023000000000025e+02
2.978176500000000146e+02
2.978227999999999724e+02
2.979377499999999941e+02
2.979413000000000125e+02
2.979447499999999991e+02
2.980794999999999959e+02
2.981017499999999814e+02
2.981778499999999781e+02
2.983721499999999764e+02
2.983808999999999969e+02
2.985497500000000173e+02
2.986553000000000111e+02
2.991349999999999909e+02
2.991435000000000173e+02
2.994940500000000156e+02
2.995484000000000151e+02
3.001099500000000262e+02
3.001124500000000239e+02
3.002975000000000136e+02
3.004755499999999984e+02
3.006620500000000220e+02
3.007903499999999894e+02
3.009891999999999825e+02
3.011584500000000162e+02
3.012287000000000035e+02
3.016401999999999930e+02
3.018421999999999912e+02
3.018464500000000044e+02
3.018545500000000175e+02
3.018555499999999938e+02
3.020362499999999955e+02
3.021827499999999986e+02
3.021882499999999823e+02
3.021920499999999947e+02
3.023657000000000039e+02
3.028426999999999794e+02
3.031066500000000019e+02
3.031141000000000076e+02
3.031729500000000144e+02
3.034864000000000033e+02
3.034953499999999735e+02
3.036192500000000223e+02
3.036241999999999734e+02
3.037789000000000215e+02
3.038485000000000014e+02
3.040924499999999853e+02
3.042461999999999875e+02
3.042572000000000116e+02
3.042620000000000005e+02
3.042690499999999929e+02
3.043233000000000175e+02
3.045299999999999727e+02
3.047098500000000172e+02
3.048507500000000050e+02
3.050510499999999752e+02
3.050537499999999795e+02
3.052697999999999752e+02
3.055527000000000157e+02
3.055580499999999802e+02
3.060301000000000045e+02
3.060893500000000245e+02
3.061218499999999949e+02
3.064277000000000157e+02
3.066403999999999996e+02
3.067103500000000054e+02
3.069029499999999757e+02
3.071069499999999834e+02
3.071922000000000139e+02
3.074725999999999999e+02
3.076956000000000131e+02
3.077013499999999908e+02
3.082312000000000012e+02
3.082362499999999841e+02
3.083852999999999724e+02
3.083944000000000187e+02
3.084032500000000141e+02
3.084080500000000029e+02
3.087215499999999793e+02
3.089913999999999987e+02
3.089995499999999993e+02
3.091687499999999886e+02
3.097119500000000016e+02
3.097170499999999720e+02
3.097221499999999992e+02
3.107167999999999779e+02
3.109587999999999965e+02
3.113107499999999845e+02
3.115011999999999830e+02
3.116326000000000249e+02
3.119227500000000077e+02
3.120459500000000048e+02
3.122053000000000225e+02
3.124195000000000277e+02
3.124214000000000055e+02
3.127552000000000021e+02
3.133192999999999984e+02
3.133304499999999848e+02
3.137490500000000111e+02
3.142173500000000104e+02
3.142272500000000264e+02
3.144528000000000247e+02
3.146834000000000060e+02
3.148238999999999805e+02
3.150468999999999937e+02
3.150514000000000010e+02
3.155773500000000240e+02
3.157210499999999911e+02
3.160102499999999850e+02
3.160804999999999723e+02
3.162611999999999739e+02
3.162643499999999790e+02
3.163367499999999950e+02
3.163888499999999908e+02
3.166711500000000115e+02
3.170797499999999900e+02
3.171951500000000124e+02
3.173195499999999925e+02
3.173245000000000005e+02
3.191721499999999878e+02
3.193279999999999745e+02
3.193883000000000152e+02
3.200142000000000166e+02
3.201304000000000087e+02
3.202934000000000196e+02
3.203282500000000255e+02
3.209786500000000160e+02
3.213983000000000061e+02
3.218211499999999887e+02
3.218469499999999925e+02
3.223356999999999744e+02
3.228562499999999886e+02
3.233987000000000194e+02
3.234155999999999835e+02
3.237923499999999990e+02
3.239301500000000260e+02
3.241635999999999740e+02
3.242774499999999875e+02
3.245371499999999969e+02
3.247435500000000275e+02
3.247482499999999845e+02
3.247620499999999879e+02
3.247762999999999920e+02
3.247804499999999734e+02
3.249873499999999922e+02
3.250969499999999925e+02
3.251105999999999767e+02
3.252413000000000238e+02
3.252457999999999743e+02
3.252490000000000236e+02
3.252513000000000147e+02
3.252633999999999901e+02
3.252669000000000210e+02
3.252729499999999803e+02
3.252784500000000207e+02
3.252955499999999915e+02
3.252968500000000063e+02
3.253016999999999825e+02
3.254273499999999899e+02
3.254902500000000032e+02
3.255545500000000061e+02
3.256451500000000010e+02
3.256793999999999869e+02
3.256861999999999853e+02
3.259418999999999755e+02
3.260254499999999780e+02
3.260310000000000059e+02
3.262454500000000053e+02
3.266001499999999851e+02
3.270597500000000082e+02
3.272410499999999729e+02
3.275819500000000062e+02
3.277526500000000169e+02
3.277566499999999792e+02
3.282401500000000283e+02
3.283637499999999818e+02
3.285905500000000075e+02
3.287774999999999750e+02
3.289519000000000233e+02
3.289674999999999727e+02
3.294200000000000159e+02
3.295837000000000216e+02
3.297714500000000157e+02
3.300002000000000066e+02
3.300055500000000279e+02
3.303707999999999743e+02
3.303894999999999982e+02
3.309524499999999989e+02
3.311005999999999858e+02
3.311417500000000018e+02
3.313417499999999905e+02
3.313467499999999859e+02
3.313691000000000031e+02
3.316080499999999915e+02
3.316134500000000003e+02
3.316184499999999957e+02
3.317579499999999939e+02
3.317792000000000030e+02
3.318557500000000005e+02
3.320208499999999958e+02
3.320350000000000250e+02
3.323986499999999751e+02
3.324017000000000053e+02
3.325230500000000120e+02
3.326938000000000102e+02
3.327761499999999728e+02
3.328023499999999899e+02
3.328113999999999919e+02
3.329784000000000219e+02
3.329884500000000003e+02
3.330009499999999889e+02
3.332248999999999910e+02
3.338521999999999821e+02
3.338571000000000026e+02
3.342041500000000269e+02
3.343974499999999921e+02
3.344920999999999935e+02
3.346632000000000176e+02
3.350807500000000232e+02
3.350871000000000208e+02
3.354350000000000023e+02
3.354390999999999963e+02
3.354452999999999747e+02
3.356473500000000172e+02
3.357364000000000033e+02
3.357382999999999811e+02
3.357418999999999869e+02
3.358613500000000158e+02
3.360584499999999935e+02
3.362588499999999954e+02
3.362600499999999784e+02
3.362647000000000048e+02
3.364406999999999925e+02
3.364549499999999966e+02
3.364623000000000275e+02
3.364664999999999964e+02
3.364708499999999844e+02
3.365188499999999863e+02
3.369501000000000204e+02
3.372298000000000116e+02
3.374434499999999844e+02
3.377033999999999878e+02
3.387599999999999909e+02
3.388471499999999992e+02
3.392859500000000139e+02
3.394863000000000284e+02
3.398530000000000086e+02
3.400038999999999874e+02
3.401435000000000173e+02
3.403996500000000083e+02
3.404177999999999997e+02
3.409528500000000122e+02
3.416179999999999950e+02
3.416231000000000222e+02
3.416279499999999985e+02
3.416449499999999944e+02
3.419148000000000138e+02
3.422130999999999972e+02
3.428033500000000231e+02
3.428281499999999937e+02
3.428460499999999911e+02
3.435646499999999719e+02
3.440310999999999808e+02
3.440427500000000123e+02
3.440450000000000159e+02
3.441789499999999862e+02
3.450847499999999854e+02
3.451032999999999902e+02
3.451183500000000208e+02
3.451229999999999905e+02
3.451275999999999726e+02
3.454225500000000011e+02
3.456868999999999801e+02
3.456921500000000265e+02
3.458468500000000176e+02
3.458505499999999984e+02
3.460463500000000181e+02
3.460511000000000195e+02
3.467418000000000120e+02
3.467900000000000205e+02
3.469764000000000124e+02
3.470239500000000135e+02
3.472885499999999865e+02
3.472978499999999826e+02
3.478728500000000281e+02
3.478779499999999985e+02
3.479393499999999904e+02
3.483355000000000246e+02
3.490276000000000067e+02
3.496207999999999743e+02
3.500267499999999927e+02
3.500529999999999973e+02
3.505775499999999738e+02
3.505821000000000254e+02
3.506970499999999902e+02
3.507907999999999902e+02
3.509370000000000118e+02
3.509522999999999797e+02
3.511692499999999768e+02
3.511741999999999848e+02
3.511841999999999757e+02
3.513822999999999865e+02
3.513919000000000210e+02
3.516834999999999809e+02
3.516902000000000044e+02
3.516951999999999998e+02
3.519402999999999793e+02
3.519624999999999773e+02
3.520889999999999986e+02
3.520910999999999831e+02
3.520967999999999734e+02
3.522737500000000068e+02
3.522764999999999986e+02
3.524916999999999803e+02
3.526725500000000011e+02
3.528426000000000045e+02
3.531227999999999838e+02
3.532863500000000272e+02
3.536206000000000245e+02
3.536838000000000193e+02
3.543491999999999962e+02
3.544510000000000218e+02
3.544555500000000166e+02
3.547093499999999722e+02
3.547196500000000015e+02
3.548941500000000246e+02
3.548954499999999825e+02
3.555742500000000064e+02
3.555799499999999966e+02
3.555897499999999809e+02
3.555954500000000280e+02
3.557272500000000264e+02
3.558562499999999886e+02
3.558609500000000025e+02
3.559649499999999875e+02
3.560942000000000007e+02
3.561119499999999789e+02
3.561173000000000002e+02
3.561835500000000252e+02
3.563655499999999847e+02
3.564103499999999940e+02
3.564159000000000219e+02
3.565876999999999839e+02
3.568129500000000007e+02
3.568174500000000080e+02
3.568270999999999731e+02
3.569458999999999946e+02
3.570555499999999824e+02
3.571875999999999749e+02
3.574986999999999853e+02
3.580033000000000243e+02
3.580147000000000048e+02
3.580228999999999928e+02
3.580278999999999883e+02
3.581628499999999917e+02
3.581700999999999908e+02
3.582845500000000243e+02
3.583453999999999837e+02
3.584297500000000127e+02
3.587900000000000205e+02
3.593784999999999741e+02
3.595996000000000095e+02
3.596048499999999990e+02
3.596899000000000228e+02
3.597873500000000035e+02
3.597905999999999835e+02
3.597964000000000055e+02
3.599234500000000025e+02
3.600423000000000116e+02
3.600487499999999841e+02
3.602955499999999915e+02
3.606094499999999812e+02
3.606175000000000068e+02
3.606268999999999778e+02
3.609960500000000252e+02
3.611922500000000014e+02
3.612038999999999760e+02
3.613537000000000035e+02
3.615100499999999784e+02
3.618197999999999865e+02
3.622296999999999798e+02
3.622961999999999989e+02
3.623013000000000261e+02
3.623643500000000017e+02
3.626459500000000276e+02
3.629156500000000278e+02
3.629458000000000197e+02
3.637704499999999825e+02
3.637764999999999986e+02
3.644379999999999882e+02
3.644433999999999969e+02
3.648654500000000098e+02
3.648887500000000159e+02
3.655972499999999741e+02
3.656184499999999957e+02
3.656377499999999827e+02
3.657921000000000049e+02
3.658522500000000264e+02
3.662701999999999884e+02
3.662805500000000052e+02
3.663677500000000009e+02
3.663731999999999971e+02
3.663863000000000056e+02
3.663917999999999893e+02
3.666240999999999985e+02
3.666286999999999807e+02
3.666345000000000027e+02
3.669380499999999756e+02
3.670063999999999851e+02
3.670128000000000270e+02
3.674306000000000267e+02
3.674739999999999895e+02
3.678125999999999749e+02
3.678188000000000102e+02
3.678647500000000150e+02
3.679900499999999965e+02
3.681319500000000176e+02
3.681397499999999923e+02
3.683487999999999829e+02
3.683535999999999717e+02
3.683666499999999928e+02
3.683706500000000119e+02
3.683737499999999727e+02
3.685693999999999733e+02
3.686936000000000035e+02
3.687133499999999913e+02
3.688500500000000102e+02
3.693720000000000141e+02
3.694773000000000138e+02
3.697057500000000232e+02
3.702561000000000035e+02
3.706010999999999740e+02
3.707930000000000064e+02
3.709286000000000172e+02
3.709527499999999804e+02
3.709573500000000195e+02
3.713868499999999813e+02
3.719748999999999910e+02
3.719792499999999791e+02
3.720224000000000046e+02
3.723324000000000069e+02
3.723751500000000192e+02
3.726063500000000204e+02
3.728095999999999890e+02
3.728134000000000015e+02
3.728537499999999909e+02
3.729406500000000051e+02
3.729449999999999932e+02
3.729484499999999798e+02
3.729597499999999854e+02
3.729715499999999793e+02
3.729874500000000239e+02
3.732697000000000003e+02
3.737432000000000016e+02
3.737907000000000153e+02
3.738653499999999781e+02
3.741469999999999914e+02
3.745825500000000261e+02
3.747459999999999809e+02
3.748865999999999872e+02
3.751627500000000168e+02
3.754152500000000146e+02
3.754359999999999786e+02
3.757921000000000049e+02
3.759601000000000113e+02
3.759635499999999979e+02
3.759761500000000183e+02
3.761062000000000012e+02
3.767492500000000177e+02
3.767541499999999814e+02
3.769565000000000055e+02
3.769664500000000089e+02
3.770987000000000080e+02
3.771052000000000248e+02
3.774581000000000017e+02
3.775722499999999968e+02
3.775773500000000240e+02
3.775844500000000039e+02
3.775892000000000053e+02
3.777087500000000091e+02
3.777438500000000090e+02
3.777552499999999895e+02
3.781123499999999922e+02
3.787530499999999734e+02
3.787744000000000142e+02
3.787755500000000097e+02
3.790074999999999932e+02
3.798676500000000260e+02
3.799938000000000216e+02
3.800049999999999955e+02
3.800251999999999839e+02
3.800260000000000105e+02
3.804574499999999944e+02
3.805118499999999813e+02
3.807062500000000114e+02
3.807199499999999830e+02
3.808489500000000021e+02
3.808754999999999882e+02
3.808926500000000033e+02
3.809139499999999998e+02
3.809325000000000045e+02
3.811480500000000120e+02
3.811532000000000266e+02
3.811544499999999971e+02
3.811635999999999740e+02
3.815797499999999900e+02
3.818020500000000084e+02
3.820419999999999732e+02
3.820475000000000136e+02
3.821731500000000210e+02
3.824618500000000267e+02
3.824895000000000209e+02
3.825457499999999982e+02
3.827765499999999861e+02
3.827826499999999896e+02
3.829039000000000215e+02
3.830248000000000275e+02
3.830282000000000266e+02
3.830308499999999867e+02
3.834872500000000173e+02
3.836225000000000023e+02
3.836272000000000162e+02
3.842782500000000141e+02
3.845338499999999726e+02
3.845380499999999984e+02
3.847106499999999869e+02
3.849815500000000270e+02
3.853342499999999973e+02
3.854710000000000036e+02
3.856152000000000157e+02
3.856474000000000046e+02
3.857903499999999894e+02
3.859171499999999924e+02
3.859637500000000045e+02
3.859669999999999845e+02
3.860858999999999810e+02
3.863133500000000140e+02
3.865310000000000059e+02
3.868521999999999821e+02
3.871542000000000030e+02
3.871967500000000086e+02
3.873728500000000281e+02
3.873777000000000044e+02
3.873824999999999932e+02
3.874347999999999956e+02
3.875009999999999764e+02
3.875054999999999836e+02
3.877846499999999992e+02
3.878496000000000095e+02
3.878722999999999956e+02
3.880210000000000150e+02
3.880255000000000223e+02
3.880306499999999801e+02
3.880364000000000146e+02
3.881863500000000045e+02
3.881904999999999859e+02
3.882627499999999827e+02
3.889375999999999749e+02
3.889468499999999835e+02
3.889515499999999975e+02
3.894907999999999788e+02
3.895081000000000131e+02
3.898383000000000038e+02
3.902269499999999880e+02
3.902441999999999780e+02
3.902758999999999787e+02
3.902899499999999762e+02
3.909173999999999864e+02
3.909214499999999930e+02
3.909245500000000106e+02
3.909310500000000275e+02
3.910069500000000176e+02
3.917748500000000149e+02
3.917961000000000240e+02
3.918004999999999995e+02
3.918051500000000260e+02
3.920926999999999794e+02
3.921091499999999996e+02
3.922330000000000041e+02
3.922454500000000053e+02
3.924255499999999870e+02
3.925683999999999969e+02
3.926030499999999961e+02
3.927133999999999787e+02
3.930599000000000274e+02
3.930650999999999726e+02
3.930688499999999976e+02
3.930731999999999857e+02
3.931042499999999791e+02
3.931354000000000042e+02
3.932547000000000139e+02
3.932598499999999717e+02
3.934184999999999945e+02
3.934231500000000210e+02
3.934763500000000249e+02
3.935670999999999822e+02
3.936575500000000147e+02
3.936633499999999799e+02
3.945810500000000047e+02
3.945842000000000098e+02
3.947015999999999849e+02
3.948274499999999989e+02
3.948344500000000039e+02
3.949715499999999793e+02
3.952513500000000022e+02
3.953987000000000194e+02
3.954997000000000185e+02
3.957189500000000066e+02
3.959605500000000120e+02
3.959651499999999942e+02
3.959706499999999778e+02
3.967122499999999832e+02
3.967164999999999964e+02
3.967615999999999872e+02
3.970009499999999889e+02
3.972475499999999897e+02
3.973978999999999928e+02
3.974828499999999849e+02
3.977017000000000166e+02
3.977028999999999996e+02
3.977081000000000017e+02
3.982004000000000019e+02
3.982025499999999738e+02
3.984021500000000060e+02
3.985306499999999801e+02
3.991515499999999861e+02
3.993822000000000116e+02
3.995042000000000257e+02
4.001655999999999835e+02
4.008797500000000014e+02
4.009329999999999927e+02
4.017913500000000226e+02
4.018104000000000156e+02
4.020290499999999838e+02
4.020482999999999834e+02
4.020675499999999829e+02
4.022726499999999987e+02
4.022807500000000118e+02
4.022823999999999955e+02
4.024218500000000063e+02
4.024296499999999810e+02
4.024347999999999956e+02
4.025215000000000032e+02
4.026193499999999972e+02
4.026306999999999903e+02
4.026356999999999857e+02
4.030051500000000146e+02
4.030181000000000040e+02
4.032515000000000214e+02
4.034737499999999955e+02
4.036738500000000158e+02
4.046312500000000227e+02
4.046360000000000241e+02
4.046605500000000006e+02
4.049202500000000100e+02
4.050740999999999872e+02
4.051770500000000084e+02
4.051952999999999747e+02
4.053700499999999920e+02
4.053929499999999848e+02
4.053978000000000179e+02
4.062101499999999987e+02
4.062626500000000078e+02
4.063503000000000043e+02
4.064182500000000005e+02
4.064415999999999940e+02
4.066315000000000168e+02
4.068909499999999753e+02
4.074014999999999986e+02
4.074393999999999778e+02
4.077598499999999717e+02
4.078111499999999978e+02
4.079938500000000090e+02
4.080055500000000279e+02
4.086234499999999912e+02
4.086741999999999848e+02
4.087384000000000128e+02
4.087429999999999950e+02
4.088626499999999737e+02
4.090971000000000117e+02
4.092443000000000097e+02
4.093489000000000146e+02
4.097482499999999845e+02
4.099913999999999987e+02
4.103613000000000284e+02
4.105568499999999972e+02
4.105690999999999917e+02
4.105733500000000049e+02
4.109698999999999955e+02
4.113985000000000127e+02
4.120902500000000259e+02
4.121806000000000267e+02
4.121917500000000132e+02
4.121970499999999902e+02
4.125004500000000007e+02
4.125216500000000224e+02
4.130268500000000245e+02
4.130319499999999948e+02
4.131006499999999733e+02
4.131283500000000117e+02
4.134524000000000115e+02
4.135155500000000188e+02
4.135265499999999861e+02
4.137373000000000047e+02
4.139546500000000151e+02
4.139612000000000194e+02
4.139667999999999779e+02
4.144601999999999862e+02
4.144866999999999848e+02
4.144919499999999744e+02
4.144977999999999838e+02
4.148294999999999959e+02
4.151040499999999724e+02
4.152323499999999967e+02
4.153756999999999948e+02
4.153808999999999969e+02
4.153915499999999952e+02
4.157221000000000117e+02
4.158697000000000230e+02
4.160022500000000036e+02
4.165621499999999742e+02
4.165664499999999748e+02
4.165701000000000249e+02
4.168829999999999814e+02
4.172764500000000112e+02
4.173111000000000104e+02
4.175144000000000233e+02
4.176625500000000102e+02
4.186806500000000142e+02
4.187961999999999989e+02
4.192246000000000095e+02
4.197651999999999930e+02
4.199739000000000146e+02
4.200202499999999759e+02
4.200299999999999727e+02
4.200339000000000169e+02
4.202587500000000205e+02
4.204198499999999967e+02
4.204984999999999786e+02
4.207137999999999920e+02
4.209302999999999884e+02
4.212124000000000024e+02
4.212363000000000284e+02
4.213578999999999724e+02
4.213653499999999781e+02
4.213661999999999921e+02
4.216208500000000186e+02
4.216348499999999717e+02
4.221572499999999764e+02
4.221607500000000073e+02
4.223521999999999821e+02
4.228501999999999725e+02
4.230504999999999995e+02
4.230549500000000194e+02
4.230597500000000082e+02
4.233851500000000101e+02
4.234979999999999905e+02
4.235344999999999800e+02
4.240367499999999836e+02
4.240391500000000065e+02
4.241577500000000214e+02
4.241603499999999940e+02
4.243897999999999797e+02
4.243961499999999774e+02
4.244065499999999815e+02
4.244168000000000234e+02
4.244203499999999849e+02
4.244960500000000252e+02
4.245072999999999865e+02
4.246719499999999812e+02
4.246942000000000235e+02
4.247035500000000070e+02
4.247069500000000062e+02
4.247377999999999929e+02
4.247393999999999892e+02
4.247406500000000165e+02
4.247436500000000024e+02
4.247456500000000119e+02
4.250052499999999895e+02
4.250323999999999955e+02
4.251859499999999912e+02
4.251903500000000236e+02
4.252074000000000069e+02
4.254461499999999887e+02
4.257554999999999836e+02
4.257599000000000160e+02
4.257646500000000174e+02
4.257762999999999920e+02
4.259703000000000088e+02
4.259858500000000276e+02
4.260002000000000066e+02
4.260052000000000021e+02
4.265347499999999741e+02
4.265471000000000004e+02
4.265512499999999818e+02
4.265579500000000053e+02
4.265621499999999742e+02
4.265779999999999745e+02
4.265945500000000266e+02
4.266821499999999787e+02
4.267973000000000070e+02
4.268190999999999917e+02
4.270102999999999724e+02
4.270149499999999989e+02
4.270532999999999788e+02
4.275550499999999943e+02
4.275831999999999766e+02
4.275901999999999816e+02
4.275942000000000007e+02
4.276019499999999880e+02
4.276252999999999815e+02
4.280378499999999917e+02
4.283713000000000193e+02
4.284472499999999968e+02
4.286081500000000233e+02
4.288608500000000276e+02
4.292538999999999874e+02
4.294452499999999873e+02
4.295353000000000065e+02
4.295450999999999908e+02
4.296700500000000034e+02
4.300645000000000095e+02
4.301215000000000259e+02
4.302468999999999824e+02
4.302511000000000081e+02
4.303678499999999758e+02
4.304537000000000262e+02
4.304732500000000073e+02
4.304785999999999717e+02
4.306961000000000013e+02
4.307588999999999828e+02
4.309923000000000002e+02
4.310280500000000075e+02
4.310360999999999763e+02
4.311626999999999725e+02
4.311641999999999939e+02
4.312162999999999897e+02
4.312584499999999821e+02
4.312794499999999971e+02
4.314001499999999965e+02
4.316619000000000028e+02
4.317472000000000207e+02
4.318661999999999921e+02
4.318673000000000002e+02
4.318707999999999743e+02
4.318849500000000035e+02
4.322137999999999920e+02
4.322294499999999857e+02
4.322314499999999953e+02
4.322355000000000018e+02
4.324381999999999948e+02
4.325002000000000066e+02
4.326435500000000047e+02
4.326587999999999852e+02
4.326635999999999740e+02
4.331262500000000273e+02
4.333274999999999864e+02
4.337080000000000268e+02
4.338299000000000092e+02
4.340617500000000177e+02
4.340661499999999933e+02
4.341859999999999786e+02
4.341939499999999725e+02
4.344155999999999835e+02
4.344295500000000061e+02
4.346071999999999775e+02
4.346349000000000160e+02
4.346410500000000070e+02
4.346457500000000209e+02
4.351033499999999776e+02
4.351447999999999752e+02
4.354005999999999972e+02
4.355862500000000068e+02
4.358842000000000212e+02
4.360051500000000146e+02
4.361224000000000274e+02
4.362468499999999949e+02
4.363738000000000170e+02
4.364830499999999915e+02
4.365053500000000213e+02
4.368785500000000184e+02
4.368831999999999880e+02
4.369710999999999785e+02
4.370618499999999926e+02
4.371173000000000002e+02
4.374173999999999864e+02
4.376412500000000136e+02
4.376465000000000032e+02
4.380287000000000148e+02
4.381477499999999736e+02
4.384483500000000049e+02
4.386654500000000212e+02
4.389601999999999862e+02
4.390917499999999905e+02
4.391553499999999985e+02
4.391652000000000271e+02
4.392532499999999800e+02
4.395910000000000082e+02
4.401628000000000043e+02
4.405395500000000197e+02
4.411927999999999770e+02
4.412111499999999751e+02
4.414723500000000058e+02
4.416470499999999788e+02
4.418620000000000232e+02
4.422104499999999803e+02
4.422207999999999970e+02
4.424763500000000249e+02
4.425195499999999811e+02
4.425206999999999766e+02
4.425262999999999920e+02
4.428070000000000164e+02
4.428583499999999731e+02
4.431131500000000187e+02
4.431721999999999753e+02
4.442428499999999758e+02
4.445914000000000215e+02
4.446945999999999799e+02
4.449510000000000218e+02
4.452251499999999851e+02
4.453079000000000178e+02
4.453479500000000257e+02
4.455375500000000102e+02
4.456243499999999926e+02
4.459375499999999874e+02
4.460174499999999966e+02
4.461300499999999829e+02
4.462548499999999763e+02
4.468156000000000176e+02
4.472470999999999890e+02
4.473951000000000136e+02
4.484549000000000092e+02
4.484591500000000224e+02
4.486032500000000027e+02
4.488244500000000130e+02
4.489558499999999981e+02
4.489590999999999781e+02
4.489629499999999780e+02
4.495919000000000096e+02
4.496006499999999733e+02
4.498022500000000150e+02
4.498041000000000054e+02
4.498109999999999786e+02
4.499443999999999733e+02
4.501153499999999781e+02
4.501215000000000259e+02
4.503190500000000043e+02
4.503299000000000092e+02
4.505715500000000020e+02
4.505745000000000005e+02
4.505762500000000159e+02
4.505804999999999723e+02
4.505840499999999906e+02
4.505881499999999846e+02
4.505925500000000170e+02
4.505966500000000110e+02
4.509406500000000051e+02
4.509757999999999925e+02
4.510274000000000001e+02
4.511480500000000120e+02
4.511688500000000204e+02
4.511759000000000128e+02
4.513066999999999780e+02
4.513135500000000206e+02
4.517325999999999908e+02
4.517528500000000236e+02
4.518562000000000012e+02
4.518607000000000085e+02
4.518948500000000195e+02
4.519003999999999905e+02
4.521592999999999734e+02
4.523016499999999951e+02
4.524746499999999969e+02
4.525030499999999734e+02
4.526365999999999872e+02
4.528272999999999797e+02
4.529866499999999974e+02
4.530646499999999719e+02
4.530656999999999925e+02
4.532323499999999967e+02
4.535068999999999733e+02
4.539135499999999865e+02
4.539182999999999879e+02
4.543233999999999924e+02
4.543268499999999790e+02
4.544690499999999815e+02
4.546721999999999753e+02
4.546841000000000008e+02
4.546924999999999955e+02
4.546993499999999813e+02
4.549891999999999825e+02
4.551064999999999827e+02
4.551716999999999871e+02
4.552266999999999939e+02
4.553961499999999774e+02
4.555729999999999791e+02
4.556031500000000278e+02
4.556084500000000048e+02
4.558786999999999807e+02
4.561347999999999843e+02
4.564095500000000243e+02
4.564254500000000121e+02
4.569864000000000033e+02
4.569913000000000238e+02
4.569966000000000008e+02
4.572225000000000250e+02
4.576321500000000242e+02
4.576376000000000204e+02
4.576475500000000238e+02
4.576675500000000056e+02
4.576738500000000158e+02
4.578522500000000264e+02
4.580219500000000039e+02
4.583882500000000277e+02
4.590036000000000058e+02
4.593150499999999852e+02
4.593191499999999792e+02
4.593274999999999864e+02
4.594569000000000187e+02
4.602436500000000024e+02
4.611437000000000239e+02
4.614676499999999919e+02
4.614723999999999933e+02
4.620515500000000202e+02
4.625056000000000154e+02
4.628163499999999999e+02
4.630571499999999787e+02
4.637279500000000212e+02
4.637339499999999930e+02
4.637568499999999858e+02
4.638634500000000003e+02
4.639977499999999964e+02
4.640010500000000206e+02
4.640052999999999770e+02
4.640145999999999731e+02
4.640167000000000144e+02
4.640264000000000237e+02
4.640296000000000163e+02
4.640683000000000220e+02
4.643278999999999996e+02
4.644632500000000164e+02
4.645329500000000280e+02
4.647452000000000112e+02
4.647558000000000220e+02
4.647606999999999857e+02
4.647837000000000103e+02
4.649178999999999746e+02
4.649723999999999933e+02
4.653580499999999915e+02
4.653627500000000055e+02
4.653721499999999764e+02
4.656254000000000133e+02
4.657303499999999872e+02
4.657449500000000171e+02
4.657591499999999769e+02
4.657791500000000156e+02
4.658844500000000153e+02
4.659237499999999841e+02
4.659683999999999742e+02
4.659803499999999872e+02
4.662870500000000220e+02
4.663326500000000010e+02
4.663874999999999886e+02
4.666084999999999923e+02
4.668351499999999987e+02
4.670642000000000280e+02
4.673912500000000136e+02
4.674049499999999853e+02
4.684798499999999990e+02
4.687024999999999864e+02
4.691390000000000100e+02
4.691573999999999955e+02
4.699064999999999941e+02
4.699117499999999836e+02
4.699196999999999775e+02
4.699325499999999920e+02
4.699352999999999838e+02
4.701530000000000200e+02
4.701989500000000248e+02
4.707496499999999742e+02
4.707602999999999724e+02
4.707746999999999957e+02
4.707845500000000243e+02
4.710732499999999732e+02
4.710783000000000129e+02
4.714223499999999945e+02
4.714256500000000187e+02
4.715811499999999796e+02
4.723709000000000060e+02
4.723762500000000273e+02
4.726306999999999903e+02
4.729302000000000135e+02
4.734591500000000224e+02
4.734646999999999935e+02
4.735699500000000057e+02
4.735769000000000233e+02
4.739796000000000049e+02
4.741570500000000266e+02
4.741625500000000102e+02
4.741708499999999731e+02
4.741818499999999972e+02
4.745233499999999935e+02
4.746477499999999736e+02
4.746818999999999846e+02
4.747227500000000191e+02
4.749275999999999840e+02
4.749449500000000057e+02
4.752543000000000006e+02
4.754051999999999794e+02
4.757472999999999956e+02
4.758397499999999809e+02
4.758500000000000227e+02
4.758621999999999730e+02
4.758659000000000106e+02
4.765213499999999840e+02
4.768929499999999848e+02
4.770061000000000035e+02
4.780759499999999775e+02
4.781317500000000109e+02
4.782361000000000217e+02
4.782413000000000238e+02
4.786580999999999904e+02
4.786750000000000114e+02
4.786931500000000028e+02
4.792286500000000160e+02
4.792371499999999855e+02
4.792389000000000010e+02
4.794265500000000202e+02
4.794524499999999989e+02
4.794746000000000095e+02
4.795933499999999867e+02
4.799431999999999903e+02
4.799468499999999835e+02
4.801432500000000232e+02
4.801521999999999935e+02
4.803545500000000175e+02
4.804948999999999728e+02
4.805203000000000202e+02
4.805330500000000029e+02
4.809309499999999957e+02
4.809633000000000038e+02
4.811028999999999769e+02
4.818201000000000249e+02
4.821085499999999797e+02
4.823306499999999915e+02
4.823474499999999807e+02
4.823529500000000212e+02
4.823647000000000276e+02
4.824030000000000200e+02
4.824127500000000168e+02
4.827742499999999950e+02
4.827785499999999956e+02
4.828535499999999843e+02
4.833063999999999965e+02
4.838595000000000255e+02
4.838670000000000186e+02
4.838695999999999913e+02
4.838765000000000214e+02
4.841286000000000058e+02
4.841482500000000186e+02
4.842028999999999996e+02
4.845080500000000256e+02
4.846564999999999941e+02
4.846610000000000014e+02
4.847631000000000085e+02
4.848976000000000113e+02
4.848998000000000275e+02
4.849028999999999883e+02
4.852250999999999976e+02
4.853245999999999754e+02
4.855000999999999749e+02
4.858360999999999876e+02
4.859533000000000129e+02
4.865998000000000161e+02
4.866050999999999931e+02
4.867442500000000223e+02
4.869630000000000223e+02
4.869769499999999880e+02
4.869821999999999775e+02
4.876506999999999721e+02
4.877188499999999749e+02
4.878222999999999843e+02
4.878578499999999849e+02
4.878715000000000259e+02
4.879586499999999774e+02
4.880249000000000024e+02
4.880374499999999784e+02
4.881981000000000108e+02
4.882084500000000276e+02
4.882193500000000199e+02
4.882233499999999822e+02
4.883684499999999957e+02
4.883707499999999868e+02
4.884731499999999755e+02
4.884923000000000002e+02
4.884934000000000083e+02
4.885250500000000216e+02
4.888133000000000266e+02
4.888176500000000146e+02
4.888267000000000166e+02
4.890167999999999893e+02
4.892540999999999940e+02
4.894520999999999731e+02
4.895176500000000033e+02
4.896442000000000121e+02
4.896697500000000218e+02
4.898805500000000279e+02
4.898867500000000064e+02
4.901521000000000186e+02
4.901691999999999894e+02
4.905117000000000189e+02
4.906105999999999767e+02
4.906291499999999814e+02
4.908192999999999984e+02
4.908238499999999931e+02
4.908267999999999915e+02
4.912870500000000220e+02
4.920800500000000284e+02
4.920847499999999854e+02
4.920960999999999785e+02
4.922745499999999765e+02
4.924447999999999865e+02
4.924624000000000024e+02
4.926596000000000117e+02
4.927268000000000256e+02
4.927420000000000186e+02
4.927538999999999874e+02
4.928423500000000104e+02
4.928636999999999944e+02
4.928786000000000058e+02
4.928876999999999953e+02
4.930480000000000018e+02
4.932136499999999728e+02
4.932370999999999981e+02
4.933715500000000134e+02
4.934731499999999755e+02
4.938845999999999776e+02
4.938903000000000247e+02
4.938937999999999988e+02
4.939058999999999742e+02
4.943142500000000155e+02
4.946037000000000035e+02
4.947256499999999733e+02
4.947364499999999907e+02
4.947495999999999867e+02
4.947540000000000191e+02
4.954274500000000216e+02
4.954303499999999758e+02
4.961422000000000025e+02
4.961471000000000231e+02
4.961580999999999904e+02
4.962008500000000026e+02
4.963199500000000057e+02
4.964067499999999882e+02
4.966984499999999798e+02
4.968218499999999835e+02
4.968323500000000195e+02
4.968374499999999898e+02
4.968441000000000258e+02
4.969365500000000111e+02
4.969522000000000048e+02
4.972286500000000160e+02
4.973451000000000022e+02
4.973504500000000235e+02
4.973929999999999723e+02
4.975600000000000023e+02
4.975767500000000041e+02
4.980742000000000189e+02
4.982659499999999753e+02
4.982697999999999752e+02
4.989757999999999925e+02
4.990011999999999830e+02
4.990281499999999824e+02
4.990400999999999954e+02
4.993500999999999976e+02
4.994749499999999784e+02
4.995850500000000238e+02
5.005573999999999728e+02
5.008473000000000184e+02
5.010044500000000198e+02
5.010074999999999932e+02
5.012515500000000088e+02
5.012610500000000116e+02
5.013337000000000216e+02
5.013942999999999870e+02
5.015450000000000159e+02
5.017230999999999881e+02
5.020020999999999844e+02
5.021838000000000193e+02
5.023894999999999982e+02
5.027860499999999888e+02
5.027923000000000116e+02
5.030287000000000148e+02
5.031647500000000264e+02
5.034275999999999840e+02
5.043415499999999838e+02
5.044395000000000095e+02
5.051188500000000090e+02
5.058430000000000177e+02
5.062745499999999765e+02
5.068720999999999890e+02
5.070365499999999770e+02
5.070566499999999905e+02
5.074164999999999850e+02
5.075428999999999746e+02
5.080074999999999932e+02
5.080289999999999964e+02
5.081664999999999850e+02
5.082601500000000101e+02
5.088222000000000094e+02
5.090575000000000045e+02
5.096526499999999942e+02
5.098430000000000177e+02
5.098460000000000036e+02
5.098586000000000240e+02
5.100441000000000145e+02
5.100456500000000233e+02
5.103191499999999792e+02
5.107910499999999843e+02
5.111025999999999954e+02
5.114506499999999960e+02
5.121601500000000442e+02
5.124360000000000355e+02
5.125682000000000471e+02
5.127060000000000173e+02
5.127283499999999776e+02
5.127560499999999593e+02
5.127590000000000146e+02
5.132587499999999636e+02
5.134337000000000444e+02
5.134557499999999663e+02
5.136861999999999853e+02
5.140058999999999969e+02
5.140119999999999436e+02
5.140321999999999889e+02
5.143461999999999534e+02
5.143577000000000226e+02
5.143593499999999494e+02
5.143630500000000438e+02
5.143713999999999942e+02
5.144762500000000500e+02
5.144957500000000437e+02
5.145144000000000233e+02
5.148639500000000453e+02
5.148739500000000362e+02
5.152849999999999682e+02
5.152884999999999991e+02
5.152961500000000115e+02
5.153242500000000064e+02
5.156754499999999553e+02
5.160032499999999800e+02
5.167036000000000513e+02
5.169073499999999513e+02
5.170942499999999882e+02
5.171166500000000497e+02
5.171420000000000528e+02
5.171445999999999685e+02
5.171500499999999647e+02
5.171543500000000222e+02
5.171784999999999854e+02
5.175196999999999434e+02
5.175772500000000491e+02
5.176819000000000415e+02
5.180466999999999871e+02
5.180963000000000420e+02
5.181828000000000429e+02
5.181865999999999985e+02
5.181927500000000464e+02
5.181964000000000397e+02
5.183363000000000511e+02
5.185382499999999482e+02
5.185443000000000211e+02
5.185561999999999898e+02
5.190308499999999867e+02
5.190317499999999882e+02
5.190481999999999516e+02
5.192054500000000417e+02
5.192174999999999727e+02
5.192694000000000187e+02
5.192802000000000362e+02
5.194960499999999683e+02
5.197164999999999964e+02
5.204245499999999538e+02
5.208305000000000291e+02
5.210671499999999696e+02
5.210720499999999902e+02
5.210877500000000282e+02
5.210937000000000126e+02
5.211167000000000371e+02
5.212480000000000473e+02
5.217344000000000506e+02
5.218715999999999440e+02
5.227054500000000417e+02
5.228034999999999854e+02
5.230524000000000342e+02
5.234656499999999824e+02
5.240249499999999898e+02
5.241961000000000013e+02
5.250965499999999793e+02
5.251028499999999894e+02
5.258086499999999432e+02
5.258288499999999885e+02
5.258351499999999987e+02
5.258558000000000447e+02
5.263777000000000044e+02
5.268829500000000507e+02
5.269124500000000353e+02
5.278025999999999840e+02
5.278096500000000333e+02
5.281758999999999560e+02
5.283916000000000395e+02
5.288152499999999918e+02
5.288386500000000296e+02
5.288424499999999853e+02
5.289480999999999540e+02
5.289596999999999980e+02
5.293089999999999691e+02
5.296702999999999975e+02
5.296771499999999833e+02
5.299167999999999665e+02
5.302418999999999869e+02
5.306852499999999964e+02
5.308667000000000371e+02
5.308901499999999487e+02
5.310289500000000089e+02
5.312277500000000146e+02
5.314176999999999680e+02
5.314317499999999654e+02
5.315928000000000111e+02
5.319259499999999434e+02
5.320893999999999551e+02
5.320946500000000015e+02
5.320991000000000213e+02
5.323173000000000457e+02
5.323383499999999913e+02
5.325132499999999709e+02
5.325168499999999767e+02
5.325205999999999449e+02
5.325249499999999898e+02
5.325458999999999605e+02
5.331106999999999516e+02
5.333157499999999800e+02
5.333191000000000486e+02
5.335466499999999996e+02
5.338990999999999758e+02
5.342176500000000487e+02
5.342998000000000047e+02
5.345615000000000236e+02
5.347872999999999593e+02
5.347931499999999687e+02
5.348002999999999929e+02
5.348061500000000024e+02
5.352043499999999767e+02
5.353216999999999643e+02
5.354176999999999680e+02
5.354292500000000246e+02
5.354462499999999636e+02
5.358234499999999798e+02
5.374438000000000102e+02
5.376280500000000302e+02
5.386520000000000437e+02
5.396603000000000065e+02
5.402563499999999976e+02
5.405599999999999454e+02
5.405891000000000304e+02
5.406577499999999645e+02
5.409785000000000537e+02
5.413966000000000349e+02
5.414215000000000373e+02
5.424178500000000440e+02
5.424199499999999716e+02
5.424358999999999469e+02
5.425627500000000509e+02
5.425883999999999787e+02
5.429179000000000315e+02
5.433872999999999820e+02
5.439602999999999611e+02
5.446124999999999545e+02
5.450534000000000106e+02
5.456001999999999725e+02
5.460850000000000364e+02
5.460896500000000060e+02
5.460953500000000531e+02
5.461011999999999489e+02
5.461070499999999583e+02
5.461142499999999700e+02
5.461309999999999718e+02
5.466435000000000173e+02
5.472062499999999545e+02
5.478387999999999920e+02
5.479962500000000318e+02
5.481555499999999483e+02
5.487240000000000464e+02
5.487276500000000397e+02
5.487343499999999494e+02
5.489720999999999549e+02
5.492898999999999887e+02
5.493142500000000155e+02
5.495506500000000187e+02
5.495603499999999713e+02
5.495667999999999438e+02
5.498651999999999589e+02
5.498728999999999587e+02
5.499674499999999853e+02
5.504046499999999469e+02
5.504083000000000538e+02
5.504824999999999591e+02
5.506453000000000202e+02
5.506751500000000306e+02
5.506793999999999869e+02
5.506825000000000045e+02
5.506896000000000413e+02
5.506970000000000027e+02
5.519326499999999669e+02
5.519382500000000391e+02
5.519515499999999975e+02
5.522045500000000402e+02
5.522668999999999642e+02
5.532066999999999553e+02
5.532321500000000469e+02
5.532663999999999760e+02
5.534626500000000533e+02
5.541820999999999913e+02
5.543306999999999789e+02
5.543359000000000378e+02
5.543742499999999609e+02
5.545100499999999784e+02
5.545312000000000126e+02
5.547294500000000426e+02
5.547433499999999640e+02
5.549989000000000487e+02
5.550163000000000011e+02
5.550277499999999691e+02
5.551521500000000060e+02
5.560271500000000060e+02
5.560296499999999469e+02
5.573549000000000433e+02
5.573636999999999944e+02
5.573693500000000540e+02
5.573806499999999460e+02
5.574787499999999909e+02
5.574971500000000333e+02
5.576593500000000176e+02
5.576633000000000493e+02
5.576682499999999436e+02
5.577880999999999858e+02
5.579918999999999869e+02
5.579988499999999476e+02
5.581506500000000415e+02
5.589556499999999915e+02
5.589642999999999802e+02
5.593437000000000126e+02
5.593594000000000506e+02
5.598618500000000040e+02
5.600892999999999802e+02
5.600946999999999889e+02
5.602571000000000367e+02
5.602625500000000329e+02
5.605840500000000475e+02
5.610718500000000404e+02
5.614624499999999898e+02
5.618492499999999836e+02
5.618774499999999534e+02
5.618839000000000397e+02
5.620399499999999762e+02
5.622719499999999471e+02
5.624037499999999454e+02
5.624366499999999860e+02
5.633284499999999753e+02
5.633333000000000084e+02
5.633434999999999491e+02
5.637622000000000071e+02
5.639321499999999787e+02
5.639638499999999794e+02
5.641400499999999738e+02
5.641480500000000120e+02
5.641521999999999935e+02
5.641574500000000398e+02
5.643730500000000347e+02
5.644522500000000491e+02
5.644568500000000313e+02
5.645083499999999503e+02
5.645132999999999583e+02
5.650019999999999527e+02
5.653333000000000084e+02
5.653625500000000557e+02
5.655542000000000371e+02
5.658477000000000317e+02
5.658523500000000013e+02
5.663849999999999909e+02
5.673173000000000457e+02
5.673317500000000564e+02
5.675126500000000078e+02
5.680125000000000455e+02
5.686606500000000324e+02
5.686783500000000231e+02
5.690303499999999985e+02
5.690478000000000520e+02
5.690522499999999582e+02
5.691797500000000127e+02
5.693367500000000518e+02
5.693416999999999462e+02
5.698503500000000486e+02
5.700826499999999442e+02
5.701123999999999796e+02
5.701179499999999507e+02
5.707157999999999447e+02
5.707224499999999807e+02
5.707262500000000500e+02
5.707305499999999938e+02
5.711076500000000351e+02
5.728223500000000286e+02
5.729725499999999556e+02
5.730697499999999991e+02
5.734959499999999935e+02
5.737078500000000076e+02
5.738452999999999520e+02
5.738551999999999680e+02
5.738592499999999745e+02
5.738655999999999722e+02
5.741058500000000322e+02
5.742979000000000269e+02
5.743013499999999567e+02
5.748090999999999440e+02
5.749260000000000446e+02
5.749301500000000260e+02
5.749332000000000562e+02
5.749401000000000295e+02
5.749455500000000256e+02
