8.112199999999999633e+00
8.531499999999999417e+00
8.933550000000000324e+00
1.033184999999999931e+01
1.048659999999999926e+01
1.086570000000000036e+01
1.127214999999999989e+01
1.141765000000000008e+01
1.148165000000000013e+01
1.155584999999999951e+01
1.201544999999999952e+01
1.206409999999999982e+01
1.213530000000000086e+01
1.317919999999999980e+01
1.502824999999999989e+01
1.623094999999999999e+01
1.736655000000000015e+01
1.825819999999999865e+01
1.999680000000000035e+01
2.057795000000000130e+01
2.093045000000000044e+01
2.152380000000000138e+01
2.179615000000000080e+01
2.192115000000000080e+01
2.193584999999999852e+01
2.272605000000000075e+01
2.302755000000000152e+01
2.607270000000000110e+01
2.861029999999999873e+01
2.899759999999999849e+01
3.050185000000000102e+01
3.083620000000000161e+01
3.345349999999999824e+01
3.412210000000000321e+01
3.720604999999999762e+01
3.779760000000000275e+01
4.543495000000000061e+01
4.943160000000000309e+01
5.320485000000000042e+01
5.650404999999999944e+01
1.363862499999999898e+02
1.934396000000000129e+02
2.154962999999999909e+02
2.429020500000000027e+02
