8.992499999999999716e+00
1.133350000000000080e+01
2.686179999999999879e+01
2.926784999999999926e+01
4.438024999999999665e+01
4.937069999999999936e+01
5.341870000000000118e+01
5.516040000000000276e+01
5.544740000000000180e+01
5.900800000000000267e+01
5.965064999999999884e+01
6.105819999999999936e+01
6.144514999999999816e+01
6.153585000000000349e+01
6.193755000000000166e+01
6.236460000000000292e+01
6.273035000000000139e+01
6.281839999999999691e+01
6.337525000000000119e+01
6.348109999999999786e+01
6.351270000000000238e+01
6.352385000000000304e+01
6.387039999999999651e+01
6.403374999999999773e+01
6.404890000000000327e+01
6.438200000000000500e+01
6.464039999999999964e+01
6.501354999999999507e+01
6.505814999999999770e+01
6.552009999999999934e+01
6.604094999999999516e+01
6.684340000000000259e+01
6.740144999999999698e+01
6.878074999999999761e+01
6.898834999999999695e+01
6.943179999999999552e+01
6.969750000000000512e+01
6.971469999999999345e+01
6.973569999999999425e+01
7.079309999999999548e+01
7.273539999999999850e+01
7.345414999999999850e+01
7.374290000000000589e+01
7.435339999999999350e+01
7.453979999999999961e+01
7.457295000000000584e+01
7.458435000000000059e+01
7.459985000000000355e+01
7.683044999999999902e+01
7.756274999999999409e+01
7.875300000000000011e+01
8.320484999999999332e+01
8.341289999999999338e+01
8.703079999999999927e+01
8.751229999999999620e+01
8.790970000000000084e+01
9.120529999999999404e+01
9.272355000000000302e+01
9.503650000000000375e+01
1.036891499999999979e+02
1.046706999999999965e+02
1.081427000000000049e+02
1.081552999999999969e+02
1.081655499999999961e+02
1.087905499999999961e+02
1.108799999999999955e+02
1.123329999999999984e+02
1.168116500000000002e+02
1.169854500000000002e+02
1.169903999999999940e+02
1.172849499999999949e+02
1.207558499999999952e+02
1.208312999999999988e+02
1.208549500000000023e+02
1.225065000000000026e+02
1.227347500000000053e+02
1.259696500000000015e+02
1.283552500000000123e+02
1.310388000000000090e+02
1.325463499999999897e+02
1.367059000000000140e+02
1.368074000000000012e+02
1.396988000000000056e+02
1.413160499999999900e+02
1.461160999999999888e+02
1.476498499999999865e+02
1.476696000000000026e+02
1.493022499999999866e+02
1.501118500000000040e+02
1.513651999999999873e+02
1.533864000000000090e+02
1.548093499999999949e+02
1.548125499999999874e+02
1.551545000000000130e+02
1.573212000000000046e+02
1.589844500000000096e+02
1.600550000000000068e+02
1.600603499999999997e+02
1.648054999999999950e+02
1.651875000000000000e+02
1.703029500000000098e+02
1.703123999999999967e+02
1.703228499999999883e+02
1.703403500000000008e+02
1.717745500000000050e+02
1.777987500000000125e+02
1.784497000000000071e+02
1.789435499999999877e+02
1.806485999999999876e+02
1.816044500000000141e+02
1.819296500000000094e+02
1.834205499999999915e+02
1.838334999999999866e+02
1.838394000000000119e+02
1.838474500000000091e+02
1.853743000000000052e+02
1.877527000000000044e+02
1.877555499999999995e+02
1.917393999999999892e+02
1.940196500000000128e+02
1.958761499999999955e+02
1.980212500000000091e+02
1.992069500000000062e+02
1.992104500000000087e+02
1.992163500000000056e+02
1.994218500000000063e+02
2.001764000000000010e+02
2.027369999999999948e+02
2.027399000000000058e+02
2.027430999999999983e+02
2.027485499999999945e+02
2.029558000000000106e+02
2.031580500000000029e+02
2.031682500000000005e+02
2.062715499999999906e+02
2.072307000000000130e+02
2.082115000000000009e+02
2.082165999999999997e+02
2.096058500000000038e+02
2.109191999999999894e+02
2.115452500000000100e+02
2.124921999999999969e+02
2.124987000000000137e+02
2.125771499999999889e+02
2.125919499999999971e+02
2.126804500000000075e+02
2.128576500000000067e+02
2.146100500000000011e+02
2.152189500000000066e+02
2.154184999999999945e+02
2.154216999999999871e+02
2.154718000000000018e+02
2.155016999999999996e+02
2.155061000000000035e+02
2.161123000000000047e+02
2.161163999999999987e+02
2.163505000000000109e+02
2.173532500000000027e+02
2.173564000000000078e+02
2.173607499999999959e+02
2.175545500000000061e+02
2.182661500000000103e+02
2.182697000000000003e+02
2.184579999999999984e+02
2.186182000000000016e+02
2.186217000000000041e+02
2.187966999999999871e+02
2.190648500000000070e+02
2.190678000000000054e+02
2.193654500000000098e+02
2.196419500000000085e+02
2.202807999999999993e+02
2.202982499999999959e+02
2.203695999999999913e+02
2.208978999999999928e+02
2.209049500000000137e+02
2.210004999999999882e+02
2.212669999999999959e+02
2.216990000000000123e+02
2.217015499999999975e+02
2.217041499999999985e+02
2.217081499999999892e+02
2.220945000000000107e+02
2.220996000000000095e+02
2.221030000000000086e+02
2.223427000000000078e+02
2.223477000000000032e+02
2.229130499999999984e+02
2.231999999999999886e+02
2.232033000000000129e+02
2.234113499999999988e+02
2.235434500000000071e+02
2.239748999999999910e+02
2.246246999999999900e+02
2.246277499999999918e+02
2.246305000000000121e+02
2.247829499999999996e+02
2.247875999999999976e+02
2.248720000000000141e+02
2.248753000000000100e+02
2.249609000000000094e+02
2.249629999999999939e+02
2.251816499999999905e+02
2.258336999999999932e+02
2.258364500000000135e+02
2.258392499999999927e+02
2.259229499999999859e+02
2.264210500000000081e+02
2.264242500000000007e+02
2.269565499999999929e+02
2.271756000000000029e+02
2.271789499999999862e+02
2.271843499999999949e+02
2.274234500000000025e+02
2.274341499999999883e+02
2.274422500000000014e+02
2.274452499999999873e+02
2.278483500000000106e+02
2.283166999999999973e+02
2.283192500000000109e+02
2.283220000000000027e+02
2.283293999999999926e+02
2.283414999999999964e+02
2.285049999999999955e+02
2.290614999999999952e+02
2.290660000000000025e+02
2.290714499999999987e+02
2.291853499999999997e+02
2.295226000000000113e+02
2.295295000000000130e+02
2.298750000000000000e+02
2.298785000000000025e+02
2.298818499999999858e+02
2.299126500000000135e+02
2.299165999999999883e+02
2.299189499999999953e+02
2.300071499999999958e+02
2.301334500000000105e+02
2.303963500000000124e+02
2.304027000000000100e+02
2.309242500000000007e+02
2.309275000000000091e+02
2.309317000000000064e+02
2.310638999999999896e+02
2.310948500000000081e+02
2.311603499999999940e+02
2.313924000000000092e+02
2.313956000000000017e+02
2.313998499999999865e+02
2.315644000000000062e+02
2.315688499999999976e+02
2.315732000000000141e+02
2.318187499999999943e+02
2.318218500000000120e+02
2.318247499999999945e+02
2.320629500000000007e+02
2.320657500000000084e+02
2.320687499999999943e+02
2.322004499999999894e+02
2.325533499999999947e+02
2.325565499999999872e+02
2.325994499999999903e+02
2.326055000000000064e+02
2.330924500000000137e+02
2.332090499999999906e+02
2.332172500000000070e+02
2.332368500000000040e+02
2.332888499999999965e+02
2.336067500000000052e+02
2.337087999999999965e+02
2.337170000000000130e+02
2.339324499999999887e+02
2.339567000000000121e+02
2.339943000000000097e+02
2.339983499999999879e+02
2.340688000000000102e+02
2.344704999999999870e+02
2.347156999999999982e+02
2.350348500000000058e+02
2.350380999999999858e+02
2.350412000000000035e+02
2.353671999999999969e+02
2.353699499999999887e+02
2.356356499999999983e+02
2.356896000000000129e+02
2.356923500000000047e+02
2.356955000000000098e+02
2.360160500000000070e+02
2.360183000000000106e+02
2.361525000000000034e+02
2.361551000000000045e+02
2.361576000000000022e+02
2.368335999999999899e+02
2.368360000000000127e+02
2.368382499999999879e+02
2.368408000000000015e+02
2.368437500000000000e+02
2.369171000000000049e+02
2.371234000000000037e+02
2.371325999999999965e+02
2.371865500000000111e+02
2.376631999999999891e+02
2.376682500000000005e+02
2.376919000000000040e+02
2.379041499999999871e+02
2.379095499999999959e+02
2.380151999999999930e+02
2.380198499999999910e+02
2.381830500000000086e+02
2.381863500000000045e+02
2.381894000000000062e+02
2.383282000000000096e+02
2.383337999999999965e+02
2.389919999999999902e+02
2.390018499999999904e+02
2.390655500000000018e+02
2.390679000000000087e+02
2.393446500000000015e+02
2.393476499999999874e+02
2.393503499999999917e+02
2.394361000000000104e+02
2.394383500000000140e+02
2.395577499999999986e+02
2.395603999999999871e+02
2.395630999999999915e+02
2.395672000000000139e+02
2.399490999999999872e+02
2.399738000000000113e+02
2.399762499999999932e+02
2.399786000000000001e+02
2.399812499999999886e+02
2.399891000000000076e+02
2.400113499999999931e+02
2.403493499999999869e+02
2.403523000000000138e+02
2.403557999999999879e+02
2.403615000000000066e+02
2.410763499999999908e+02
2.410788000000000011e+02
2.410810999999999922e+02
2.410843500000000006e+02
2.414705999999999904e+02
2.416907500000000084e+02
2.418920999999999992e+02
2.419376000000000033e+02
2.422264499999999998e+02
2.423755500000000040e+02
2.423778499999999951e+02
2.423800999999999988e+02
2.423826500000000124e+02
2.423865499999999997e+02
2.428087999999999909e+02
2.428431999999999960e+02
2.428498500000000035e+02
2.428524999999999920e+02
2.428581000000000074e+02
2.431749000000000080e+02
2.431779500000000098e+02
2.434473500000000001e+02
2.434525500000000022e+02
2.436036000000000001e+02
2.439095000000000084e+02
2.439120499999999936e+02
2.439179499999999905e+02
2.441440499999999929e+02
2.446192000000000064e+02
2.446221999999999923e+02
2.446251000000000033e+02
2.449241000000000099e+02
2.449351499999999930e+02
2.450011000000000081e+02
2.450041999999999973e+02
2.450086000000000013e+02
2.450237999999999943e+02
2.452538000000000125e+02
2.452569499999999891e+02
2.452604499999999916e+02
2.453295500000000118e+02
2.457135000000000105e+02
2.457161000000000115e+02
2.457185499999999934e+02
2.457227499999999907e+02
2.459710499999999911e+02
2.460429000000000030e+02
2.460471499999999878e+02
2.460550000000000068e+02
2.460577499999999986e+02
2.460609499999999912e+02
2.461104499999999859e+02
2.461150499999999965e+02
2.468982000000000028e+02
2.469006500000000131e+02
2.469028500000000008e+02
2.469054500000000019e+02
2.469099999999999966e+02
2.471838999999999942e+02
2.471865500000000111e+02
2.472385500000000036e+02
2.472450499999999920e+02
2.473147500000000036e+02
2.476847500000000082e+02
2.480536500000000046e+02
2.480561500000000024e+02
2.480586000000000126e+02
2.483744499999999960e+02
2.483777499999999918e+02
2.483810000000000002e+02
2.487304499999999905e+02
2.491104499999999859e+02
2.491141000000000076e+02
2.500643499999999904e+02
2.500771000000000015e+02
2.501845000000000141e+02
2.505135999999999967e+02
2.505167500000000018e+02
2.506200000000000045e+02
2.506237999999999886e+02
2.509285000000000139e+02
2.509531000000000063e+02
2.515527999999999906e+02
2.515552999999999884e+02
2.515576000000000079e+02
2.515604500000000030e+02
2.517468000000000075e+02
2.518112000000000137e+02
2.519705500000000029e+02
2.519737499999999955e+02
2.520730499999999950e+02
2.520755000000000052e+02
2.520778500000000122e+02
2.520805000000000007e+02
2.520841499999999940e+02
2.520896999999999935e+02
2.520938500000000033e+02
2.521323500000000024e+02
2.521723499999999945e+02
2.524480000000000075e+02
2.526331500000000005e+02
2.526775499999999965e+02
2.526802000000000135e+02
2.531836999999999875e+02
2.531861499999999978e+02
2.531887999999999863e+02
2.532622000000000071e+02
2.537881999999999891e+02
2.538888499999999908e+02
2.541604499999999973e+02
2.541662000000000035e+02
2.543662500000000080e+02
2.543693000000000097e+02
2.543728499999999997e+02
2.545250499999999931e+02
2.546810999999999865e+02
2.546841000000000008e+02
2.546872500000000059e+02
2.547072499999999877e+02
2.551650999999999954e+02
2.553192999999999984e+02
2.553259500000000060e+02
2.559785500000000127e+02
2.559843500000000063e+02
2.562607499999999732e+02
2.565131499999999960e+02
2.565156499999999937e+02
2.565179999999999723e+02
2.565215999999999781e+02
2.567905000000000086e+02
2.569137499999999932e+02
2.569161500000000160e+02
2.574472999999999843e+02
2.574501999999999953e+02
2.574531000000000063e+02
2.576286499999999933e+02
2.576326999999999998e+02
2.577051000000000158e+02
2.578806999999999903e+02
2.582420500000000061e+02
2.582447999999999979e+02
2.584995999999999867e+02
2.585037500000000250e+02
2.585627499999999941e+02
2.591709999999999923e+02
2.592051500000000033e+02
2.593548000000000116e+02
2.597316999999999894e+02
2.608943499999999744e+02
2.608992999999999824e+02
2.612153999999999883e+02
2.616554499999999734e+02
2.617689500000000180e+02
2.617727499999999736e+02
2.621467999999999847e+02
2.621523500000000126e+02
2.623523999999999887e+02
2.624620499999999765e+02
2.627740499999999884e+02
2.628344000000000165e+02
2.628399499999999875e+02
2.632088499999999840e+02
2.632742999999999824e+02
2.634145500000000197e+02
2.634175000000000182e+02
2.634766500000000065e+02
2.638818999999999733e+02
2.638845000000000027e+02
2.638870000000000005e+02
2.638903000000000247e+02
2.641547499999999786e+02
2.642540500000000065e+02
2.642566499999999792e+02
2.642592000000000212e+02
2.642624500000000012e+02
2.642965500000000247e+02
2.643002500000000055e+02
2.645218499999999722e+02
2.645248500000000149e+02
2.645279499999999757e+02
2.645337999999999852e+02
2.648752499999999941e+02
2.648786999999999807e+02
2.648838999999999828e+02
2.652922500000000241e+02
2.659595499999999788e+02
2.659621500000000083e+02
2.659647499999999809e+02
2.659680999999999926e+02
2.660745999999999754e+02
2.662719000000000165e+02
2.662752500000000282e+02
2.662792000000000030e+02
2.668929499999999848e+02
2.672183999999999742e+02
2.673455999999999904e+02
2.674195000000000277e+02
2.679239999999999782e+02
2.681350499999999784e+02
2.681383999999999901e+02
2.687728000000000179e+02
2.687763499999999794e+02
2.688433499999999867e+02
2.688480000000000132e+02
2.690230999999999995e+02
2.690271500000000060e+02
2.690321000000000140e+02
2.694996499999999742e+02
2.695058500000000095e+02
2.699311500000000024e+02
2.714501999999999953e+02
2.714601499999999987e+02
2.717985499999999774e+02
2.721591500000000110e+02
2.727442500000000223e+02
2.730228000000000179e+02
2.730284500000000207e+02
2.730328999999999837e+02
2.738385499999999979e+02
2.738832499999999754e+02
2.739506999999999834e+02
2.742403499999999781e+02
2.742434999999999832e+02
2.749585500000000025e+02
2.749622499999999832e+02
2.751398500000000240e+02
2.751571999999999889e+02
2.756589999999999918e+02
2.760008000000000266e+02
2.760040999999999940e+02
2.760074500000000057e+02
2.763073499999999854e+02
2.765908999999999764e+02
2.772860000000000014e+02
2.780823500000000195e+02
2.780925500000000170e+02
2.781481999999999744e+02
2.786320999999999799e+02
2.789531000000000063e+02
2.789633000000000038e+02
2.798369000000000142e+02
2.799334499999999935e+02
2.799392000000000280e+02
2.800867000000000075e+02
2.800925500000000170e+02
2.805319499999999948e+02
2.815230000000000246e+02
2.815257500000000164e+02
2.815282500000000141e+02
2.815346999999999866e+02
2.815619500000000244e+02
2.817072999999999752e+02
2.817774999999999750e+02
2.817848500000000058e+02
2.824934999999999832e+02
2.824966999999999757e+02
2.825033500000000117e+02
2.827859500000000139e+02
2.827891999999999939e+02
2.827924499999999739e+02
2.830999499999999784e+02
2.835776999999999930e+02
2.837278999999999769e+02
2.837305000000000064e+02
2.837331500000000233e+02
2.839484499999999798e+02
2.846762499999999818e+02
2.856309499999999844e+02
2.858086000000000126e+02
2.858131999999999948e+02
2.858186999999999784e+02
2.859406000000000176e+02
2.859436999999999784e+02
2.865033000000000243e+02
2.874936999999999898e+02
2.882372500000000173e+02
2.882399500000000216e+02
2.888025499999999965e+02
2.890704000000000065e+02
2.896520499999999743e+02
2.896585999999999785e+02
2.900264999999999986e+02
2.901847500000000082e+02
2.908843499999999835e+02
2.912686499999999796e+02
2.915933499999999867e+02
2.918742500000000177e+02
2.918801000000000272e+02
2.925640000000000214e+02
2.929535999999999945e+02
2.936044999999999732e+02
2.937998499999999922e+02
2.958867500000000064e+02
2.959519000000000233e+02
2.964168000000000234e+02
2.971485500000000002e+02
2.971730999999999767e+02
2.985310499999999934e+02
2.985614499999999794e+02
3.021607999999999947e+02
3.024764000000000124e+02
3.040864500000000135e+02
3.044407499999999800e+02
3.045490500000000225e+02
3.045929499999999734e+02
3.047834500000000162e+02
3.051613500000000272e+02
3.053438499999999749e+02
3.054820500000000152e+02
3.059314499999999839e+02
3.075654000000000110e+02
3.079272500000000150e+02
3.081229999999999905e+02
3.085984500000000139e+02
3.092473499999999831e+02
3.101865999999999985e+02
3.107392500000000268e+02
3.110683000000000220e+02
3.133446500000000015e+02
3.139402999999999793e+02
3.145221000000000231e+02
3.159828499999999849e+02
3.163953000000000202e+02
3.184209500000000048e+02
3.185613000000000170e+02
3.186379999999999768e+02
3.196940500000000043e+02
3.198161499999999933e+02
3.204816500000000019e+02
3.216055499999999938e+02
3.216831500000000119e+02
3.220979500000000257e+02
3.222536499999999933e+02
3.225476499999999760e+02
3.226057999999999879e+02
3.241637000000000057e+02
3.250491999999999848e+02
3.257106499999999869e+02
3.259708999999999719e+02
3.265976999999999748e+02
3.267436000000000149e+02
3.268000499999999988e+02
3.271330500000000256e+02
3.274762999999999806e+02
3.276174500000000194e+02
3.283339000000000283e+02
3.283774500000000103e+02
3.287621500000000196e+02
3.289520499999999856e+02
3.291598999999999933e+02
3.294329500000000053e+02
3.307101499999999987e+02
3.308917500000000018e+02
3.331440000000000055e+02
3.338748499999999808e+02
3.340502000000000180e+02
3.353913499999999885e+02
3.366700999999999908e+02
3.377579499999999939e+02
3.394649499999999875e+02
3.403657499999999914e+02
3.422561499999999910e+02
3.422806499999999801e+02
3.438716999999999757e+02
3.464372999999999934e+02
3.464768500000000131e+02
3.467092999999999847e+02
3.470371499999999969e+02
3.472295500000000175e+02
3.474911999999999921e+02
3.483998500000000149e+02
3.490720999999999776e+02
3.494268500000000017e+02
3.498818499999999858e+02
3.500634499999999889e+02
3.512284000000000219e+02
3.520416999999999916e+02
3.533390499999999861e+02
3.533824000000000183e+02
3.547576999999999998e+02
3.560693499999999858e+02
3.572977500000000077e+02
3.626503500000000031e+02
3.634229000000000269e+02
3.635307500000000118e+02
3.639791500000000042e+02
3.649993000000000052e+02
3.656161999999999921e+02
3.679984999999999786e+02
3.709191500000000019e+02
3.717160499999999956e+02
3.717334000000000174e+02
3.769015499999999861e+02
3.771589000000000169e+02
3.813693000000000097e+02
3.845421499999999924e+02
3.846399000000000115e+02
3.862543999999999755e+02
3.895742000000000189e+02
3.958939500000000180e+02
3.993839500000000271e+02
4.006463499999999840e+02
4.006854999999999905e+02
4.006965000000000146e+02
4.026662499999999909e+02
4.056259499999999889e+02
4.085466499999999996e+02
4.088447499999999764e+02
4.099977999999999838e+02
4.112751499999999965e+02
4.122610500000000116e+02
4.134189000000000078e+02
4.153566500000000019e+02
4.172683000000000106e+02
4.172819999999999823e+02
4.173092500000000200e+02
4.173614000000000033e+02
4.174102500000000191e+02
4.185781000000000063e+02
4.189125999999999976e+02
4.195502500000000055e+02
4.208891499999999724e+02
4.229031499999999824e+02
4.234209000000000174e+02
4.242178000000000111e+02
4.256772500000000150e+02
4.263620000000000232e+02
4.266286000000000058e+02
4.313489999999999895e+02
4.313793000000000006e+02
4.343378999999999905e+02
4.345742000000000189e+02
4.369956500000000119e+02
4.379236000000000217e+02
4.406177999999999884e+02
4.409139000000000124e+02
4.418325500000000261e+02
4.439855499999999893e+02
4.450369499999999903e+02
4.460785000000000196e+02
4.573836499999999887e+02
4.586068500000000085e+02
4.750513500000000136e+02
4.750641499999999837e+02
4.806662999999999784e+02
4.809587999999999965e+02
4.810951000000000022e+02
4.812211500000000228e+02
4.814850500000000011e+02
4.816123000000000047e+02
4.817397000000000276e+02
4.818774999999999977e+02
4.820530499999999847e+02
4.821274000000000228e+02
4.848741499999999860e+02
4.849825500000000034e+02
4.876209499999999935e+02
4.894597499999999854e+02
4.924221499999999878e+02
4.960144500000000107e+02
4.965297499999999786e+02
5.001019999999999754e+02
5.034241000000000099e+02
5.077470999999999890e+02
5.126503999999999905e+02
5.127618499999999813e+02
5.221560500000000502e+02
5.238929000000000542e+02
5.289021999999999935e+02
5.292570500000000493e+02
5.301156999999999471e+02
5.318043000000000120e+02
5.322726999999999862e+02
5.335969000000000051e+02
5.345372999999999593e+02
5.363055000000000518e+02
5.394909499999999980e+02
5.401088499999999613e+02
5.401195000000000164e+02
5.409855000000000018e+02
5.413113499999999476e+02
5.417378999999999678e+02
5.420379000000000360e+02
5.422202499999999645e+02
5.423854000000000042e+02
5.431027000000000271e+02
5.432880000000000109e+02
5.448215999999999894e+02
5.450507999999999811e+02
5.451597000000000435e+02
5.463330499999999574e+02
5.465591500000000451e+02
5.467210000000000036e+02
5.485121500000000196e+02
5.505874999999999773e+02
5.515818500000000313e+02
5.528903000000000247e+02
5.535869000000000142e+02
5.548487499999999955e+02
5.593160500000000184e+02
5.632230499999999438e+02
5.644820499999999583e+02
5.654239999999999782e+02
5.684705500000000029e+02
5.709497499999999945e+02
5.713835500000000138e+02
5.724240999999999531e+02
