8.035800000000000054e+00
8.038899999999999935e+00
8.042149999999999466e+00
9.025650000000000617e+00
9.213050000000000850e+00
9.216549999999999798e+00
9.223449999999999704e+00
1.087599999999999945e+01
1.176875000000000071e+01
1.679735000000000156e+01
1.680089999999999861e+01
2.047879999999999967e+01
2.048134999999999906e+01
2.341839999999999833e+01
2.585020000000000095e+01
2.615769999999999840e+01
2.616059999999999874e+01
2.616400000000000148e+01
2.616844999999999999e+01
2.651525000000000176e+01
2.702284999999999826e+01
2.702665000000000006e+01
2.896010000000000062e+01
2.896304999999999907e+01
2.985624999999999929e+01
3.001180000000000092e+01
3.266020000000000323e+01
3.266310000000000002e+01
3.266635000000000133e+01
3.376010000000000133e+01
3.529050000000000153e+01
3.529404999999999859e+01
3.737315000000000254e+01
3.737695000000000078e+01
3.828564999999999685e+01
3.832229999999999848e+01
3.832694999999999652e+01
3.998499999999999943e+01
3.998819999999999908e+01
4.148624999999999829e+01
4.297205000000000297e+01
4.616470000000000340e+01
4.665259999999999962e+01
4.855030000000000001e+01
4.855445000000000277e+01
4.881219999999999715e+01
5.118489999999999895e+01
5.375234999999999985e+01
5.375549999999999784e+01
5.376035000000000252e+01
5.386249999999999716e+01
5.450269999999999726e+01
5.450569999999999737e+01
5.627474999999999739e+01
5.702570000000000050e+01
5.793200000000000216e+01
5.793525000000000347e+01
6.019854999999999734e+01
6.020239999999999725e+01
6.164970000000000283e+01
6.220470000000000255e+01
6.348179999999999978e+01
6.372079999999999700e+01
6.441930000000000689e+01
6.493179999999999552e+01
6.521169999999999334e+01
6.533424999999999727e+01
6.535920000000000130e+01
6.536969999999999459e+01
6.560614999999999952e+01
6.570685000000000286e+01
6.622535000000000593e+01
6.663009999999999877e+01
6.666179999999999950e+01
6.696240000000000236e+01
6.698935000000000173e+01
6.770295000000000130e+01
6.920735000000000525e+01
7.162125000000000341e+01
7.165330000000000155e+01
7.187874999999999659e+01
7.249214999999999520e+01
7.343200000000000216e+01
7.343524999999999636e+01
7.490864999999999441e+01
7.971984999999999388e+01
7.972324999999999307e+01
7.972684999999999889e+01
8.211459999999999582e+01
8.211865000000000236e+01
8.351475000000000648e+01
8.351904999999999291e+01
8.492589999999999861e+01
8.492834999999999468e+01
8.493094999999999573e+01
8.493444999999999823e+01
8.493739999999999668e+01
8.506504999999999939e+01
8.824859999999999616e+01
8.947580000000000666e+01
8.949684999999999491e+01
8.950074999999999648e+01
8.970720000000000027e+01
9.026179999999999382e+01
9.026524999999999466e+01
9.164960000000000662e+01
9.165345000000000653e+01
9.256999999999999318e+01
9.337075000000000102e+01
9.347790000000000532e+01
9.348120000000000118e+01
9.674460000000000548e+01
9.674809999999999377e+01
9.718455000000000155e+01
9.718824999999999648e+01
9.801099999999999568e+01
9.801454999999999984e+01
9.905349999999999966e+01
9.907609999999999673e+01
1.001781500000000023e+02
1.012981000000000051e+02
1.013535499999999985e+02
1.013564999999999969e+02
1.035429500000000047e+02
1.077843000000000018e+02
1.082934999999999945e+02
1.085986500000000063e+02
1.087982499999999959e+02
1.088012999999999977e+02
1.098286999999999978e+02
1.098324000000000069e+02
1.109761000000000024e+02
1.124625000000000057e+02
1.124668000000000063e+02
1.135257000000000005e+02
1.170486999999999966e+02
1.170531000000000006e+02
1.200855499999999978e+02
1.200886500000000012e+02
1.211122500000000031e+02
1.213025499999999965e+02
1.214040999999999997e+02
1.214068000000000040e+02
1.214098000000000042e+02
1.217506999999999948e+02
1.274906000000000006e+02
1.274934499999999957e+02
1.274967000000000041e+02
1.284404000000000110e+02
1.284436499999999910e+02
1.306629499999999950e+02
1.306688000000000045e+02
1.313867500000000064e+02
1.320526999999999873e+02
1.341393999999999949e+02
1.341433000000000106e+02
1.343295999999999992e+02
1.343343500000000006e+02
1.343373499999999865e+02
1.343415999999999997e+02
1.350555999999999983e+02
1.350599499999999864e+02
1.392171999999999912e+02
1.392196999999999889e+02
1.392226499999999874e+02
1.399325499999999920e+02
1.413179499999999962e+02
1.413232500000000016e+02
1.416732000000000085e+02
1.416767000000000110e+02
1.433108499999999879e+02
1.433168499999999881e+02
1.468831999999999880e+02
1.477050999999999874e+02
1.511658999999999935e+02
1.511688000000000045e+02
1.511718500000000063e+02
1.511767999999999859e+02
1.516301499999999862e+02
1.516332999999999913e+02
1.516977500000000134e+02
1.517005499999999927e+02
1.517034500000000037e+02
1.517069999999999936e+02
1.529987000000000137e+02
1.532207999999999970e+02
1.532244000000000028e+02
1.533603500000000111e+02
1.533636500000000069e+02
1.533675000000000068e+02
1.550551499999999976e+02
1.551424000000000092e+02
1.551454500000000110e+02
1.552186000000000092e+02
1.552509499999999889e+02
1.600250499999999931e+02
1.600289500000000089e+02
1.600427500000000123e+02
1.600460500000000081e+02
1.600500000000000114e+02
1.603697999999999979e+02
1.603754999999999882e+02
1.616492499999999950e+02
1.618067499999999939e+02
1.618100499999999897e+02
1.618318999999999903e+02
1.627154500000000041e+02
1.627184499999999900e+02
1.627216500000000110e+02
1.629984000000000037e+02
1.653537499999999909e+02
1.653568999999999960e+02
1.659309499999999957e+02
1.659346999999999923e+02
1.659473000000000127e+02
1.659499999999999886e+02
1.663999499999999898e+02
1.664045000000000130e+02
1.666737500000000125e+02
1.684065500000000100e+02
1.684116999999999962e+02
1.684149500000000046e+02
1.692358000000000118e+02
1.713993000000000109e+02
1.715277000000000100e+02
1.715318499999999915e+02
1.740810500000000047e+02
1.740847500000000139e+02
1.748257000000000119e+02
1.750441999999999894e+02
1.750510500000000036e+02
1.750603499999999997e+02
1.750643499999999904e+02
1.753768000000000029e+02
1.759709000000000003e+02
1.759957499999999868e+02
1.778959000000000117e+02
1.787673000000000059e+02
1.787703999999999951e+02
1.787738999999999976e+02
1.802470000000000141e+02
1.811854500000000030e+02
1.811890500000000088e+02
1.811928000000000054e+02
1.813172000000000139e+02
1.838385499999999979e+02
1.838411499999999990e+02
1.838438999999999908e+02
1.839903999999999940e+02
1.839968499999999949e+02
1.849888500000000136e+02
1.849918999999999869e+02
1.849949000000000012e+02
1.851915999999999940e+02
1.851950999999999965e+02
1.874901000000000124e+02
1.874938999999999965e+02
1.887186499999999967e+02
1.888081500000000119e+02
1.888130500000000040e+02
1.888289000000000044e+02
1.888348499999999888e+02
1.888414999999999964e+02
1.917752499999999998e+02
1.918631499999999903e+02
1.918667499999999961e+02
1.930345499999999959e+02
1.930463000000000022e+02
1.930498000000000047e+02
1.937725499999999954e+02
1.938444000000000074e+02
1.944283499999999947e+02
1.951639499999999998e+02
1.951739499999999907e+02
1.965877999999999872e+02
1.966111999999999966e+02
1.966139000000000010e+02
1.966168499999999995e+02
1.966205500000000086e+02
1.970468500000000063e+02
1.970506000000000029e+02
1.975535000000000139e+02
1.975564999999999998e+02
2.002011500000000126e+02
2.006614500000000021e+02
2.030244500000000016e+02
2.030302000000000078e+02
2.037577499999999873e+02
2.040789000000000044e+02
2.048233500000000049e+02
2.056730000000000018e+02
2.058161000000000058e+02
2.060370000000000061e+02
2.062789500000000089e+02
2.067291500000000042e+02
2.067328500000000133e+02
2.078272000000000048e+02
2.086414499999999919e+02
2.086459999999999866e+02
2.092653500000000122e+02
2.097719999999999914e+02
2.109267999999999859e+02
2.109295999999999935e+02
2.109834999999999923e+02
2.109870500000000106e+02
2.112351999999999919e+02
2.114112499999999955e+02
2.114154499999999928e+02
2.126103500000000111e+02
2.126128500000000088e+02
2.126153999999999940e+02
2.126183499999999924e+02
2.126333999999999946e+02
2.128555499999999938e+02
2.128583999999999889e+02
2.128613499999999874e+02
2.129880499999999870e+02
2.129911500000000046e+02
2.131941999999999950e+02
2.137495999999999867e+02
2.137531999999999925e+02
2.138956000000000017e+02
2.146611000000000047e+02
2.146640999999999906e+02
2.146673499999999990e+02
2.149819999999999993e+02
2.149846499999999878e+02
2.149875499999999988e+02
2.149912999999999954e+02
2.152775499999999909e+02
2.152854499999999973e+02
2.164550000000000125e+02
2.164602500000000020e+02
2.164636000000000138e+02
2.165534499999999980e+02
2.165566000000000031e+02
2.165601000000000056e+02
2.175309499999999900e+02
2.175350999999999999e+02
2.175842499999999973e+02
2.179661999999999864e+02
2.179694000000000074e+02
2.184889000000000010e+02
2.184918000000000120e+02
2.185014500000000055e+02
2.185874000000000024e+02
2.185900499999999909e+02
2.185928000000000111e+02
2.185965999999999951e+02
2.188177499999999895e+02
2.188859999999999957e+02
2.190320499999999981e+02
2.190348999999999933e+02
2.190379499999999950e+02
2.194163499999999942e+02
2.194200500000000034e+02
2.200066500000000076e+02
2.200096000000000060e+02
2.200620499999999993e+02
2.203996500000000083e+02
2.205031500000000051e+02
2.209194999999999993e+02
2.211736500000000092e+02
2.211773000000000025e+02
2.212839500000000044e+02
2.212866999999999962e+02
2.212897000000000105e+02
2.213983000000000061e+02
2.214682500000000118e+02
2.214711000000000070e+02
2.214739999999999895e+02
2.218725499999999897e+02
2.218759000000000015e+02
2.224601999999999862e+02
2.224632000000000005e+02
2.224665500000000122e+02
2.226254500000000007e+02
2.226286000000000058e+02
2.226704499999999882e+02
2.230435500000000104e+02
2.230461500000000115e+02
2.230488499999999874e+02
2.232840999999999951e+02
2.232872000000000128e+02
2.232912499999999909e+02
2.233293999999999926e+02
2.233322000000000003e+02
2.233352500000000020e+02
2.234385499999999922e+02
2.234421499999999980e+02
2.238985000000000127e+02
2.240503999999999962e+02
2.240527999999999906e+02
2.240552000000000135e+02
2.240581500000000119e+02
2.240828500000000076e+02
2.240865000000000009e+02
2.243396999999999935e+02
2.244111000000000047e+02
2.244142999999999972e+02
2.251978000000000009e+02
2.252012499999999875e+02
2.252600500000000068e+02
2.252627500000000111e+02
2.252658000000000129e+02
2.252689000000000021e+02
2.252780500000000075e+02
2.252809499999999900e+02
2.259260500000000036e+02
2.263073500000000138e+02
2.263098999999999990e+02
2.263124500000000126e+02
2.263157500000000084e+02
2.264500999999999920e+02
2.273077499999999986e+02
2.273111000000000104e+02
2.273184500000000128e+02
2.273206000000000131e+02
2.273221000000000060e+02
2.273245499999999879e+02
2.276733499999999992e+02
2.276772499999999866e+02
2.277401000000000124e+02
2.277432499999999891e+02
2.277480999999999938e+02
2.283866999999999905e+02
2.283893999999999949e+02
2.283923499999999933e+02
2.284073999999999955e+02
2.284131999999999891e+02
2.284910999999999888e+02
2.284936999999999898e+02
2.286674500000000023e+02
2.286709500000000048e+02
2.296478999999999928e+02
2.296527000000000100e+02
2.296825499999999920e+02
2.301085500000000081e+02
2.301109500000000025e+02
2.301132499999999936e+02
2.301161500000000046e+02
2.301431499999999915e+02
2.301476000000000113e+02
2.302835499999999911e+02
2.302866999999999962e+02
2.303343500000000006e+02
2.303368000000000109e+02
2.303393000000000086e+02
2.303423999999999978e+02
2.308340499999999906e+02
2.308403999999999883e+02
2.308722999999999956e+02
2.308752000000000066e+02
2.308781500000000051e+02
2.308812499999999943e+02
2.314337999999999909e+02
2.314373999999999967e+02
2.317694999999999936e+02
2.317723000000000013e+02
2.319874000000000080e+02
2.319900499999999965e+02
2.319927999999999884e+02
2.320065500000000043e+02
2.326164499999999862e+02
2.326204500000000053e+02
2.327151000000000067e+02
2.327175000000000011e+02
2.327198999999999955e+02
2.327229499999999973e+02
2.327268500000000131e+02
2.331297000000000139e+02
2.331333500000000072e+02
2.332454500000000053e+02
2.332484000000000037e+02
2.332494499999999960e+02
2.332516500000000121e+02
2.335932999999999993e+02
2.340071499999999958e+02
2.340102500000000134e+02
2.340134999999999934e+02
2.340302499999999952e+02
2.340327499999999930e+02
2.340359500000000139e+02
2.340843999999999880e+02
2.340869500000000016e+02
2.340896999999999935e+02
2.340932999999999993e+02
2.340983999999999980e+02
2.346995499999999879e+02
2.347032000000000096e+02
2.348235500000000116e+02
2.351211999999999875e+02
2.351261499999999955e+02
2.354382500000000107e+02
2.354409499999999866e+02
2.356986499999999864e+02
2.357015499999999975e+02
2.357051999999999907e+02
2.359084000000000003e+02
2.359141999999999939e+02
2.365718500000000120e+02
2.365747000000000071e+02
2.365775999999999897e+02
2.365849000000000046e+02
2.369380500000000040e+02
2.369412499999999966e+02
2.369453000000000031e+02
2.371723000000000070e+02
2.371756499999999903e+02
2.371791000000000054e+02
2.371898999999999944e+02
2.374590000000000032e+02
2.374625000000000057e+02
2.378778000000000077e+02
2.378803000000000054e+02
2.378826999999999998e+02
2.378860500000000116e+02
2.380969499999999925e+02
2.381002000000000010e+02
2.382555499999999995e+02
2.383485499999999888e+02
2.383536000000000001e+02
2.383575500000000034e+02
2.388734000000000037e+02
2.388757500000000107e+02
2.388780500000000018e+02
2.388807999999999936e+02
2.388856000000000108e+02
2.389772000000000105e+02
2.389799999999999898e+02
2.390864500000000135e+02
2.390894499999999994e+02
2.391962000000000046e+02
2.396750499999999988e+02
2.396778500000000065e+02
2.396908500000000117e+02
2.400731499999999983e+02
2.400754499999999894e+02
2.400777500000000089e+02
2.406046499999999924e+02
2.406069999999999993e+02
2.406097000000000037e+02
2.409587500000000091e+02
2.409627499999999998e+02
2.411990499999999997e+02
2.412015000000000100e+02
2.412072499999999877e+02
2.412505500000000040e+02
2.412537000000000091e+02
2.412573500000000024e+02
2.413232500000000016e+02
2.413259999999999934e+02
2.413290000000000077e+02
2.417014000000000067e+02
2.420034499999999866e+02
2.420059500000000128e+02
2.420087000000000046e+02
2.420150999999999897e+02
2.420215499999999906e+02
2.420775999999999897e+02
2.420809000000000140e+02
2.424213499999999897e+02
2.424239000000000033e+02
2.424266499999999951e+02
2.424308499999999924e+02
2.427103999999999928e+02
2.427117499999999950e+02
2.427152000000000100e+02
2.427180999999999926e+02
2.427280499999999961e+02
2.428607000000000085e+02
2.430593000000000075e+02
2.430619499999999960e+02
2.430645499999999970e+02
2.430701999999999998e+02
2.431288999999999874e+02
2.431331000000000131e+02
2.432848999999999933e+02
2.432907999999999902e+02
2.434250000000000114e+02
2.434275499999999965e+02
2.434301499999999976e+02
2.442952500000000100e+02
2.442988499999999874e+02
2.444573000000000036e+02
2.444598000000000013e+02
2.444623499999999865e+02
2.444650000000000034e+02
2.448000999999999863e+02
2.449649499999999875e+02
2.449676000000000045e+02
2.449710499999999911e+02
2.450219500000000039e+02
2.450244500000000016e+02
2.450270999999999901e+02
2.450304500000000019e+02
2.453345500000000072e+02
2.453399000000000001e+02
2.456491499999999917e+02
2.456524499999999875e+02
2.460087000000000046e+02
2.460109999999999957e+02
2.460133500000000026e+02
2.460170500000000118e+02
2.468190500000000043e+02
2.468329999999999984e+02
2.468610999999999933e+02
2.471107499999999959e+02
2.471184000000000083e+02
2.471211500000000001e+02
2.471239500000000078e+02
2.475115999999999872e+02
2.475937500000000000e+02
2.475972999999999900e+02
2.477956499999999949e+02
2.477984999999999900e+02
2.478019500000000050e+02
2.480681500000000028e+02
2.480712000000000046e+02
2.486320000000000050e+02
2.486347000000000094e+02
2.486374000000000137e+02
2.486490499999999884e+02
2.489216499999999996e+02
2.489247499999999889e+02
2.489287500000000080e+02
2.494425999999999988e+02
2.494453499999999906e+02
2.494482000000000141e+02
2.495450999999999908e+02
2.495489000000000033e+02
2.498169499999999914e+02
2.498196499999999958e+02
2.498224500000000035e+02
2.498274499999999989e+02
2.498315499999999929e+02
2.498348499999999888e+02
2.502988499999999874e+02
2.503018500000000017e+02
2.503052000000000135e+02
2.503134000000000015e+02
2.503169000000000040e+02
2.503206999999999880e+02
2.507030499999999904e+02
2.507079500000000110e+02
2.507164999999999964e+02
2.515852500000000020e+02
2.515899499999999875e+02
2.517154500000000041e+02
2.517180999999999926e+02
2.517214500000000044e+02
2.519912999999999954e+02
2.527882999999999925e+02
2.527910500000000127e+02
2.527938000000000045e+02
2.527973000000000070e+02
2.527998000000000047e+02
2.528023000000000025e+02
2.528315000000000055e+02
2.528349000000000046e+02
2.532889999999999873e+02
2.532930499999999938e+02
2.533016000000000076e+02
2.533048499999999876e+02
2.533446500000000015e+02
2.533476499999999874e+02
2.538388999999999953e+02
2.538415999999999997e+02
2.538443499999999915e+02
2.540102500000000134e+02
2.540133500000000026e+02
2.540164000000000044e+02
2.544377499999999941e+02
2.544425500000000113e+02
2.544879500000000121e+02
2.544912500000000080e+02
2.544947999999999979e+02
2.545114499999999964e+02
2.545831000000000017e+02
2.545858000000000061e+02
2.545884000000000071e+02
2.545914999999999964e+02
2.554456999999999880e+02
2.555769500000000107e+02
2.555797499999999900e+02
2.555825499999999977e+02
2.556704000000000008e+02
2.556732000000000085e+02
2.556851000000000056e+02
2.565089500000000271e+02
2.565115000000000123e+02
2.565139500000000226e+02
2.569039500000000089e+02
2.569087000000000103e+02
2.569827500000000100e+02
2.569852999999999952e+02
2.569879000000000246e+02
2.574524000000000115e+02
2.580324499999999830e+02
2.580357999999999947e+02
2.580394999999999754e+02
2.582701999999999884e+02
2.585054499999999962e+02
2.587470000000000141e+02
2.587500999999999749e+02
2.587534499999999866e+02
2.589975999999999772e+02
2.590009499999999889e+02
2.590046500000000265e+02
2.590128000000000270e+02
2.590574500000000171e+02
2.593184999999999718e+02
2.593213999999999828e+02
2.593245499999999879e+02
2.595644500000000221e+02
2.595684499999999844e+02
2.603448500000000081e+02
2.603474499999999807e+02
2.603500999999999976e+02
2.607912499999999909e+02
2.607950000000000159e+02
2.612228000000000065e+02
2.616930500000000279e+02
2.617953999999999724e+02
2.618600999999999885e+02
2.618634000000000128e+02
2.618693999999999846e+02
2.619393499999999904e+02
2.619427999999999770e+02
2.624107999999999947e+02
2.624947000000000230e+02
2.624973499999999831e+02
2.625001500000000192e+02
2.625427500000000123e+02
2.625459999999999923e+02
2.632205000000000155e+02
2.632232999999999947e+02
2.632264000000000124e+02
2.638916500000000269e+02
2.638942999999999870e+02
2.638968499999999722e+02
2.639001499999999965e+02
2.639457499999999754e+02
2.642678500000000099e+02
2.642709500000000276e+02
2.642801499999999919e+02
2.643244500000000130e+02
2.645495999999999981e+02
2.645523000000000025e+02
2.648922999999999774e+02
2.648956499999999892e+02
2.655619500000000244e+02
2.657110999999999876e+02
2.657139000000000237e+02
2.657176000000000045e+02
2.658634500000000003e+02
2.658663000000000238e+02
2.658693000000000097e+02
2.659848000000000070e+02
2.666207999999999743e+02
2.666245999999999867e+02
2.667332999999999856e+02
2.667365500000000225e+02
2.668779499999999985e+02
2.668813000000000102e+02
2.668837500000000205e+02
2.675016499999999837e+02
2.675046500000000265e+02
2.675078500000000190e+02
2.675572999999999979e+02
2.675599000000000274e+02
2.675625999999999749e+02
2.680518000000000143e+02
2.688469999999999800e+02
2.688507000000000176e+02
2.688541999999999916e+02
2.688567499999999768e+02
2.688593000000000188e+02
2.688623999999999796e+02
2.691587999999999852e+02
2.691629500000000235e+02
2.691976000000000226e+02
2.692011999999999716e+02
2.695479000000000269e+02
2.695509999999999877e+02
2.695541000000000054e+02
2.698913499999999885e+02
2.698944999999999936e+02
2.698983000000000061e+02
2.700794500000000085e+02
2.700823500000000195e+02
2.701020500000000197e+02
2.705744000000000256e+02
2.705789500000000203e+02
2.708375500000000216e+02
2.708422499999999786e+02
2.708996500000000083e+02
2.709028999999999883e+02
2.711876500000000192e+02
2.714442000000000235e+02
2.714479999999999791e+02
2.717701999999999884e+02
2.717731499999999869e+02
2.717767499999999927e+02
2.719094000000000051e+02
2.719128000000000043e+02
2.719195000000000277e+02
2.725760999999999967e+02
2.726166499999999928e+02
2.726206999999999994e+02
2.730013000000000147e+02
2.730047000000000139e+02
2.731018000000000256e+02
2.731236999999999853e+02
2.731275999999999726e+02
2.731726499999999760e+02
2.731759000000000128e+02
2.732605500000000234e+02
2.743353999999999928e+02
2.743385499999999979e+02
2.748789499999999748e+02
2.748833999999999946e+02
2.749012999999999920e+02
2.749042000000000030e+02
2.749123000000000161e+02
2.752765499999999861e+02
2.752798500000000104e+02
2.752882500000000050e+02
2.752916000000000167e+02
2.755002999999999815e+02
2.755031999999999925e+02
2.755064499999999725e+02
2.756082000000000107e+02
2.765905000000000200e+02
2.765930500000000052e+02
2.765955999999999904e+02
2.765987999999999829e+02
2.768111499999999978e+02
2.768145999999999844e+02
2.768182499999999777e+02
2.777798000000000229e+02
2.777823999999999955e+02
2.777850500000000125e+02
2.778276999999999930e+02
2.778304499999999848e+02
2.778332500000000209e+02
2.790582499999999868e+02
2.790609499999999912e+02
2.790639499999999771e+02
2.790805500000000166e+02
2.790844000000000165e+02
2.790908000000000015e+02
2.792531000000000176e+02
2.792646500000000174e+02
2.797296000000000049e+02
2.797325500000000034e+02
2.797359000000000151e+02
2.799492000000000189e+02
2.799542500000000018e+02
2.802660500000000070e+02
2.805357999999999947e+02
2.805388500000000249e+02
2.805421000000000049e+02
2.808657000000000039e+02
2.808684000000000083e+02
2.808727999999999838e+02
2.817454000000000178e+02
2.817481500000000096e+02
2.817509499999999889e+02
2.825024500000000103e+02
2.825061999999999784e+02
2.826706500000000233e+02
2.831132499999999936e+02
2.832265499999999747e+02
2.837148500000000126e+02
2.837180999999999926e+02
2.837558000000000220e+02
2.837601000000000226e+02
2.847264000000000124e+02
2.847656999999999812e+02
2.847691500000000246e+02
2.847724999999999795e+02
2.847799499999999853e+02
2.854573500000000195e+02
2.854885499999999752e+02
2.855206499999999892e+02
2.855244000000000142e+02
2.857846499999999992e+02
2.857878499999999917e+02
2.857909000000000219e+02
2.857923999999999864e+02
2.857952000000000226e+02
2.859325999999999794e+02
2.859363500000000045e+02
2.859426000000000272e+02
2.860496999999999730e+02
2.865521499999999833e+02
2.871232499999999845e+02
2.874395999999999844e+02
2.874425499999999829e+02
2.874456500000000005e+02
2.874699499999999830e+02
2.874753000000000043e+02
2.874805499999999938e+02
2.883793499999999881e+02
2.883856000000000108e+02
2.885427500000000123e+02
2.885461999999999989e+02
2.897431000000000267e+02
2.897468499999999949e+02
2.898602500000000077e+02
2.898641000000000076e+02
2.914105999999999881e+02
2.914152000000000271e+02
2.914494500000000130e+02
2.924325499999999920e+02
2.924360500000000229e+02
2.936725999999999885e+02
2.955488500000000158e+02
2.959205999999999790e+02
2.959239999999999782e+02
2.960063000000000102e+02
2.967004999999999768e+02
2.983170999999999822e+02
3.003288000000000011e+02
3.046311999999999784e+02
3.049288000000000238e+02
3.050409000000000219e+02
3.052346000000000004e+02
3.135907500000000141e+02
3.197932999999999879e+02
3.198671499999999810e+02
3.199166500000000042e+02
3.201558499999999867e+02
3.205642000000000280e+02
3.207105999999999995e+02
3.210504999999999995e+02
3.211073999999999842e+02
3.214736500000000206e+02
3.217067000000000121e+02
3.220484000000000151e+02
3.267000499999999761e+02
3.271304999999999836e+02
3.271784499999999980e+02
3.272346000000000004e+02
3.274718500000000176e+02
3.277136499999999728e+02
3.277576999999999998e+02
3.278070000000000164e+02
3.281705999999999790e+02
3.282172499999999786e+02
3.282854500000000257e+02
3.290566000000000031e+02
3.292097499999999854e+02
3.295718499999999835e+02
3.299069000000000074e+02
3.299224500000000262e+02
3.301946500000000242e+02
3.463942000000000121e+02
3.464527499999999804e+02
3.464608499999999935e+02
3.465008500000000140e+02
3.467013999999999783e+02
3.469434499999999844e+02
3.473370499999999765e+02
3.474442000000000235e+02
3.476792500000000246e+02
3.479304999999999950e+02
3.479540999999999826e+02
3.481297999999999888e+02
3.482975999999999885e+02
3.483739499999999794e+02
3.488127499999999941e+02
3.489230999999999767e+02
3.489349500000000148e+02
3.491526999999999816e+02
3.496231000000000222e+02
3.499732000000000198e+02
3.500203999999999951e+02
3.591644499999999880e+02
3.592405999999999722e+02
3.595185000000000173e+02
3.611795000000000186e+02
3.611825000000000045e+02
3.622461999999999875e+02
3.624319499999999721e+02
3.626462000000000216e+02
3.626940999999999917e+02
3.630461000000000240e+02
3.631852499999999964e+02
3.634447000000000116e+02
3.635873000000000275e+02
3.638466000000000236e+02
3.639975000000000023e+02
3.642999500000000239e+02
3.643294999999999959e+02
3.644953499999999735e+02
3.650935999999999808e+02
3.692540000000000191e+02
3.708079000000000178e+02
3.719545499999999834e+02
3.719581000000000017e+02
3.723743999999999801e+02
3.735792999999999893e+02
3.737386500000000069e+02
3.738291500000000269e+02
3.738686000000000149e+02
3.741610499999999888e+02
3.742153000000000134e+02
3.744232000000000085e+02
3.746530000000000200e+02
3.749324500000000171e+02
3.750201000000000136e+02
3.761282499999999800e+02
3.781653999999999769e+02
3.781694499999999834e+02
3.801091000000000122e+02
3.801118999999999915e+02
3.801152500000000032e+02
3.818688999999999965e+02
3.821688500000000204e+02
3.828817500000000109e+02
3.828847499999999968e+02
3.828880500000000211e+02
3.841114499999999907e+02
3.841141999999999825e+02
3.841175999999999817e+02
3.848564499999999953e+02
3.871548500000000104e+02
3.880560500000000275e+02
3.897751000000000090e+02
3.906706500000000233e+02
3.907094999999999914e+02
3.907450999999999794e+02
3.907672499999999900e+02
3.913344999999999914e+02
3.913373500000000149e+02
3.913407000000000266e+02
3.916868999999999801e+02
3.926168999999999869e+02
3.952751999999999839e+02
3.952782500000000141e+02
3.952814000000000192e+02
3.954049999999999727e+02
3.954077500000000214e+02
3.954107999999999947e+02
3.971662499999999909e+02
3.971706500000000233e+02
3.976365999999999872e+02
3.976404499999999871e+02
3.980249000000000024e+02
3.987014500000000226e+02
3.987549999999999955e+02
3.988249999999999886e+02
3.990977500000000191e+02
4.013047000000000253e+02
4.027526500000000169e+02
4.028451999999999771e+02
4.028478000000000065e+02
4.028505000000000109e+02
4.028549499999999739e+02
4.032296000000000049e+02
4.034296499999999810e+02
4.037364000000000033e+02
4.037738499999999817e+02
4.045785000000000196e+02
4.045834500000000276e+02
4.060521499999999833e+02
4.060578499999999735e+02
4.072419499999999744e+02
4.072733999999999810e+02
4.074519999999999982e+02
4.075694500000000176e+02
4.076694499999999834e+02
4.078654999999999973e+02
4.081249500000000126e+02
4.082366000000000099e+02
4.085699999999999932e+02
4.087203499999999963e+02
4.098100000000000023e+02
4.098833500000000072e+02
4.111312500000000227e+02
4.111344000000000278e+02
4.119544500000000085e+02
4.137545999999999822e+02
4.151664000000000101e+02
4.166003499999999917e+02
4.166974000000000160e+02
4.167389999999999759e+02
4.168180500000000279e+02
4.168444499999999948e+02
4.173633500000000254e+02
4.174331500000000119e+02
4.178294000000000210e+02
4.180905999999999949e+02
4.184916000000000054e+02
4.186666500000000042e+02
4.187715999999999781e+02
4.192853999999999814e+02
4.253489000000000146e+02
4.253520500000000197e+02
4.253555499999999938e+02
4.272111499999999751e+02
4.272142000000000053e+02
4.292619500000000130e+02
4.300922499999999786e+02
4.321925499999999829e+02
4.325095999999999776e+02
4.346558999999999742e+02
4.346591000000000236e+02
4.346631499999999733e+02
4.347708499999999958e+02
4.347734500000000253e+02
4.347764999999999986e+02
4.373897499999999923e+02
4.373932500000000232e+02
4.379166500000000042e+02
4.389980499999999779e+02
4.391034500000000094e+02
4.396407500000000255e+02
4.400512499999999818e+02
4.420178999999999974e+02
4.435751000000000204e+02
4.435790000000000077e+02
4.435837999999999965e+02
4.453104000000000156e+02
4.453149500000000103e+02
4.458337500000000091e+02
4.461990000000000123e+02
4.462020999999999731e+02
4.462613999999999805e+02
4.466936499999999910e+02
4.469262499999999818e+02
4.470636000000000081e+02
4.502416000000000054e+02
4.502443499999999972e+02
4.502472000000000207e+02
4.531838000000000193e+02
4.531886499999999955e+02
4.533868499999999813e+02
4.535455999999999790e+02
4.535483500000000276e+02
4.535516000000000076e+02
4.541031500000000278e+02
4.596967500000000086e+02
4.596997000000000071e+02
4.597037000000000262e+02
4.616016500000000065e+02
4.616052500000000123e+02
4.624889000000000010e+02
4.637894499999999880e+02
4.637921499999999924e+02
4.637950000000000159e+02
4.638308499999999981e+02
4.638356499999999869e+02
4.642357999999999834e+02
4.650187500000000114e+02
4.650221500000000106e+02
4.653195999999999799e+02
4.653236999999999739e+02
4.668789499999999748e+02
4.683613500000000158e+02
4.706227499999999964e+02
4.706263500000000022e+02
4.710083999999999946e+02
4.718956999999999766e+02
4.722320000000000277e+02
4.722454999999999927e+02
4.723068000000000097e+02
4.747513000000000147e+02
4.747543499999999881e+02
4.751118000000000166e+02
4.751152000000000157e+02
4.756207499999999868e+02
4.756435500000000047e+02
4.798736000000000104e+02
4.815258999999999787e+02
4.816372999999999820e+02
4.816695500000000152e+02
4.888829000000000065e+02
4.888858999999999924e+02
4.935018000000000029e+02
4.935047500000000014e+02
4.935079000000000065e+02
4.938826000000000249e+02
4.938863999999999805e+02
4.956620500000000220e+02
4.958869500000000130e+02
4.958901500000000055e+02
5.002665499999999952e+02
5.002703999999999951e+02
5.003337500000000091e+02
5.003362999999999943e+02
5.003389500000000112e+02
5.003433499999999867e+02
5.003555499999999938e+02
5.003605999999999767e+02
5.022176499999999919e+02
5.023466000000000236e+02
5.023498999999999910e+02
5.024083499999999844e+02
5.033769500000000221e+02
5.033804000000000087e+02
5.049935500000000275e+02
5.097971499999999878e+02
5.098004000000000246e+02
5.098086000000000126e+02
5.102606499999999983e+02
5.104034500000000207e+02
5.104060000000000059e+02
5.104084500000000162e+02
5.104116000000000213e+02
5.105487499999999841e+02
5.107873000000000161e+02
5.145246499999999514e+02
5.145286499999999705e+02
5.150684499999999844e+02
5.150909000000000333e+02
5.156399000000000115e+02
5.156429000000000542e+02
5.158041500000000497e+02
5.160029500000000553e+02
5.160060999999999467e+02
5.160095000000000027e+02
5.168622000000000298e+02
5.183082500000000437e+02
5.183111499999999978e+02
5.183144499999999653e+02
5.184546000000000276e+02
5.184577500000000327e+02
5.187897000000000389e+02
5.187926499999999805e+02
5.187961999999999989e+02
5.210906499999999824e+02
5.210964000000000169e+02
5.221808999999999514e+02
5.229424500000000080e+02
5.229454500000000507e+02
5.233863499999999931e+02
5.233896999999999480e+02
5.233932499999999663e+02
5.245712999999999511e+02
5.247170499999999720e+02
5.247495499999999993e+02
5.251812999999999647e+02
5.253862500000000182e+02
5.279616999999999507e+02
5.287249500000000353e+02
5.289366499999999860e+02
5.289403999999999542e+02
5.306589999999999918e+02
5.312436000000000149e+02
5.312469999999999573e+02
5.313753000000000384e+02
5.313789000000000442e+02
5.317858999999999696e+02
5.318414999999999964e+02
5.318443499999999631e+02
5.318472500000000309e+02
5.318510999999999740e+02
5.320929999999999609e+02
5.320960000000000036e+02
5.322786999999999580e+02
5.339103999999999814e+02
5.339126999999999725e+02
5.339151500000000397e+02
5.339179500000000189e+02
5.340714500000000271e+02
5.343026499999999714e+02
5.343059500000000526e+02
5.345797499999999900e+02
5.345825999999999567e+02
5.345855500000000120e+02
5.346085000000000491e+02
5.346110499999999774e+02
5.346136999999999944e+02
5.346173499999999876e+02
5.348618500000000040e+02
5.348658000000000357e+02
5.359250500000000557e+02
5.367352499999999509e+02
5.367413000000000238e+02
5.372129499999999780e+02
5.376766499999999951e+02
5.406739999999999782e+02
5.407206499999999778e+02
5.418125000000000000e+02
5.427133499999999913e+02
5.448227500000000418e+02
5.454891999999999825e+02
5.479207999999999856e+02
5.509750999999999976e+02
5.509787000000000035e+02
5.519076499999999896e+02
5.535769999999999982e+02
5.535817500000000564e+02
5.551021500000000515e+02
5.568102999999999838e+02
5.575086000000000013e+02
5.575134000000000469e+02
5.575196999999999434e+02
5.582980000000000018e+02
5.585169499999999516e+02
5.627006499999999960e+02
5.627031500000000506e+02
5.627057999999999538e+02
5.627309000000000196e+02
5.627514499999999771e+02
5.632853499999999940e+02
5.632884999999999991e+02
5.632938000000000329e+02
5.634133000000000493e+02
5.634161500000000160e+02
5.634460500000000138e+02
5.653106500000000096e+02
5.659553499999999531e+02
5.683848500000000286e+02
5.683887499999999591e+02
5.684681500000000369e+02
5.687374499999999671e+02
5.687410499999999729e+02
5.706712999999999738e+02
5.712172500000000355e+02
5.712314000000000078e+02
5.718496999999999844e+02
5.718536000000000286e+02
5.724252999999999929e+02
5.733568000000000211e+02
5.733605499999999893e+02
5.748898500000000240e+02
