1.964489999999999981e+01
6.335009999999999764e+01
6.966535000000000366e+01
8.492395000000000493e+01
9.286740000000000350e+01
1.141149499999999932e+02
1.421068500000000085e+02
1.595146499999999889e+02
1.741438499999999863e+02
1.802616999999999905e+02
1.851123499999999922e+02
1.875233000000000061e+02
2.049534500000000037e+02
2.115026000000000010e+02
2.132256500000000017e+02
2.188224500000000035e+02
2.199121499999999969e+02
2.203438999999999908e+02
2.238934999999999889e+02
2.252649000000000115e+02
2.266806500000000142e+02
2.267379999999999995e+02
2.274752000000000010e+02
2.274791500000000042e+02
2.303196499999999958e+02
2.308132999999999981e+02
2.332426499999999976e+02
2.335886000000000138e+02
2.346605500000000006e+02
2.361430499999999881e+02
2.376579000000000121e+02
2.381036499999999876e+02
2.382522500000000036e+02
2.386228499999999997e+02
2.386260499999999922e+02
2.409606499999999869e+02
2.449425999999999988e+02
2.459971500000000049e+02
2.464088000000000136e+02
2.493057499999999891e+02
2.502978500000000111e+02
2.513162499999999966e+02
2.528459000000000003e+02
2.529717499999999859e+02
2.538291000000000111e+02
2.538325499999999977e+02
2.546032999999999902e+02
2.546060999999999979e+02
2.554490999999999872e+02
2.590091499999999769e+02
2.619174499999999739e+02
2.624227500000000077e+02
2.645539999999999736e+02
2.651585499999999911e+02
2.659814499999999953e+02
2.666274000000000228e+02
2.687460500000000252e+02
2.699198499999999967e+02
2.699375000000000000e+02
2.708004999999999995e+02
2.708527500000000146e+02
2.718928999999999974e+02
2.746600999999999999e+02
2.847774999999999750e+02
2.863048999999999751e+02
2.874567499999999995e+02
2.936239499999999794e+02
3.046548999999999978e+02
3.125778999999999996e+02
3.196972499999999968e+02
3.211334499999999821e+02
3.225540500000000179e+02
3.479344500000000266e+02
3.489750999999999976e+02
3.490776999999999930e+02
3.492445999999999913e+02
3.602968999999999937e+02
3.633586500000000115e+02
3.643609999999999900e+02
3.739259500000000003e+02
3.741693999999999960e+02
3.746458499999999958e+02
3.752239500000000021e+02
3.763324000000000069e+02
3.869397999999999911e+02
3.960849000000000046e+02
3.977214999999999918e+02
3.988288000000000011e+02
4.068580999999999790e+02
4.073276000000000181e+02
4.075199499999999944e+02
4.079768000000000256e+02
4.152255999999999858e+02
4.168523500000000013e+02
4.181859999999999786e+02
4.251940999999999917e+02
4.399014999999999986e+02
4.530340499999999793e+02
4.533774999999999977e+02
4.535585500000000252e+02
4.571791000000000054e+02
4.572158499999999890e+02
4.615489499999999907e+02
4.642391999999999825e+02
4.645214500000000157e+02
4.689391499999999837e+02
4.751201500000000237e+02
4.757047000000000025e+02
4.795575000000000045e+02
4.818706999999999994e+02
4.861629500000000235e+02
4.934268999999999892e+02
5.033521499999999946e+02
5.055469499999999812e+02
5.102427500000000009e+02
5.118387500000000045e+02
5.160936500000000251e+02
5.181953999999999496e+02
5.246064000000000078e+02
5.348406999999999698e+02
5.371791500000000497e+02
5.374854000000000269e+02
5.382560499999999593e+02
5.396236000000000104e+02
5.402076499999999442e+02
5.419887499999999818e+02
5.450466000000000122e+02
5.627643500000000358e+02
5.663360999999999876e+02
5.736283499999999549e+02
