9.110799999999999343e+00
9.624299999999999855e+00
9.649800000000000821e+00
1.286164999999999914e+01
1.293239999999999945e+01
1.385885000000000034e+01
1.431750000000000078e+01
1.506654999999999944e+01
1.828425000000000011e+01
2.246310000000000073e+01
2.265040000000000120e+01
2.271320000000000050e+01
2.331709999999999994e+01
2.370534999999999926e+01
2.387525000000000119e+01
2.802145000000000152e+01
3.216235000000000355e+01
3.871625000000000227e+01
3.930610000000000070e+01
4.200625000000000142e+01
4.221459999999999724e+01
5.054829999999999757e+01
5.868104999999999905e+01
5.996459999999999724e+01
6.005180000000000007e+01
6.052165000000000106e+01
6.065055000000000263e+01
6.275840000000000174e+01
6.866365000000000407e+01
7.006995000000000573e+01
7.480904999999999916e+01
7.510805000000000575e+01
7.513944999999999652e+01
7.711780000000000257e+01
7.718965000000000032e+01
8.656860000000000355e+01
8.817940000000000111e+01
8.920095000000000596e+01
8.924569999999999936e+01
8.960200000000000387e+01
8.992534999999999457e+01
9.022884999999999422e+01
9.032850000000000534e+01
9.048940000000000339e+01
9.062264999999999304e+01
9.133169999999999789e+01
9.141830000000000211e+01
9.155594999999999573e+01
9.259749999999999659e+01
9.645735000000000525e+01
9.661835000000000662e+01
9.663060000000000116e+01
9.708350000000000080e+01
1.010299499999999995e+02
1.012146000000000043e+02
1.014393500000000046e+02
1.016042499999999933e+02
1.016259000000000015e+02
1.016887499999999989e+02
1.017342000000000013e+02
1.018388000000000062e+02
1.024523999999999972e+02
1.024760500000000008e+02
1.039382499999999965e+02
1.039731000000000023e+02
1.040739499999999964e+02
1.041282999999999959e+02
1.042416500000000070e+02
1.042699000000000069e+02
1.061482000000000028e+02
1.082798499999999962e+02
1.084467999999999961e+02
1.093318000000000012e+02
1.114860000000000042e+02
1.115875000000000057e+02
1.122461500000000001e+02
1.142191499999999991e+02
1.160839500000000015e+02
1.161380000000000052e+02
1.162021000000000015e+02
1.163006500000000045e+02
1.228652000000000015e+02
1.228795499999999947e+02
1.245691499999999934e+02
1.249849999999999994e+02
1.250300000000000011e+02
1.265607499999999987e+02
1.310240000000000009e+02
1.364301499999999976e+02
1.369418000000000006e+02
1.370011000000000081e+02
1.371465499999999906e+02
1.375581999999999994e+02
1.380400999999999954e+02
1.405580999999999960e+02
1.407542500000000132e+02
1.417849500000000091e+02
1.443606000000000051e+02
1.445014999999999930e+02
1.447497999999999934e+02
1.448708499999999901e+02
1.492373499999999922e+02
1.500949500000000114e+02
1.501252499999999941e+02
1.501777500000000032e+02
1.502709999999999866e+02
1.503467499999999859e+02
1.506345000000000027e+02
1.506774499999999932e+02
1.507432000000000016e+02
1.508842999999999961e+02
1.509201999999999941e+02
1.546902000000000044e+02
1.562538999999999874e+02
1.563890499999999975e+02
1.570262999999999920e+02
1.572610500000000116e+02
1.606325999999999965e+02
1.608799500000000080e+02
1.622544000000000040e+02
1.638223999999999876e+02
1.647909999999999968e+02
1.681935499999999877e+02
1.702166499999999871e+02
1.704671999999999912e+02
1.730576000000000079e+02
1.734327000000000112e+02
1.761117999999999881e+02
1.766093999999999937e+02
1.791794500000000028e+02
1.830001499999999908e+02
1.866391000000000133e+02
1.870155499999999904e+02
1.904807000000000130e+02
1.924040500000000122e+02
1.938901999999999930e+02
1.941668999999999983e+02
1.942646000000000015e+02
1.947483000000000004e+02
1.952536499999999933e+02
1.972025500000000022e+02
1.980661499999999933e+02
2.040853500000000054e+02
2.045057500000000061e+02
2.064047500000000070e+02
2.070748499999999979e+02
2.072687999999999988e+02
2.073408499999999890e+02
2.091326999999999998e+02
2.102352500000000077e+02
2.163003999999999962e+02
2.163401499999999942e+02
2.163681500000000142e+02
2.163951999999999884e+02
2.164319999999999879e+02
2.164963999999999942e+02
2.165178999999999974e+02
2.166228999999999871e+02
2.184449500000000057e+02
2.184735499999999888e+02
2.187639000000000067e+02
2.197704500000000110e+02
2.197896000000000072e+02
2.207778500000000008e+02
2.224660499999999956e+02
2.227818000000000040e+02
2.230340500000000077e+02
2.258137999999999863e+02
2.265865000000000009e+02
2.283497000000000128e+02
2.312298000000000116e+02
2.351102999999999952e+02
2.358504499999999950e+02
2.358740500000000111e+02
2.358906499999999937e+02
2.359453499999999906e+02
2.360516499999999951e+02
2.371252499999999941e+02
2.388054999999999950e+02
2.419739999999999895e+02
2.425571500000000071e+02
2.444001499999999965e+02
2.444518999999999949e+02
2.444800999999999931e+02
2.445512999999999977e+02
2.456118999999999915e+02
2.456468999999999880e+02
2.459335499999999968e+02
2.460304999999999893e+02
2.513516999999999939e+02
2.514919999999999902e+02
2.545010499999999922e+02
2.551346000000000060e+02
2.552572999999999865e+02
2.556074999999999875e+02
2.556683999999999912e+02
2.556767999999999859e+02
2.557012499999999875e+02
2.557821000000000140e+02
2.560684999999999718e+02
2.561031500000000278e+02
2.561205499999999802e+02
2.565591499999999883e+02
2.565724500000000035e+02
2.566681500000000256e+02
2.566935500000000161e+02
2.567190499999999815e+02
2.567486999999999853e+02
2.591011500000000183e+02
2.593487499999999955e+02
2.606732000000000085e+02
2.611229000000000156e+02
2.612925999999999931e+02
2.615242000000000075e+02
2.620197499999999877e+02
2.623059499999999957e+02
2.628226500000000101e+02
2.636781500000000165e+02
2.649928499999999758e+02
2.655938499999999749e+02
2.656617499999999836e+02
2.682443999999999846e+02
2.684239000000000033e+02
2.684701000000000022e+02
2.686236000000000104e+02
2.695083500000000072e+02
2.699661500000000274e+02
2.700030499999999734e+02
2.728580499999999915e+02
2.729356500000000096e+02
2.729470999999999776e+02
2.730000000000000000e+02
2.730434500000000071e+02
2.731688500000000204e+02
2.735083500000000072e+02
2.744527499999999804e+02
2.745409999999999968e+02
2.748947000000000003e+02
2.750810999999999922e+02
2.751743500000000040e+02
2.752495999999999867e+02
2.753186000000000035e+02
2.753591999999999871e+02
2.755823500000000195e+02
2.756123499999999922e+02
2.756505500000000097e+02
2.774886000000000195e+02
2.778220499999999902e+02
2.778991500000000201e+02
2.786818999999999846e+02
2.793867500000000064e+02
2.822069999999999936e+02
2.831447499999999877e+02
2.841826500000000237e+02
2.857783000000000015e+02
2.861228500000000281e+02
2.876479499999999803e+02
2.876961499999999887e+02
2.879139999999999873e+02
2.881312500000000227e+02
2.881490499999999884e+02
2.881669499999999857e+02
2.883276500000000055e+02
2.896492999999999824e+02
2.897229500000000257e+02
2.900001500000000192e+02
2.900797499999999900e+02
2.901621499999999969e+02
2.911787499999999795e+02
2.913906999999999812e+02
2.962654499999999871e+02
2.966266499999999837e+02
2.967411999999999921e+02
2.988255500000000211e+02
3.026014000000000124e+02
3.028331000000000017e+02
3.032274499999999762e+02
3.033125999999999749e+02
3.033570000000000277e+02
3.036097500000000196e+02
3.037438500000000090e+02
3.038949499999999944e+02
3.042593499999999835e+02
3.045338499999999726e+02
3.053399999999999750e+02
3.055928999999999860e+02
3.056150499999999965e+02
3.059789499999999975e+02
3.060443000000000211e+02
3.063596000000000004e+02
3.065192499999999995e+02
3.069214000000000055e+02
3.073577000000000226e+02
3.076927000000000021e+02
3.084975000000000023e+02
3.087459499999999935e+02
3.091467999999999847e+02
3.095449499999999716e+02
3.111139999999999759e+02
3.116506499999999846e+02
3.127717000000000098e+02
3.133623999999999796e+02
3.134246999999999730e+02
3.135604500000000030e+02
3.139943000000000097e+02
3.146497499999999832e+02
3.149443499999999858e+02
3.151632000000000176e+02
3.151677999999999997e+02
3.171827000000000112e+02
3.184399500000000103e+02
3.187850999999999999e+02
3.189773999999999887e+02
3.192259999999999991e+02
3.195208000000000084e+02
3.197585000000000264e+02
3.197853999999999814e+02
3.199310500000000275e+02
3.199721000000000117e+02
3.201609000000000265e+02
3.203573000000000093e+02
3.205334500000000162e+02
3.205509999999999877e+02
3.207395000000000209e+02
3.216637499999999932e+02
3.217106499999999869e+02
3.219483500000000049e+02
3.221147000000000276e+02
3.228573499999999967e+02
3.232238500000000272e+02
3.234037999999999897e+02
3.237548499999999763e+02
3.261551000000000045e+02
3.262485500000000229e+02
3.263081999999999994e+02
3.266297000000000139e+02
3.266558499999999867e+02
3.268435000000000059e+02
3.270092999999999961e+02
3.272452000000000112e+02
3.274460000000000264e+02
3.276564500000000066e+02
3.278439500000000066e+02
3.278545500000000175e+02
3.279798499999999990e+02
3.280217999999999847e+02
3.280363500000000272e+02
3.283673000000000002e+02
3.292067999999999870e+02
3.292637500000000159e+02
3.293874000000000137e+02
3.301757000000000062e+02
3.303552999999999997e+02
3.334687000000000126e+02
3.370962999999999852e+02
3.374981999999999971e+02
3.376443499999999744e+02
3.380415499999999724e+02
3.381632999999999925e+02
3.434943499999999972e+02
3.436145000000000209e+02
3.440708000000000197e+02
3.452279500000000212e+02
3.461613500000000272e+02
3.462860999999999763e+02
3.463296500000000151e+02
3.464273499999999899e+02
3.471832499999999868e+02
3.475862500000000068e+02
3.484479000000000042e+02
3.486743500000000040e+02
3.492303999999999746e+02
3.502853000000000065e+02
3.584428500000000213e+02
3.625596499999999764e+02
3.641740500000000225e+02
3.690926999999999794e+02
3.718620500000000106e+02
3.720652499999999918e+02
3.721903500000000236e+02
3.722368999999999915e+02
3.723702999999999861e+02
3.737447000000000230e+02
3.739193999999999960e+02
3.743462499999999977e+02
3.747508000000000266e+02
3.749109500000000139e+02
3.803132499999999823e+02
3.806533499999999890e+02
3.806829000000000178e+02
3.807026999999999930e+02
3.807325999999999908e+02
3.808381999999999721e+02
3.808475500000000125e+02
3.808870999999999754e+02
3.809252000000000180e+02
3.817112000000000194e+02
3.831338499999999954e+02
3.832719500000000039e+02
3.836564500000000066e+02
3.837613000000000056e+02
3.837740999999999758e+02
3.837928499999999872e+02
3.838626499999999737e+02
3.840542500000000246e+02
3.841125000000000114e+02
3.845400500000000079e+02
3.847562500000000227e+02
3.855417499999999791e+02
3.855672000000000139e+02
3.855947499999999764e+02
3.858067500000000223e+02
3.859703000000000088e+02
3.860818499999999744e+02
3.861713500000000181e+02
3.886286499999999933e+02
3.887001999999999953e+02
3.891084500000000048e+02
3.895646499999999719e+02
3.895957500000000095e+02
3.896164999999999736e+02
3.896313999999999851e+02
3.897273000000000138e+02
3.900551500000000260e+02
3.910070000000000050e+02
3.915604999999999905e+02
3.920962999999999852e+02
3.923888000000000034e+02
3.934690499999999815e+02
3.961297500000000014e+02
3.964360500000000229e+02
3.965099000000000160e+02
3.965683500000000095e+02
3.966348499999999717e+02
3.967076999999999884e+02
3.967986000000000217e+02
3.968743000000000052e+02
3.969689999999999941e+02
3.972496499999999742e+02
3.972869499999999903e+02
3.973788499999999999e+02
3.975299999999999727e+02
3.975590000000000259e+02
4.020616999999999734e+02
4.050244999999999891e+02
4.110440500000000270e+02
4.111292000000000257e+02
4.111503999999999905e+02
4.114870999999999981e+02
4.116476000000000113e+02
4.116666999999999916e+02
4.149105000000000132e+02
4.149386000000000081e+02
4.168838000000000079e+02
4.174408999999999992e+02
4.179213500000000181e+02
4.267599999999999909e+02
4.268278000000000247e+02
4.270228000000000179e+02
4.270454500000000166e+02
4.271314499999999725e+02
4.271659000000000219e+02
4.271933000000000220e+02
4.273201000000000249e+02
4.273814499999999725e+02
4.274472000000000094e+02
4.276863500000000045e+02
4.277142499999999927e+02
4.277604999999999791e+02
4.278369999999999891e+02
4.279218000000000188e+02
4.283020000000000209e+02
4.284213500000000181e+02
4.284689500000000066e+02
4.285176500000000033e+02
4.285789500000000203e+02
4.286739499999999907e+02
4.287379500000000121e+02
4.287556500000000028e+02
4.289194499999999834e+02
4.348491999999999962e+02
4.349430500000000279e+02
4.359649000000000001e+02
4.373978999999999928e+02
4.380538500000000113e+02
4.381282499999999800e+02
4.382567500000000109e+02
4.382817499999999882e+02
4.384735999999999763e+02
4.405958499999999844e+02
4.422824499999999830e+02
4.423384500000000230e+02
4.425283499999999890e+02
4.427649000000000115e+02
4.427914000000000101e+02
4.428319000000000187e+02
4.429031499999999824e+02
4.429242499999999723e+02
4.429568499999999744e+02
4.429918499999999995e+02
4.433870999999999754e+02
4.435468500000000063e+02
4.439226499999999760e+02
4.449906500000000165e+02
4.450638999999999896e+02
4.451147000000000276e+02
4.451569499999999948e+02
4.471754999999999995e+02
4.473911499999999819e+02
4.535509999999999877e+02
4.544909000000000106e+02
4.547015999999999849e+02
4.550731000000000108e+02
4.551970499999999902e+02
4.554663499999999772e+02
4.561527500000000259e+02
4.564381999999999948e+02
4.565246999999999957e+02
4.565458499999999731e+02
4.565638500000000022e+02
4.565695000000000050e+02
4.565960499999999911e+02
4.571107499999999959e+02
4.572907000000000153e+02
4.573613500000000158e+02
4.574008000000000038e+02
4.574530500000000188e+02
4.577722499999999854e+02
4.625264000000000237e+02
4.627982000000000085e+02
4.628604000000000269e+02
4.631171499999999810e+02
4.651311999999999784e+02
4.658629500000000121e+02
4.661369000000000256e+02
4.673181000000000154e+02
4.674070500000000266e+02
4.700595000000000141e+02
4.709612000000000194e+02
4.767053000000000225e+02
4.767735999999999876e+02
4.768698999999999728e+02
4.773505999999999858e+02
4.811664999999999850e+02
4.813680499999999824e+02
4.821235500000000229e+02
4.867702499999999759e+02
4.885445000000000277e+02
4.930505499999999870e+02
4.937624500000000012e+02
4.943127000000000066e+02
4.950240499999999884e+02
4.958737499999999727e+02
4.958892500000000041e+02
4.982916999999999916e+02
4.998129500000000007e+02
5.056512999999999920e+02
5.114994500000000244e+02
5.116537000000000148e+02
5.141684999999999945e+02
5.144464500000000271e+02
5.158374499999999898e+02
5.158852000000000544e+02
5.161466000000000349e+02
5.162418999999999869e+02
5.167672499999999900e+02
5.177182999999999993e+02
5.253087000000000444e+02
5.253316499999999678e+02
5.254202500000000100e+02
5.254507499999999709e+02
5.255701500000000124e+02
5.256708999999999605e+02
5.262675000000000409e+02
5.262872999999999593e+02
5.264363499999999476e+02
5.266290000000000191e+02
5.267018000000000484e+02
5.268269000000000233e+02
5.269554000000000542e+02
5.270149499999999989e+02
5.270679999999999836e+02
5.270975499999999556e+02
5.272127500000000282e+02
5.278982999999999493e+02
5.295444499999999834e+02
5.297494000000000369e+02
5.300358999999999696e+02
5.301432499999999663e+02
5.301721499999999878e+02
5.302925999999999931e+02
5.337472999999999956e+02
5.344102000000000317e+02
5.364566999999999553e+02
5.387083999999999833e+02
5.390868500000000267e+02
5.396639000000000124e+02
5.402242499999999836e+02
5.409681500000000369e+02
5.409911499999999478e+02
5.412173500000000104e+02
5.413594000000000506e+02
5.416482999999999493e+02
5.420213499999999840e+02
5.435333000000000538e+02
5.443919499999999516e+02
5.445513999999999442e+02
5.447880999999999858e+02
5.463756499999999505e+02
5.467419499999999744e+02
5.496350999999999658e+02
5.517772499999999809e+02
5.541769000000000460e+02
5.549823999999999842e+02
5.575471499999999878e+02
5.581304000000000087e+02
5.588848500000000286e+02
5.603338499999999840e+02
5.615276000000000067e+02
5.615512499999999818e+02
5.615883999999999787e+02
5.616155999999999722e+02
5.616945500000000493e+02
5.620587500000000318e+02
5.624405000000000427e+02
5.625077999999999747e+02
5.625916499999999587e+02
5.626091499999999996e+02
5.626255999999999631e+02
5.650416500000000042e+02
5.653971500000000106e+02
5.655763500000000477e+02
5.656254000000000133e+02
5.668251999999999953e+02
5.682039999999999509e+02
5.709107500000000073e+02
5.709575499999999693e+02
5.709687999999999874e+02
5.709976000000000340e+02
5.710156500000000506e+02
5.711105499999999893e+02
5.711653499999999894e+02
5.736435500000000047e+02
