1.362589999999999968e+01
1.427369999999999983e+01
1.895195000000000007e+01
2.284479999999999933e+01
2.350359999999999872e+01
2.368779999999999930e+01
2.386355000000000004e+01
2.429810000000000159e+01
2.779129999999999967e+01
2.807710000000000150e+01
2.956794999999999973e+01
2.964300000000000068e+01
2.982505000000000095e+01
3.012509999999999977e+01
3.032254999999999967e+01
3.042520000000000024e+01
3.047755000000000081e+01
3.053434999999999988e+01
3.097254999999999825e+01
3.121600000000000108e+01
3.129935000000000045e+01
3.438915000000000077e+01
3.736939999999999884e+01
4.706479999999999819e+01
4.761594999999999800e+01
4.811585000000000178e+01
4.814699999999999847e+01
4.854724999999999824e+01
4.902615000000000123e+01
4.924289999999999878e+01
4.941194999999999737e+01
5.062425000000000352e+01
5.135490000000000066e+01
5.167810000000000059e+01
5.237194999999999823e+01
5.278325000000000244e+01
5.343594999999999828e+01
5.619189999999999685e+01
5.643854999999999933e+01
5.871500000000000341e+01
5.897480000000000189e+01
6.120275000000000176e+01
6.327810000000000201e+01
6.469984999999999786e+01
6.578489999999999327e+01
6.619825000000000159e+01
6.636905000000000143e+01
6.658249999999999602e+01
6.690604999999999336e+01
6.928530000000000655e+01
6.975334999999999752e+01
6.992905000000000371e+01
7.023954999999999416e+01
7.132630000000000337e+01
7.135190000000000055e+01
7.175719999999999743e+01
7.899755000000000393e+01
