5.686410000000000053e+01
9.108074999999999477e+01
1.330289999999999964e+02
1.527427999999999884e+02
1.997059000000000140e+02
2.452481500000000096e+02
2.952245500000000220e+02
3.245414000000000101e+02
3.358519000000000005e+02
3.584241000000000099e+02
3.725467499999999745e+02
3.829144000000000005e+02
4.130171000000000276e+02
4.244028999999999883e+02
4.486850499999999897e+02
4.489651999999999816e+02
4.882128999999999905e+02
4.885912500000000023e+02
5.175058500000000095e+02
5.263840000000000146e+02
5.290104000000000042e+02
5.598663000000000238e+02
