7.090900000000000425e+00
7.139249999999999652e+00
8.778800000000000381e+00
8.784950000000000259e+00
8.794999999999999929e+00
9.095200000000000173e+00
9.100350000000000605e+00
9.111449999999999605e+00
9.267200000000000770e+00
9.279099999999999682e+00
9.285999999999999588e+00
1.109009999999999962e+01
1.199355000000000082e+01
1.199920000000000009e+01
1.373910000000000053e+01
1.392304999999999993e+01
1.392515000000000036e+01
1.435105000000000075e+01
1.437754999999999939e+01
1.495335000000000036e+01
1.521035000000000004e+01
1.575360000000000049e+01
1.649895000000000067e+01
1.682764999999999844e+01
1.683030000000000115e+01
1.727905000000000157e+01
1.789784999999999826e+01
1.823689999999999856e+01
1.824220000000000041e+01
1.827224999999999966e+01
1.881465000000000032e+01
1.925594999999999857e+01
1.971519999999999939e+01
1.973365000000000080e+01
2.001194999999999879e+01
2.072550000000000026e+01
2.108115000000000094e+01
2.108770000000000167e+01
2.122520000000000095e+01
2.126144999999999996e+01
2.184649999999999892e+01
2.250155000000000172e+01
2.250815000000000055e+01
2.310439999999999827e+01
2.313500000000000156e+01
2.332645000000000124e+01
2.407604999999999862e+01
2.418734999999999857e+01
2.419085000000000107e+01
2.419515000000000171e+01
2.420145000000000124e+01
2.443785000000000096e+01
2.478989999999999938e+01
2.479960000000000164e+01
2.481009999999999849e+01
2.508350000000000080e+01
2.545214999999999961e+01
2.555525000000000091e+01
2.556405000000000172e+01
2.679724999999999824e+01
2.680754999999999910e+01
2.681234999999999857e+01
2.687120000000000175e+01
2.776595000000000013e+01
2.801940000000000097e+01
2.853975000000000151e+01
2.855255000000000010e+01
2.895674999999999955e+01
2.898880000000000123e+01
2.922674999999999912e+01
2.927935000000000088e+01
2.943615000000000137e+01
2.944174999999999898e+01
2.971454999999999913e+01
3.120354999999999990e+01
3.215135000000000076e+01
3.386265000000000214e+01
3.387245000000000061e+01
3.417029999999999745e+01
3.449065000000000225e+01
3.449539999999999651e+01
3.450039999999999907e+01
3.450480000000000302e+01
3.484725000000000250e+01
3.497520000000000095e+01
3.531224999999999881e+01
3.567669999999999675e+01
3.588150000000000261e+01
3.643310000000000315e+01
3.644104999999999706e+01
3.663074999999999903e+01
3.717314999999999969e+01
3.766244999999999976e+01
3.766859999999999786e+01
3.767305000000000348e+01
3.767795000000000272e+01
3.784300000000000352e+01
3.784940000000000282e+01
3.790859999999999985e+01
3.840964999999999918e+01
3.990014999999999645e+01
4.054359999999999786e+01
4.058140000000000214e+01
4.091075000000000017e+01
4.112745000000000317e+01
4.124584999999999724e+01
4.124904999999999688e+01
4.125444999999999851e+01
4.143775000000000119e+01
4.145389999999999731e+01
4.148864999999999981e+01
4.160334999999999894e+01
4.169530000000000314e+01
4.171524999999999750e+01
4.227154999999999774e+01
4.324360000000000070e+01
4.357809999999999917e+01
4.358494999999999919e+01
4.404305000000000092e+01
4.426885000000000048e+01
4.447704999999999842e+01
4.448364999999999725e+01
4.464054999999999751e+01
4.511099999999999710e+01
4.552550000000000097e+01
4.572639999999999816e+01
4.583859999999999957e+01
4.601050000000000040e+01
4.614350000000000307e+01
4.615874999999999773e+01
4.704854999999999876e+01
4.708565000000000111e+01
4.876234999999999786e+01
5.000274999999999892e+01
5.049040000000000106e+01
5.064415000000000333e+01
5.152584999999999837e+01
5.157939999999999969e+01
5.189390000000000214e+01
5.196640000000000015e+01
5.295400000000000063e+01
5.317705000000000126e+01
5.337539999999999907e+01
5.338615000000000066e+01
5.438754999999999740e+01
5.470430000000000348e+01
5.510609999999999786e+01
5.534729999999999706e+01
5.535360000000000014e+01
5.536045000000000016e+01
5.536889999999999645e+01
5.610555000000000092e+01
5.616389999999999816e+01
5.656119999999999948e+01
5.763754999999999740e+01
5.816684999999999661e+01
5.819760000000000133e+01
5.854724999999999824e+01
5.855174999999999841e+01
5.855610000000000070e+01
5.909599999999999653e+01
5.958630000000000138e+01
5.967034999999999911e+01
5.968744999999999834e+01
5.969765000000000299e+01
5.969969999999999999e+01
5.970555000000000234e+01
5.989000000000000057e+01
6.021340000000000003e+01
6.043209999999999837e+01
6.067394999999999783e+01
6.139085000000000036e+01
6.218684999999999974e+01
6.314809999999999945e+01
6.430440000000000111e+01
6.431069999999999709e+01
6.489079999999999870e+01
6.489825000000000443e+01
6.595064999999999600e+01
6.600679999999999836e+01
6.613060000000000116e+01
6.644984999999999786e+01
6.698685000000000400e+01
6.730065000000000452e+01
6.731605000000000416e+01
6.780495000000000516e+01
6.782470000000000709e+01
6.798104999999999620e+01
6.838965000000000316e+01
6.869554999999999723e+01
6.873664999999999736e+01
6.939690000000000225e+01
7.006244999999999834e+01
7.113870000000000005e+01
7.141115000000000634e+01
7.193704999999999927e+01
7.214759999999999707e+01
7.216620000000000346e+01
7.220690000000000452e+01
7.225204999999999700e+01
7.225780000000000314e+01
7.266740000000000066e+01
7.279895000000000493e+01
7.293625000000000114e+01
7.295494999999999663e+01
7.296044999999999447e+01
7.298165000000000191e+01
7.314090000000000202e+01
7.315749999999999886e+01
7.316160000000000707e+01
7.393914999999999793e+01
7.396439999999999770e+01
7.448569999999999425e+01
7.502325000000000443e+01
7.513549999999999329e+01
7.568550000000000466e+01
7.575724999999999909e+01
7.576335000000000264e+01
7.577275000000000205e+01
7.589260000000000161e+01
7.657944999999999425e+01
7.658565000000000111e+01
7.659725000000000250e+01
7.680875000000000341e+01
7.685360000000000014e+01
7.701744999999999663e+01
7.703539999999999566e+01
7.729359999999999786e+01
7.733544999999999447e+01
7.754600000000000648e+01
7.764730000000000132e+01
7.765420000000000300e+01
7.767664999999999509e+01
7.870695000000000618e+01
7.909019999999999584e+01
7.909560000000000457e+01
7.913630000000000564e+01
7.961979999999999791e+01
7.962739999999999441e+01
8.025990000000000180e+01
8.137895000000000323e+01
8.149014999999999986e+01
8.165130000000000621e+01
8.190404999999999802e+01
8.202445000000000164e+01
8.218859999999999388e+01
8.242624999999999602e+01
8.243125000000000568e+01
8.288939999999999486e+01
8.290030000000000143e+01
8.342040000000000077e+01
8.384475000000000477e+01
8.424259999999999593e+01
8.462170000000000414e+01
8.462749999999999773e+01
8.483740000000000236e+01
8.605334999999999468e+01
8.634640000000000271e+01
8.662794999999999845e+01
8.663339999999999463e+01
8.663930000000000575e+01
8.664379999999999882e+01
8.664870000000000516e+01
8.692210000000000036e+01
8.692615000000000691e+01
8.693314999999999770e+01
8.704834999999999923e+01
8.718009999999999593e+01
8.761015000000000441e+01
8.777094999999999914e+01
8.849885000000000446e+01
8.851385000000000502e+01
8.875215000000000032e+01
8.876460000000000150e+01
8.912215000000000487e+01
8.921519999999999584e+01
8.922209999999999752e+01
8.935960000000000036e+01
8.950384999999999991e+01
8.951125000000000398e+01
8.967040000000000077e+01
9.087160000000000082e+01
9.092834999999999468e+01
9.173234999999999673e+01
9.174044999999999561e+01
9.258990000000000009e+01
9.262680000000000291e+01
9.274235000000000184e+01
9.306480000000000530e+01
9.307479999999999620e+01
9.316509999999999536e+01
9.318439999999999657e+01
9.383299999999999841e+01
9.416535000000000366e+01
9.443295000000000528e+01
9.464960000000000662e+01
9.479340000000000543e+01
9.501810000000000400e+01
9.509180000000000632e+01
9.536674999999999613e+01
9.538339999999999463e+01
9.538979999999999393e+01
9.539355000000000473e+01
9.540104999999999791e+01
9.648964999999999748e+01
9.710699999999999932e+01
9.725405000000000655e+01
9.770869999999999322e+01
9.816330000000000666e+01
9.821980000000000643e+01
9.836090000000000089e+01
9.836254999999999882e+01
9.839074999999999704e+01
9.841289999999999338e+01
9.891790000000000305e+01
9.897365000000000634e+01
9.897899999999999920e+01
9.901460000000000150e+01
9.910949999999999704e+01
9.911535000000000650e+01
9.925109999999999388e+01
9.931260000000000332e+01
9.946854999999999336e+01
9.947405000000000541e+01
9.973760000000000048e+01
1.000825999999999993e+02
1.002036499999999961e+02
1.002687999999999988e+02
1.007077000000000027e+02
1.007220999999999975e+02
1.011601500000000016e+02
1.021401999999999930e+02
1.025684499999999986e+02
1.028239499999999964e+02
1.029013999999999953e+02
1.030806000000000040e+02
1.030873500000000007e+02
1.031450999999999993e+02
1.033223500000000001e+02
1.033238999999999947e+02
1.037567999999999984e+02
1.040478999999999985e+02
1.040544000000000011e+02
1.044205999999999932e+02
1.044758499999999941e+02
1.045396999999999963e+02
1.045592999999999932e+02
1.045945999999999998e+02
1.046451500000000010e+02
1.052794499999999971e+02
1.055281999999999982e+02
1.057476999999999947e+02
1.057536999999999949e+02
1.063686000000000007e+02
1.063786499999999933e+02
1.063840500000000020e+02
1.071825999999999937e+02
1.072574000000000041e+02
1.072633500000000026e+02
1.085363499999999988e+02
1.088174999999999955e+02
1.091928500000000071e+02
1.092908000000000044e+02
1.093478499999999940e+02
1.093519000000000005e+02
1.093700999999999937e+02
1.093752999999999957e+02
1.098738000000000028e+02
1.100116500000000030e+02
1.102127499999999998e+02
1.102159000000000049e+02
1.102235500000000030e+02
1.102300999999999931e+02
1.113072499999999962e+02
1.113125000000000000e+02
1.113242999999999938e+02
1.114007500000000022e+02
1.114054500000000019e+02
1.117781499999999966e+02
1.118807000000000045e+02
1.127173499999999962e+02
1.129085000000000036e+02
1.129155999999999977e+02
1.129196500000000043e+02
1.131102999999999952e+02
1.131489499999999992e+02
1.133627000000000038e+02
1.136319500000000033e+02
1.136396000000000015e+02
1.137956499999999949e+02
1.143100500000000039e+02
1.146754499999999979e+02
1.146804499999999933e+02
1.146850500000000039e+02
1.147102500000000020e+02
1.147253500000000059e+02
1.147330999999999932e+02
1.147396999999999991e+02
1.152994999999999948e+02
1.153193500000000000e+02
1.154016500000000036e+02
1.157705500000000001e+02
1.157760999999999996e+02
1.157856500000000040e+02
1.161032500000000027e+02
1.162109999999999985e+02
1.165490999999999957e+02
1.169643499999999960e+02
1.172064500000000038e+02
1.172142999999999944e+02
1.172516499999999979e+02
1.172988500000000016e+02
1.179174000000000007e+02
1.179231999999999942e+02
1.185474999999999994e+02
1.190174499999999966e+02
1.190236000000000018e+02
1.195126499999999936e+02
1.197116000000000042e+02
1.197814000000000050e+02
1.199542000000000002e+02
1.199643499999999960e+02
1.199703499999999963e+02
1.203561499999999995e+02
1.204977999999999980e+02
1.206222499999999940e+02
1.206261499999999955e+02
1.207588999999999970e+02
1.209752500000000026e+02
1.213907999999999987e+02
1.214047999999999945e+02
1.216656499999999994e+02
1.220729500000000058e+02
1.220803999999999974e+02
1.224398000000000053e+02
1.224709500000000020e+02
1.228737500000000011e+02
1.228894499999999965e+02
1.238732499999999987e+02
1.238787999999999982e+02
1.240276499999999942e+02
1.241277999999999935e+02
1.241312499999999943e+02
1.241479499999999945e+02
1.241520500000000027e+02
1.242338500000000039e+02
1.242751499999999965e+02
1.243429500000000019e+02
1.243630500000000012e+02
1.245649499999999961e+02
1.245878500000000031e+02
1.246169000000000011e+02
1.247274500000000046e+02
1.247771999999999935e+02
1.247927999999999997e+02
1.248734000000000037e+02
1.250570000000000022e+02
1.250627999999999957e+02
1.252341499999999996e+02
1.253251000000000062e+02
1.253703500000000020e+02
1.253739000000000061e+02
1.254813000000000045e+02
1.256628500000000059e+02
1.257139999999999986e+02
1.257307500000000005e+02
1.264710500000000053e+02
1.266646499999999946e+02
1.272286000000000001e+02
1.276770999999999958e+02
1.290443500000000085e+02
1.294310000000000116e+02
1.299642499999999927e+02
1.301413000000000011e+02
1.301574500000000114e+02
1.308222000000000094e+02
1.308260999999999967e+02
1.309021999999999935e+02
1.312162999999999897e+02
1.314804000000000030e+02
1.317954499999999882e+02
1.321795500000000061e+02
1.324527500000000089e+02
1.328960999999999899e+02
1.336478500000000054e+02
1.337962499999999864e+02
1.338008000000000095e+02
1.338132999999999981e+02
1.341558499999999867e+02
1.350911999999999864e+02
1.351481499999999869e+02
1.354346999999999923e+02
1.357412999999999954e+02
1.357538000000000125e+02
1.358498500000000035e+02
1.359006500000000131e+02
1.368214499999999987e+02
1.368485000000000014e+02
1.373871000000000038e+02
1.373903999999999996e+02
1.380700500000000090e+02
1.381990999999999872e+02
1.382044999999999959e+02
1.402062999999999988e+02
1.402134000000000071e+02
1.404207499999999982e+02
1.411834499999999935e+02
1.413125000000000000e+02
1.413574999999999875e+02
1.413612500000000125e+02
1.413953500000000076e+02
1.414302999999999884e+02
1.422657000000000096e+02
1.424596999999999980e+02
1.427548999999999921e+02
1.428611999999999966e+02
1.429815999999999860e+02
1.431590999999999951e+02
1.438104999999999905e+02
1.438154000000000110e+02
1.443634500000000003e+02
1.443866500000000030e+02
1.444860999999999933e+02
1.447299500000000023e+02
1.452293500000000108e+02
1.452334500000000048e+02
1.452539500000000032e+02
1.454637500000000045e+02
1.457289000000000101e+02
1.465216000000000065e+02
1.469189499999999953e+02
1.471465499999999906e+02
1.471497500000000116e+02
1.478664499999999862e+02
1.480366999999999962e+02
1.481203500000000020e+02
1.483171499999999980e+02
1.487009500000000060e+02
1.494983499999999879e+02
1.496230500000000063e+02
1.496348999999999876e+02
1.501205999999999960e+02
1.503580499999999915e+02
1.503637999999999977e+02
1.512387500000000102e+02
1.513302999999999940e+02
1.513370500000000050e+02
1.513504499999999950e+02
1.513555499999999938e+02
1.514215000000000089e+02
1.518557500000000005e+02
1.520478999999999985e+02
1.520642499999999870e+02
1.522026999999999930e+02
1.522456999999999994e+02
1.524988999999999919e+02
1.527287499999999909e+02
1.530776500000000055e+02
1.530833000000000084e+02
1.534487499999999898e+02
1.536460999999999899e+02
1.536502000000000123e+02
1.540434999999999945e+02
1.542467499999999916e+02
1.554055500000000052e+02
1.554927999999999884e+02
1.555093500000000120e+02
1.559733999999999980e+02
1.559822000000000060e+02
1.559868999999999915e+02
1.562197500000000048e+02
1.562331000000000074e+02
1.562382000000000062e+02
1.563554000000000030e+02
1.563769000000000062e+02
1.563942000000000121e+02
1.564142999999999972e+02
1.565409999999999968e+02
1.570783500000000004e+02
1.572939000000000078e+02
1.572981499999999926e+02
1.582116499999999917e+02
1.583883999999999901e+02
1.587382000000000062e+02
1.588600999999999885e+02
1.589840499999999963e+02
1.592804999999999893e+02
1.592868499999999869e+02
1.592917500000000075e+02
1.595998999999999910e+02
1.599086000000000070e+02
1.603545000000000016e+02
1.605759999999999934e+02
1.607313499999999920e+02
1.607892500000000098e+02
1.609707500000000095e+02
1.610074500000000057e+02
1.616266500000000121e+02
1.618327500000000043e+02
1.618552500000000123e+02
1.623097500000000082e+02
1.623160499999999900e+02
1.628191999999999950e+02
1.638413999999999930e+02
1.640208499999999958e+02
1.642764500000000112e+02
1.642811499999999967e+02
1.642969999999999970e+02
1.649651000000000067e+02
1.654805499999999938e+02
1.656060999999999979e+02
1.656177999999999884e+02
1.656216000000000008e+02
1.656288000000000125e+02
1.656478500000000054e+02
1.656616500000000087e+02
1.658054500000000075e+02
1.658104500000000030e+02
1.659576500000000010e+02
1.659748500000000035e+02
1.660147000000000048e+02
1.665340500000000077e+02
1.669109500000000139e+02
1.669158500000000060e+02
1.669253500000000088e+02
1.675082999999999913e+02
1.677444500000000005e+02
1.677506999999999948e+02
1.678940499999999929e+02
1.681375500000000045e+02
1.681562999999999874e+02
1.681826499999999953e+02
1.682972499999999911e+02
1.682987500000000125e+02
1.684594500000000039e+02
1.685781000000000063e+02
1.688758500000000140e+02
1.692195000000000107e+02
1.692239500000000021e+02
1.695517000000000110e+02
1.695630999999999915e+02
1.700946999999999889e+02
1.703676499999999976e+02
1.703891500000000008e+02
1.703901500000000055e+02
1.709133999999999958e+02
1.709195499999999868e+02
1.712518499999999904e+02
1.730710500000000138e+02
1.737726000000000113e+02
1.742844000000000051e+02
1.750800000000000125e+02
1.751870999999999867e+02
1.754404499999999985e+02
1.755331500000000062e+02
1.758883999999999901e+02
1.758930000000000007e+02
1.760024500000000103e+02
1.760681999999999903e+02
1.760738499999999931e+02
1.762727500000000020e+02
1.762834000000000003e+02
1.762919500000000141e+02
1.763966000000000065e+02
1.764025499999999909e+02
1.765124000000000137e+02
1.766014499999999998e+02
1.768634999999999877e+02
1.770303999999999860e+02
1.774430000000000121e+02
1.777204499999999996e+02
1.780209499999999991e+02
1.790640999999999963e+02
1.790693499999999858e+02
1.790738000000000056e+02
1.794453499999999906e+02
1.799140999999999906e+02
1.806227499999999964e+02
1.807490500000000111e+02
1.807544000000000040e+02
1.807894000000000005e+02
1.810517999999999859e+02
1.812468499999999949e+02
1.815720499999999902e+02
1.816371499999999912e+02
1.822695999999999970e+02
1.833271000000000015e+02
1.834555000000000007e+02
1.838003500000000088e+02
1.838289499999999919e+02
1.840160500000000070e+02
1.841275500000000136e+02
1.842184499999999900e+02
1.842231999999999914e+02
1.843929500000000132e+02
1.848592500000000030e+02
1.852079999999999984e+02
1.856260000000000048e+02
1.858069999999999879e+02
1.866524499999999875e+02
1.873274999999999864e+02
1.874282000000000039e+02
1.880377000000000010e+02
1.883995500000000050e+02
1.884070000000000107e+02
1.885337499999999977e+02
1.885402499999999861e+02
1.886071499999999901e+02
1.889122999999999877e+02
1.900446000000000026e+02
1.902354499999999859e+02
1.908087999999999909e+02
1.908140500000000088e+02
1.909223499999999945e+02
1.912711500000000058e+02
1.914213499999999897e+02
1.917067499999999995e+02
1.918710000000000093e+02
1.920292000000000030e+02
1.924075499999999863e+02
1.926012499999999932e+02
1.927680499999999881e+02
1.927744000000000142e+02
1.928129500000000007e+02
1.936342500000000086e+02
1.937854499999999973e+02
1.937891999999999939e+02
1.943688500000000090e+02
1.946679499999999905e+02
1.946776000000000124e+02
1.946851000000000056e+02
1.947000999999999920e+02
1.953908500000000004e+02
1.956818499999999972e+02
1.956957500000000039e+02
1.957635999999999967e+02
1.959236999999999966e+02
1.960269000000000119e+02
1.960340500000000077e+02
1.960365999999999929e+02
1.961693999999999960e+02
1.966847999999999956e+02
1.971060999999999979e+02
1.972210499999999911e+02
1.972361500000000092e+02
1.972412999999999954e+02
1.972424000000000035e+02
1.980636000000000081e+02
1.986632999999999925e+02
1.986698000000000093e+02
1.990466999999999871e+02
1.990675999999999988e+02
1.991105000000000018e+02
1.991227499999999964e+02
1.991332999999999913e+02
1.994740500000000054e+02
1.998371500000000083e+02
1.998430500000000052e+02
2.000160999999999945e+02
2.000261999999999887e+02
2.001343999999999994e+02
2.001635499999999865e+02
2.005575499999999920e+02
2.005615999999999985e+02
2.006664499999999975e+02
2.008699000000000012e+02
2.009829499999999882e+02
2.009994499999999960e+02
2.011625999999999976e+02
2.011670000000000016e+02
2.011723499999999945e+02
2.011770999999999958e+02
2.011940999999999917e+02
2.011984500000000082e+02
2.021956000000000131e+02
2.023575999999999908e+02
2.034200999999999908e+02
2.035593000000000075e+02
2.035705499999999972e+02
2.036963499999999954e+02
2.039465500000000020e+02
2.041346000000000060e+02
2.051775499999999965e+02
2.052659500000000037e+02
2.058015000000000043e+02
2.058106500000000096e+02
2.058115999999999985e+02
2.058689999999999998e+02
2.059040999999999997e+02
2.059729499999999973e+02
2.060260000000000105e+02
2.061630999999999858e+02
2.063040499999999895e+02
2.064977000000000089e+02
2.066951500000000124e+02
2.067014000000000067e+02
2.067174500000000137e+02
2.067208500000000129e+02
2.074171499999999924e+02
2.083360500000000002e+02
2.086399999999999864e+02
2.087261000000000024e+02
2.087335999999999956e+02
2.088217999999999961e+02
2.088320999999999970e+02
2.090459500000000048e+02
2.090817999999999870e+02
2.094906499999999880e+02
2.095089499999999987e+02
2.095278999999999883e+02
2.096645000000000039e+02
2.096863500000000045e+02
2.099773999999999887e+02
2.099878500000000088e+02
2.101250499999999874e+02
2.101302499999999895e+02
2.106913000000000125e+02
2.114293000000000120e+02
2.118074000000000012e+02
2.118740999999999985e+02
2.119209500000000048e+02
2.122113500000000101e+02
2.122820499999999981e+02
2.122874999999999943e+02
2.127264999999999873e+02
2.131901499999999885e+02
2.133694000000000131e+02
2.134362000000000137e+02
2.136993999999999971e+02
2.137039000000000044e+02
2.137266999999999939e+02
2.138775500000000136e+02
2.138831500000000005e+02
2.138931000000000040e+02
2.138968000000000131e+02
2.145653499999999951e+02
2.148094000000000108e+02
2.148316000000000088e+02
2.152053999999999974e+02
2.153677500000000009e+02
2.153723500000000115e+02
2.153756500000000074e+02
2.155799000000000092e+02
2.159914499999999862e+02
2.161461500000000058e+02
2.171397499999999923e+02
2.171406499999999937e+02
2.172738999999999976e+02
2.172911499999999876e+02
2.176780500000000131e+02
2.176860000000000070e+02
2.178874999999999886e+02
2.178935999999999922e+02
2.180023500000000070e+02
2.188644500000000050e+02
2.194746000000000095e+02
2.196350500000000068e+02
2.196644000000000005e+02
2.197693999999999903e+02
2.200133500000000026e+02
2.200173000000000059e+02
2.200239500000000135e+02
2.200570999999999913e+02
2.202230999999999881e+02
2.206178999999999917e+02
2.207867999999999995e+02
2.207879000000000076e+02
2.210900000000000034e+02
2.214615000000000009e+02
2.216601499999999874e+02
2.219878500000000088e+02
2.221922000000000139e+02
2.223130500000000040e+02
2.223280499999999904e+02
2.224962999999999909e+02
2.227804999999999893e+02
2.229258499999999970e+02
2.231314000000000135e+02
2.234963500000000067e+02
2.235998999999999910e+02
2.236596000000000117e+02
2.236764000000000010e+02
2.240247999999999990e+02
2.242913499999999942e+02
2.244184999999999945e+02
2.244359000000000037e+02
2.244408500000000117e+02
2.244545500000000118e+02
2.246538999999999930e+02
2.247960500000000081e+02
2.248072500000000105e+02
2.248856499999999983e+02
2.248959499999999991e+02
2.249020999999999901e+02
2.251865999999999985e+02
2.252862499999999955e+02
2.257567999999999984e+02
2.258172500000000014e+02
2.258257499999999993e+02
2.260494999999999948e+02
2.264527500000000089e+02
2.264694000000000074e+02
2.268002500000000055e+02
2.268159499999999866e+02
2.268204000000000065e+02
2.270750500000000045e+02
2.273396500000000060e+02
2.274875499999999988e+02
2.276434999999999889e+02
2.279895500000000084e+02
2.280920999999999879e+02
2.284889000000000010e+02
2.285654999999999859e+02
2.289234999999999900e+02
2.291936000000000035e+02
2.291978499999999883e+02
2.292032000000000096e+02
2.292340499999999963e+02
2.293027500000000032e+02
2.294458500000000072e+02
2.294838499999999897e+02
2.295163000000000011e+02
2.296407000000000096e+02
2.297381499999999903e+02
2.308060999999999865e+02
2.308114500000000078e+02
2.309180499999999938e+02
2.309337500000000034e+02
2.309464000000000112e+02
2.310432000000000130e+02
2.311800000000000068e+02
2.311864999999999952e+02
2.317471500000000049e+02
2.320512999999999977e+02
2.320701999999999998e+02
2.326317999999999984e+02
2.327872999999999877e+02
2.330257499999999879e+02
2.330833000000000084e+02
2.333019500000000050e+02
2.334715500000000077e+02
2.335309000000000026e+02
2.335951000000000022e+02
2.336570499999999981e+02
2.337297499999999957e+02
2.344019999999999868e+02
2.349500999999999920e+02
2.350467500000000030e+02
2.352273999999999887e+02
2.356156499999999880e+02
2.361460500000000025e+02
2.361596000000000117e+02
2.365071000000000083e+02
2.367388500000000136e+02
2.373396500000000060e+02
2.373455999999999904e+02
2.373517999999999972e+02
2.375874000000000024e+02
2.376608999999999980e+02
2.380312000000000126e+02
2.382293999999999983e+02
2.387257500000000050e+02
2.389153499999999894e+02
2.389194500000000119e+02
2.390669000000000040e+02
2.390809500000000014e+02
2.390823000000000036e+02
2.391650999999999954e+02
2.391688000000000045e+02
2.391710999999999956e+02
2.392766499999999894e+02
2.392931000000000097e+02
2.393045500000000061e+02
2.393096500000000049e+02
2.393503000000000043e+02
2.393562000000000012e+02
2.394738499999999988e+02
2.399199500000000000e+02
2.399478499999999883e+02
2.400882499999999879e+02
2.401239500000000078e+02
2.401503999999999905e+02
2.402871499999999969e+02
2.404558000000000106e+02
2.404714500000000044e+02
2.404761499999999899e+02
2.404815999999999860e+02
2.412869000000000028e+02
2.417511000000000081e+02
2.419495499999999879e+02
2.420903500000000008e+02
2.420982999999999947e+02
2.422095999999999947e+02
2.422461999999999875e+02
2.423287500000000136e+02
2.423364500000000135e+02
2.426430000000000007e+02
2.428545499999999890e+02
2.437811499999999967e+02
2.438762999999999863e+02
2.438814999999999884e+02
2.439904500000000098e+02
2.442338000000000022e+02
2.446419500000000085e+02
2.446616999999999962e+02
2.447845000000000084e+02
2.451244499999999960e+02
2.451294000000000040e+02
2.453994999999999891e+02
2.460063499999999976e+02
2.463709499999999935e+02
2.464681999999999960e+02
2.468562499999999886e+02
2.470265499999999861e+02
2.470840000000000032e+02
2.471089000000000055e+02
2.472095999999999947e+02
2.472134000000000071e+02
2.472161999999999864e+02
2.473486499999999921e+02
2.477316999999999894e+02
2.477432000000000016e+02
2.477487500000000011e+02
2.479952499999999986e+02
2.480187500000000114e+02
2.480225499999999954e+02
2.481402500000000089e+02
2.481458000000000084e+02
2.486530999999999949e+02
2.486584499999999878e+02
2.488656499999999880e+02
2.488727000000000089e+02
2.500983999999999980e+02
2.502590999999999894e+02
2.504450999999999965e+02
2.505300000000000011e+02
2.507228499999999940e+02
2.509194999999999993e+02
2.512532500000000084e+02
2.512735500000000002e+02
2.514681999999999960e+02
2.514872000000000014e+02
2.516014499999999998e+02
2.516023000000000138e+02
2.516193499999999972e+02
2.516229500000000030e+02
2.521630499999999984e+02
2.522017999999999915e+02
2.522078500000000076e+02
2.522132000000000005e+02
2.522363499999999874e+02
2.525506499999999903e+02
2.534200500000000034e+02
2.534210500000000081e+02
2.540633500000000140e+02
2.546232500000000130e+02
2.547135000000000105e+02
2.547255999999999858e+02
2.547301999999999964e+02
2.547416499999999928e+02
2.548771000000000129e+02
2.551519999999999868e+02
2.551612000000000080e+02
2.551954000000000065e+02
2.553019500000000050e+02
2.554120000000000061e+02
2.554156000000000120e+02
2.555264500000000112e+02
2.555869500000000016e+02
2.556057999999999879e+02
2.557205500000000029e+02
2.557263499999999965e+02
2.558943500000000029e+02
2.561542499999999905e+02
2.562056000000000040e+02
2.562789500000000089e+02
2.562841000000000236e+02
2.562898999999999887e+02
2.570364500000000021e+02
2.570418500000000108e+02
2.571021000000000072e+02
2.571907499999999800e+02
2.577470999999999890e+02
2.580414000000000101e+02
2.585138999999999783e+02
2.585790000000000077e+02
2.586270000000000095e+02
2.587121999999999957e+02
2.587287000000000035e+02
2.590618499999999926e+02
2.590683500000000095e+02
2.595923500000000104e+02
2.597505499999999756e+02
2.597925000000000182e+02
2.602339000000000055e+02
2.602419499999999744e+02
2.605497500000000173e+02
2.606237499999999727e+02
2.608758000000000266e+02
2.609655500000000075e+02
2.613159499999999866e+02
2.614019499999999994e+02
2.614048999999999978e+02
2.614492000000000189e+02
2.614544999999999959e+02
2.616065500000000270e+02
2.616637999999999806e+02
2.617091500000000224e+02
2.617756499999999846e+02
2.618259499999999775e+02
2.619893500000000017e+02
2.620112500000000182e+02
2.620249499999999898e+02
2.621705999999999790e+02
2.621736000000000217e+02
2.622347500000000196e+02
2.622813499999999749e+02
2.623204499999999939e+02
2.623759499999999889e+02
2.623818499999999858e+02
2.623856000000000108e+02
2.623976499999999987e+02
2.624075000000000273e+02
2.628377500000000282e+02
2.629592499999999973e+02
2.629952000000000112e+02
2.631858500000000163e+02
2.632995999999999981e+02
2.633265499999999975e+02
2.633306000000000040e+02
2.637154499999999757e+02
2.637830000000000155e+02
2.638214500000000271e+02
2.640065000000000168e+02
2.642056000000000040e+02
2.642105999999999995e+02
2.643709999999999809e+02
2.643752999999999815e+02
2.645589499999999816e+02
2.645600499999999897e+02
2.647382499999999936e+02
2.648437999999999874e+02
2.649879500000000121e+02
2.655153999999999996e+02
2.655269000000000119e+02
2.658396000000000186e+02
2.665138999999999783e+02
2.665443500000000085e+02
2.666601999999999748e+02
2.667053999999999974e+02
2.667683499999999981e+02
2.667730000000000246e+02
2.668986499999999751e+02
2.672405499999999847e+02
2.672518999999999778e+02
2.672547000000000139e+02
2.674880999999999744e+02
2.675201000000000136e+02
2.675879499999999780e+02
2.675969000000000051e+02
2.678148499999999785e+02
2.678729000000000156e+02
2.678823499999999740e+02
2.679017999999999802e+02
2.679068500000000199e+02
2.681064499999999953e+02
2.681465999999999781e+02
2.681609000000000265e+02
2.682514499999999771e+02
2.682780999999999949e+02
2.684669499999999971e+02
2.686429499999999848e+02
2.687169000000000096e+02
2.688152999999999793e+02
2.688482999999999947e+02
2.688677000000000135e+02
2.690290499999999838e+02
2.690364000000000146e+02
2.690466000000000122e+02
2.690498999999999796e+02
2.692012500000000159e+02
2.693568999999999960e+02
2.695704999999999814e+02
2.695765000000000100e+02
2.695889999999999986e+02
2.695919999999999845e+02
2.698180500000000279e+02
2.698238000000000056e+02
2.699957499999999868e+02
2.700074000000000183e+02
2.700898000000000252e+02
2.702783000000000015e+02
2.706584500000000162e+02
2.709245000000000232e+02
2.709305499999999824e+02
2.709426500000000146e+02
2.710099999999999909e+02
2.710916500000000156e+02
2.710934500000000185e+02
2.714912499999999795e+02
2.718441500000000133e+02
2.718550500000000056e+02
2.718800499999999829e+02
2.720535499999999729e+02
2.720638000000000147e+02
2.721142500000000268e+02
2.721154000000000224e+02
2.721945999999999799e+02
2.724701499999999896e+02
2.736482500000000186e+02
2.737521499999999719e+02
2.740979500000000257e+02
2.741764000000000010e+02
2.742142000000000053e+02
2.746755999999999744e+02
2.748908000000000129e+02
2.752028999999999996e+02
2.754519000000000233e+02
2.757234000000000265e+02
2.757552499999999895e+02
2.757592000000000212e+02
2.759938000000000216e+02
2.765620499999999993e+02
2.766014000000000124e+02
2.766068500000000085e+02
2.768758500000000140e+02
2.769121000000000095e+02
2.771177000000000135e+02
2.771218499999999949e+02
2.772216500000000110e+02
2.772227500000000191e+02
2.772266000000000190e+02
2.774114999999999895e+02
2.774849500000000262e+02
2.775262500000000045e+02
2.776301500000000146e+02
2.780122999999999820e+02
2.780538999999999987e+02
2.780839000000000283e+02
2.781028999999999769e+02
2.783073999999999728e+02
2.786616999999999962e+02
2.787961000000000240e+02
2.791769499999999766e+02
2.792807500000000118e+02
2.793629000000000246e+02
2.793689499999999839e+02
2.793728500000000281e+02
2.795350999999999999e+02
2.796843999999999824e+02
2.797529000000000110e+02
2.798168999999999755e+02
2.800346499999999992e+02
2.802328999999999724e+02
2.804511499999999842e+02
2.804787000000000035e+02
2.804920000000000186e+02
2.805680500000000279e+02
2.806446000000000254e+02
2.807561999999999784e+02
2.807819999999999823e+02
2.809714999999999918e+02
2.810840499999999906e+02
2.811168499999999995e+02
2.811227999999999838e+02
2.811501999999999839e+02
2.811547499999999786e+02
2.814995999999999867e+02
2.815460499999999797e+02
2.818253500000000145e+02
2.818282500000000255e+02
2.819383000000000266e+02
2.821992000000000189e+02
2.822876499999999851e+02
2.824293999999999869e+02
2.825194999999999936e+02
2.825691499999999792e+02
2.827745499999999765e+02
2.828811000000000035e+02
2.828922000000000025e+02
2.828974499999999921e+02
2.829102500000000191e+02
2.829547000000000025e+02
2.829619000000000142e+02
2.836388999999999783e+02
2.836431000000000040e+02
2.836485500000000002e+02
2.836533999999999764e+02
2.838331499999999892e+02
2.840500000000000114e+02
2.840702999999999747e+02
2.843260000000000218e+02
2.843709999999999809e+02
2.843790500000000065e+02
2.844934000000000083e+02
2.845369000000000028e+02
2.846599499999999807e+02
2.846768999999999892e+02
2.847864500000000021e+02
2.849102500000000191e+02
2.849249500000000239e+02
2.850790999999999826e+02
2.851099500000000262e+02
2.852541499999999814e+02
2.852702499999999759e+02
2.852864000000000146e+02
2.852873000000000161e+02
2.852924499999999739e+02
2.855598499999999831e+02
2.856621499999999969e+02
2.856875499999999874e+02
2.857796000000000163e+02
2.857875000000000227e+02
2.857988500000000158e+02
2.859696000000000140e+02
2.860571499999999787e+02
2.860735999999999990e+02
2.861721999999999753e+02
2.861775999999999840e+02
2.861830499999999802e+02
2.862465000000000259e+02
2.864056499999999801e+02
2.864089000000000169e+02
2.864114500000000021e+02
2.864532500000000255e+02
2.867506999999999948e+02
2.869136500000000183e+02
2.869208499999999731e+02
2.869266999999999825e+02
2.870529500000000098e+02
2.870556000000000267e+02
2.870604000000000156e+02
2.873152999999999793e+02
2.873203500000000190e+02
2.875642500000000155e+02
2.875665000000000191e+02
2.879159000000000219e+02
2.883871500000000196e+02
2.886476000000000113e+02
2.886532000000000266e+02
2.886634000000000242e+02
2.886680499999999938e+02
2.888190999999999917e+02
2.888593500000000063e+02
2.895869999999999891e+02
2.895973000000000184e+02
2.896467499999999973e+02
2.897631999999999834e+02
2.898754500000000007e+02
2.898913000000000011e+02
2.899581000000000017e+02
2.905045999999999822e+02
2.905167000000000144e+02
2.905193499999999744e+02
2.905432999999999879e+02
2.905480499999999893e+02
2.905523999999999774e+02
2.907807500000000118e+02
2.907914000000000101e+02
2.909052500000000236e+02
2.909528999999999996e+02
2.910516499999999951e+02
2.912204500000000280e+02
2.912246999999999844e+02
2.915804999999999723e+02
2.918728500000000281e+02
2.919123500000000035e+02
2.921695000000000277e+02
2.922538000000000125e+02
2.922665999999999826e+02
2.922778000000000134e+02
2.924574499999999944e+02
2.925876000000000090e+02
2.931143000000000143e+02
2.932774499999999875e+02
2.934155999999999835e+02
2.934183499999999754e+02
2.936628999999999792e+02
2.936806000000000267e+02
2.937285499999999843e+02
2.937315500000000270e+02
2.937693499999999744e+02
2.939193000000000211e+02
2.942117999999999824e+02
2.943427500000000236e+02
2.944673500000000104e+02
2.946203499999999735e+02
2.947040499999999952e+02
2.947089500000000157e+02
2.948252499999999827e+02
2.948367999999999824e+02
2.948496499999999969e+02
2.948528999999999769e+02
2.948798499999999763e+02
2.948808999999999969e+02
2.949891999999999825e+02
2.950183000000000106e+02
2.950228999999999928e+02
2.950783999999999878e+02
2.950994499999999903e+02
2.953088500000000067e+02
2.953256499999999960e+02
2.954241000000000099e+02
2.954974000000000274e+02
2.958065500000000156e+02
2.958695999999999913e+02
2.960840999999999781e+02
2.962019000000000233e+02
2.963983499999999935e+02
2.965659999999999741e+02
2.971224000000000274e+02
2.971457500000000209e+02
2.971517999999999802e+02
2.971735499999999774e+02
2.973929999999999723e+02
2.975396999999999821e+02
2.978074500000000171e+02
2.978161999999999807e+02
2.979170500000000175e+02
2.979341499999999883e+02
2.979477999999999724e+02
2.985437499999999886e+02
2.985791500000000269e+02
2.986089499999999930e+02
2.988815500000000043e+02
2.990683500000000095e+02
2.994492999999999938e+02
2.996464500000000157e+02
3.005631999999999948e+02
3.005880000000000223e+02
3.007287499999999909e+02
3.007669000000000210e+02
3.007735999999999876e+02
3.009517000000000166e+02
3.010418000000000234e+02
3.011793499999999995e+02
3.014716999999999985e+02
3.016124500000000239e+02
3.016207499999999868e+02
3.017178499999999985e+02
3.017440000000000282e+02
3.017465000000000259e+02
3.017692499999999995e+02
3.017785999999999831e+02
3.018521499999999946e+02
3.021474000000000046e+02
3.021677999999999997e+02
3.021718999999999937e+02
3.023423999999999978e+02
3.025378499999999917e+02
3.028296000000000276e+02
3.029177999999999997e+02
3.029309999999999832e+02
3.029691000000000258e+02
3.029735000000000014e+02
3.030851000000000113e+02
3.031202999999999861e+02
3.031476999999999862e+02
3.031512000000000171e+02
3.031684999999999945e+02
3.034997500000000059e+02
3.036788500000000113e+02
3.039440999999999917e+02
3.040605499999999779e+02
3.041983500000000049e+02
3.043466000000000236e+02
3.043591999999999871e+02
3.044948499999999854e+02
3.046906999999999925e+02
3.050056999999999903e+02
3.050301000000000045e+02
3.050498499999999922e+02
3.050921999999999912e+02
3.051019499999999880e+02
3.051093500000000063e+02
3.052183499999999867e+02
3.052622999999999820e+02
3.052688999999999737e+02
3.053235999999999990e+02
3.054066500000000133e+02
3.054487500000000182e+02
3.056282499999999800e+02
3.057050500000000284e+02
3.059673500000000104e+02
3.059746999999999844e+02
3.059765499999999747e+02
3.062023500000000240e+02
3.063260500000000093e+02
3.065813499999999863e+02
3.065864500000000135e+02
3.067977000000000203e+02
3.071899999999999977e+02
3.071911000000000058e+02
3.071942999999999984e+02
3.073066999999999780e+02
3.073137500000000273e+02
3.073591999999999871e+02
3.075018000000000029e+02
3.075282000000000266e+02
3.077662000000000262e+02
3.078241499999999746e+02
3.078446500000000015e+02
3.079422000000000139e+02
3.080400500000000079e+02
3.080445000000000277e+02
3.081011500000000183e+02
3.082615499999999997e+02
3.085391000000000190e+02
3.087022999999999797e+02
3.088577500000000100e+02
3.089044999999999845e+02
3.089315500000000156e+02
3.091438499999999863e+02
3.091653499999999894e+02
3.091741999999999848e+02
3.093652999999999906e+02
3.093879999999999768e+02
3.093944000000000187e+02
3.094003500000000031e+02
3.094240500000000225e+02
3.095266500000000178e+02
3.097471499999999764e+02
3.101324999999999932e+02
3.103112499999999727e+02
3.103995499999999765e+02
3.105129000000000019e+02
3.108000999999999863e+02
3.111668000000000234e+02
3.114270999999999958e+02
3.115448499999999967e+02
3.117468000000000075e+02
3.117533500000000117e+02
3.118854499999999916e+02
3.120536999999999921e+02
3.123190000000000168e+02
3.124920000000000186e+02
3.128672000000000253e+02
3.134300499999999943e+02
3.134331500000000119e+02
3.136892500000000155e+02
3.137559999999999718e+02
3.138330500000000143e+02
3.139503000000000270e+02
3.144075500000000147e+02
3.145544499999999744e+02
3.146478500000000054e+02
3.150763999999999783e+02
3.150810999999999922e+02
3.151112499999999841e+02
3.155350000000000250e+02
3.155542500000000246e+02
3.161849500000000148e+02
3.163059000000000083e+02
3.163947000000000003e+02
3.169865500000000225e+02
3.170532499999999914e+02
3.171140500000000202e+02
3.172345000000000255e+02
3.173870000000000005e+02
3.177976499999999760e+02
3.184637999999999920e+02
3.186812499999999773e+02
3.191029500000000212e+02
3.191086500000000115e+02
3.193828500000000190e+02
3.196437000000000239e+02
3.199055999999999926e+02
3.199710499999999911e+02
3.201245999999999867e+02
3.201908500000000117e+02
3.209737000000000080e+02
3.211388000000000034e+02
3.212078000000000202e+02
3.213254499999999894e+02
3.215134499999999775e+02
3.217649000000000115e+02
3.219415000000000191e+02
3.219886999999999944e+02
3.224411499999999933e+02
3.225514000000000010e+02
3.230187500000000114e+02
3.232035000000000196e+02
3.232110999999999876e+02
3.232131499999999846e+02
3.232176499999999919e+02
3.234956000000000245e+02
3.236997499999999945e+02
3.237692999999999870e+02
3.237857000000000198e+02
3.237887499999999932e+02
3.238007499999999936e+02
3.238150999999999726e+02
3.239231500000000210e+02
3.240187500000000114e+02
3.240654999999999859e+02
3.240822499999999877e+02
3.245303499999999985e+02
3.245452999999999975e+02
3.247668499999999767e+02
3.247699000000000069e+02
3.254332999999999743e+02
3.257103999999999928e+02
3.257517500000000155e+02
3.258507999999999925e+02
3.259545499999999834e+02
3.262520999999999844e+02
3.263263499999999908e+02
3.265802499999999782e+02
3.266530000000000200e+02
3.268940000000000055e+02
3.271126499999999737e+02
3.271704500000000166e+02
3.272426500000000260e+02
3.274626499999999965e+02
3.275792999999999893e+02
3.277619000000000256e+02
3.281602500000000191e+02
3.282030500000000188e+02
3.292268000000000256e+02
3.295004000000000133e+02
3.295663000000000125e+02
3.295929499999999734e+02
3.295937500000000000e+02
3.295991999999999962e+02
3.296059000000000196e+02
3.296111000000000217e+02
3.296145000000000209e+02
3.296220999999999890e+02
3.296290999999999940e+02
3.296417000000000144e+02
3.297731499999999869e+02
3.303152000000000044e+02
3.304073999999999955e+02
3.304191000000000145e+02
3.307157000000000266e+02
3.310720000000000027e+02
3.315877500000000282e+02
3.317323499999999967e+02
3.317379999999999995e+02
3.317427500000000009e+02
3.317524999999999977e+02
3.317536999999999807e+02
3.319487500000000182e+02
3.323578999999999724e+02
3.326105000000000018e+02
3.326177500000000009e+02
3.326285500000000184e+02
3.327391999999999825e+02
3.327481000000000222e+02
3.327543999999999755e+02
3.327583500000000072e+02
3.327626999999999953e+02
3.327667500000000018e+02
3.327714000000000283e+02
3.327921999999999798e+02
3.327950999999999908e+02
3.327971999999999753e+02
3.328082499999999868e+02
3.328091999999999757e+02
3.328147000000000162e+02
3.328233999999999924e+02
3.328269000000000233e+02
3.328358999999999810e+02
3.328648000000000025e+02
3.328738000000000170e+02
3.328756000000000199e+02
3.328857499999999732e+02
3.328935000000000173e+02
3.329716000000000236e+02
3.331165500000000179e+02
3.333492499999999836e+02
3.333726500000000215e+02
3.333782499999999800e+02
3.333820000000000050e+02
3.333847000000000094e+02
3.334186000000000263e+02
3.334218999999999937e+02
3.334453500000000190e+02
3.340153999999999996e+02
3.340506500000000187e+02
3.343652500000000032e+02
3.344037999999999897e+02
3.345257500000000164e+02
3.349540499999999952e+02
3.351796499999999810e+02
3.358481499999999755e+02
3.360434500000000071e+02
3.360532499999999914e+02
3.364624499999999898e+02
3.364671500000000037e+02
3.364778499999999894e+02
3.365236499999999751e+02
3.366182999999999765e+02
3.368863999999999805e+02
3.370124999999999886e+02
3.370142500000000041e+02
3.370198500000000195e+02
3.371030499999999961e+02
3.373043999999999869e+02
3.373057000000000016e+02
3.375975999999999999e+02
3.378038999999999987e+02
3.380393000000000256e+02
3.381347999999999843e+02
3.382709500000000276e+02
3.385719000000000278e+02
3.387044000000000210e+02
3.392407499999999914e+02
3.398484000000000265e+02
3.401459500000000276e+02
3.403999999999999773e+02
3.404066500000000133e+02
3.404112000000000080e+02
3.404137999999999806e+02
3.404168999999999983e+02
3.413085500000000252e+02
3.413093999999999824e+02
3.413140000000000214e+02
3.413605999999999767e+02
3.413632000000000062e+02
3.417621500000000196e+02
3.424574999999999818e+02
3.427151499999999942e+02
3.429155000000000086e+02
3.429252000000000180e+02
3.429479999999999791e+02
3.429508000000000152e+02
3.430301999999999794e+02
3.431570500000000266e+02
3.434272000000000276e+02
3.435586000000000126e+02
3.436519000000000119e+02
3.439245999999999981e+02
3.444902999999999906e+02
3.446046000000000049e+02
3.449582500000000209e+02
3.451532500000000141e+02
3.452097999999999729e+02
3.455285999999999831e+02
3.456313999999999851e+02
3.456904999999999859e+02
3.457184500000000185e+02
3.457312000000000012e+02
3.457653999999999996e+02
3.457713499999999840e+02
3.460061000000000035e+02
3.461987500000000182e+02
3.467872499999999718e+02
3.472092499999999973e+02
3.472963500000000181e+02
3.473014499999999884e+02
3.479844499999999812e+02
3.481666999999999916e+02
3.481722500000000196e+02
3.489019000000000119e+02
3.490849000000000046e+02
3.490894499999999994e+02
3.491320000000000050e+02
3.492280499999999961e+02
3.494975499999999897e+02
3.497798999999999978e+02
3.502106999999999744e+02
3.504936000000000149e+02
3.506117499999999723e+02
3.511691999999999894e+02
3.518994999999999891e+02
3.519402499999999918e+02
3.519454999999999814e+02
3.520582999999999743e+02
3.520635500000000206e+02
3.524506499999999960e+02
3.524989499999999794e+02
3.525373000000000161e+02
3.529858500000000276e+02
3.531963999999999828e+02
3.533439500000000066e+02
3.534315000000000282e+02
3.535584499999999935e+02
3.535647000000000162e+02
3.539329999999999927e+02
3.544252500000000055e+02
3.544332999999999743e+02
3.548693999999999846e+02
3.548836999999999762e+02
3.548876000000000204e+02
3.552377000000000180e+02
3.552482999999999720e+02
3.552534999999999741e+02
3.552671000000000276e+02
3.556023500000000013e+02
3.556086999999999989e+02
3.557363500000000158e+02
3.558606500000000210e+02
3.558650000000000091e+02
3.558819500000000176e+02
3.559350000000000023e+02
3.559687500000000000e+02
3.559771499999999946e+02
3.562601500000000101e+02
3.563589999999999804e+02
3.566756500000000187e+02
3.566949000000000183e+02
3.568220000000000027e+02
3.569556499999999915e+02
3.569623000000000275e+02
3.572122499999999832e+02
3.575038499999999999e+02
3.577051000000000158e+02
3.578138999999999896e+02
3.578252499999999827e+02
3.578304999999999723e+02
3.579347000000000207e+02
3.579391499999999837e+02
3.581558499999999867e+02
3.581675500000000056e+02
3.581951999999999998e+02
3.583528499999999894e+02
3.584282499999999914e+02
3.586523000000000252e+02
3.589060499999999934e+02
3.589663499999999772e+02
3.589790499999999724e+02
3.589802000000000248e+02
3.593048499999999876e+02
3.593722500000000082e+02
3.593750499999999874e+02
3.594298499999999876e+02
3.595597000000000207e+02
3.595822999999999752e+02
3.595904499999999757e+02
3.595942999999999756e+02
3.598366500000000201e+02
3.599440000000000168e+02
3.599504999999999768e+02
3.603002500000000055e+02
3.606788000000000238e+02
3.610802499999999782e+02
3.611866499999999860e+02
3.612001999999999953e+02
3.612077499999999759e+02
3.614913000000000238e+02
3.615000000000000000e+02
3.616293499999999881e+02
3.616422999999999774e+02
3.617692499999999995e+02
3.618980000000000246e+02
3.620129000000000019e+02
3.621415999999999826e+02
3.621549999999999727e+02
3.622248999999999910e+02
3.622925000000000182e+02
3.623012499999999818e+02
3.623073999999999728e+02
3.623236499999999864e+02
3.623437000000000126e+02
3.624778000000000020e+02
3.624857499999999959e+02
3.625179999999999723e+02
3.625266500000000178e+02
3.626987500000000182e+02
3.627026999999999930e+02
3.628874999999999886e+02
3.629413000000000125e+02
3.631437000000000239e+02
3.631607000000000198e+02
3.634719000000000051e+02
3.636689999999999827e+02
3.636822999999999979e+02
3.639540000000000077e+02
3.640045000000000073e+02
3.640128500000000145e+02
3.640733500000000049e+02
3.643896500000000174e+02
3.643962500000000091e+02
3.644110000000000014e+02
3.644227000000000203e+02
3.645287500000000023e+02
3.645712500000000205e+02
3.646293499999999881e+02
3.648435000000000059e+02
3.648693999999999846e+02
3.648956000000000017e+02
3.652289499999999975e+02
3.655964999999999918e+02
3.660477999999999952e+02
3.662744999999999891e+02
3.662884999999999991e+02
3.664737999999999829e+02
3.665258499999999913e+02
3.666118999999999915e+02
3.666402499999999804e+02
3.670079499999999939e+02
3.673145499999999970e+02
3.673919500000000085e+02
3.675913499999999772e+02
3.676768500000000017e+02
3.681216999999999757e+02
3.681275499999999852e+02
3.682343000000000188e+02
3.683274999999999864e+02
3.685750499999999761e+02
3.689499500000000012e+02
3.694377999999999815e+02
3.694692999999999756e+02
3.694807000000000130e+02
3.694830000000000041e+02
3.695072000000000116e+02
3.695388500000000249e+02
3.697192499999999882e+02
3.697215499999999793e+02
3.701245499999999993e+02
3.702309999999999945e+02
3.702355499999999893e+02
3.703541000000000167e+02
3.705092500000000086e+02
3.705328499999999963e+02
3.711833500000000186e+02
3.713935999999999922e+02
3.714972000000000207e+02
3.716999000000000137e+02
3.718226999999999975e+02
3.720253000000000156e+02
3.720349499999999807e+02
3.722387499999999818e+02
3.722486000000000104e+02
3.722502000000000066e+02
3.722579999999999814e+02
3.723678499999999758e+02
3.724887499999999818e+02
3.725781999999999812e+02
3.726120500000000106e+02
3.726157999999999788e+02
3.726197500000000105e+02
3.733035499999999729e+02
3.733047000000000253e+02
3.733067500000000223e+02
3.733089499999999816e+02
3.733146499999999719e+02
3.734436000000000035e+02
3.734511499999999842e+02
3.734685999999999808e+02
3.734979999999999905e+02
3.735389000000000124e+02
3.738838999999999828e+02
3.739018500000000245e+02
3.739521500000000174e+02
3.741952999999999747e+02
3.751030000000000086e+02
3.751576999999999771e+02
3.753440499999999815e+02
3.753713000000000193e+02
3.753980999999999995e+02
3.754617000000000075e+02
3.755158999999999878e+02
3.757620499999999879e+02
3.759646999999999935e+02
3.766029500000000212e+02
3.766585499999999911e+02
3.769495999999999754e+02
3.769580500000000143e+02
3.771016500000000065e+02
3.771086999999999989e+02
3.774545499999999834e+02
3.775649999999999977e+02
3.775774000000000115e+02
3.777243000000000279e+02
3.777341999999999871e+02
3.777472999999999956e+02
3.778440499999999815e+02
3.778478499999999940e+02
3.781173499999999876e+02
3.781212499999999750e+02
3.783655999999999722e+02
3.787919499999999857e+02
3.789033999999999764e+02
3.789544000000000210e+02
3.790439000000000078e+02
3.795958499999999844e+02
3.797319499999999834e+02
3.802696000000000254e+02
3.802869499999999903e+02
3.807411999999999921e+02
3.809044999999999845e+02
3.809090499999999793e+02
3.809368499999999926e+02
3.811431999999999789e+02
3.811532500000000141e+02
3.811587499999999977e+02
3.817805999999999926e+02
3.820311500000000251e+02
3.824443499999999858e+02
3.824617499999999950e+02
3.824637500000000045e+02
3.824695500000000266e+02
3.825465500000000247e+02
3.826009000000000242e+02
3.830194999999999936e+02
3.830240999999999758e+02
3.831761000000000195e+02
3.831969500000000153e+02
3.832099000000000046e+02
3.832143500000000245e+02
3.832364499999999907e+02
3.832511000000000081e+02
3.838340499999999906e+02
3.838374000000000024e+02
3.840222999999999729e+02
3.840368500000000154e+02
3.845880500000000097e+02
3.849824499999999716e+02
3.851620500000000220e+02
3.852337999999999738e+02
3.852681000000000040e+02
3.852982499999999959e+02
3.853337500000000091e+02
3.854073999999999955e+02
3.854100500000000125e+02
3.854352999999999838e+02
3.856275499999999852e+02
3.856342500000000086e+02
3.857604999999999791e+02
3.858176000000000272e+02
3.858483499999999822e+02
3.859612500000000068e+02
3.860410999999999717e+02
3.862775500000000193e+02
3.862988000000000284e+02
3.863011000000000195e+02
3.865722499999999968e+02
3.868915499999999952e+02
3.870403499999999894e+02
3.872794000000000096e+02
3.874728999999999814e+02
3.876324000000000183e+02
3.876474000000000046e+02
3.877601999999999975e+02
3.880181000000000040e+02
3.884214499999999930e+02
3.885989999999999895e+02
3.886150499999999965e+02
3.886197500000000105e+02
3.888976999999999862e+02
3.889058999999999742e+02
3.889433500000000095e+02
3.892212000000000103e+02
3.893673999999999751e+02
3.895326000000000022e+02
3.896157999999999788e+02
3.897571500000000242e+02
3.898590500000000247e+02
3.898693999999999846e+02
3.899941000000000031e+02
3.909006999999999721e+02
3.909214000000000055e+02
3.909252500000000055e+02
3.914003999999999905e+02
3.915676000000000272e+02
3.917070499999999811e+02
3.917651999999999930e+02
3.917714000000000283e+02
3.917801499999999919e+02
3.918469499999999925e+02
3.920414999999999850e+02
3.920466000000000122e+02
3.920507000000000062e+02
3.920590500000000134e+02
3.920786499999999819e+02
3.922250999999999976e+02
3.922269000000000005e+02
3.922283499999999776e+02
3.922322500000000218e+02
3.922378499999999804e+02
3.926419999999999959e+02
3.926946500000000242e+02
3.927257500000000050e+02
3.930713499999999954e+02
3.930721500000000219e+02
3.930783500000000004e+02
3.932814000000000192e+02
3.933186999999999784e+02
3.933469999999999800e+02
3.936446500000000128e+02
3.937076000000000136e+02
3.937151999999999816e+02
3.937408500000000231e+02
3.937468999999999824e+02
3.940258499999999913e+02
3.940998500000000035e+02
3.945432999999999879e+02
3.949057500000000118e+02
3.950204499999999825e+02
3.950276999999999816e+02
3.952296499999999924e+02
3.952355999999999767e+02
3.954917500000000246e+02
3.959331500000000119e+02
3.959511999999999716e+02
3.962024000000000115e+02
3.962078000000000202e+02
3.965332000000000221e+02
3.968036000000000172e+02
3.968154000000000110e+02
3.968303500000000099e+02
3.969825000000000159e+02
3.972008000000000152e+02
3.973915499999999952e+02
3.974568499999999744e+02
3.975078500000000190e+02
3.978689499999999839e+02
3.981453000000000202e+02
3.981623999999999910e+02
3.982076999999999884e+02
3.982213499999999726e+02
3.982321499999999901e+02
3.982379000000000246e+02
3.982626500000000078e+02
3.983025000000000091e+02
3.983106000000000222e+02
3.983287500000000136e+02
3.983928500000000099e+02
3.984233500000000276e+02
3.984447999999999865e+02
3.984549999999999841e+02
3.985532999999999788e+02
3.985680500000000279e+02
3.985876499999999965e+02
3.985961500000000228e+02
3.991224000000000274e+02
3.992047999999999774e+02
3.992760000000000105e+02
3.993176000000000272e+02
3.994104500000000257e+02
4.000561999999999898e+02
4.002506999999999948e+02
4.005544499999999744e+02
4.013385999999999854e+02
4.014158499999999776e+02
4.015806000000000040e+02
4.019295000000000186e+02
4.020525499999999965e+02
4.022004999999999768e+02
4.022440500000000156e+02
4.025643999999999778e+02
4.025813999999999737e+02
4.025861499999999751e+02
4.028764499999999771e+02
4.029859999999999900e+02
4.030000000000000000e+02
4.035217499999999973e+02
4.035404500000000212e+02
4.037461000000000126e+02
4.037638499999999908e+02
4.037689500000000180e+02
4.037785999999999831e+02
4.037919999999999732e+02
4.038638500000000136e+02
4.038661000000000172e+02
4.040483500000000276e+02
4.041071499999999901e+02
4.041313499999999976e+02
4.046447499999999877e+02
4.046506999999999721e+02
4.049159500000000094e+02
4.049297500000000127e+02
4.052087999999999965e+02
4.053374999999999773e+02
4.053432000000000244e+02
4.054214000000000055e+02
4.059341499999999883e+02
4.059657000000000266e+02
4.059703000000000088e+02
4.062198000000000206e+02
4.066113000000000284e+02
4.068152499999999918e+02
4.070718499999999835e+02
4.071866499999999860e+02
4.071894500000000221e+02
4.074182000000000130e+02
4.074239999999999782e+02
4.076431499999999915e+02
4.076510000000000105e+02
4.076524499999999875e+02
4.076558499999999867e+02
4.076569000000000074e+02
4.078644499999999766e+02
4.080135999999999967e+02
4.084798000000000116e+02
4.085529500000000098e+02
4.087113499999999817e+02
4.088783999999999992e+02
4.092959999999999923e+02
4.094329500000000053e+02
4.098915499999999952e+02
4.100389499999999998e+02
4.100445500000000152e+02
4.100498499999999922e+02
4.100790499999999952e+02
4.105790499999999952e+02
4.105851499999999987e+02
4.107464499999999816e+02
4.108703499999999735e+02
4.110256499999999846e+02
4.111032999999999902e+02
4.111478500000000054e+02
4.113551499999999805e+02
4.113801500000000146e+02
4.114676499999999919e+02
4.117115999999999758e+02
4.117566499999999792e+02
4.119870500000000106e+02
4.121184000000000083e+02
4.121816999999999780e+02
4.121877000000000066e+02
4.123673000000000002e+02
4.124918499999999995e+02
4.131023000000000138e+02
4.132384500000000003e+02
4.135217000000000098e+02
4.138359500000000253e+02
4.140400500000000079e+02
4.144815500000000270e+02
4.145259500000000230e+02
4.147613000000000056e+02
4.148261499999999842e+02
4.153770000000000095e+02
4.153889500000000226e+02
4.153913000000000011e+02
4.153955000000000268e+02
4.157694000000000187e+02
4.157742499999999950e+02
4.158659499999999980e+02
4.159920999999999935e+02
4.161914499999999748e+02
4.162874499999999784e+02
4.164886999999999944e+02
4.166141499999999951e+02
4.166191999999999780e+02
4.166477499999999736e+02
4.166646999999999821e+02
4.166658499999999776e+02
4.167477499999999964e+02
4.167496499999999742e+02
4.169211000000000240e+02
4.169223499999999945e+02
4.169268999999999892e+02
4.171073999999999842e+02
4.172699000000000069e+02
4.176517000000000053e+02
4.180709499999999821e+02
4.183969000000000165e+02
4.184347999999999956e+02
4.186171499999999810e+02
4.186759500000000003e+02
4.187962499999999864e+02
4.190207500000000209e+02
4.191173000000000002e+02
4.193456499999999778e+02
4.196340999999999894e+02
4.196437500000000114e+02
4.199021500000000060e+02
4.199741999999999962e+02
4.204703499999999963e+02
4.205191500000000246e+02
4.207619000000000256e+02
4.210269000000000119e+02
4.210323999999999955e+02
4.213603499999999826e+02
4.213779000000000110e+02
4.214814000000000078e+02
4.215063499999999976e+02
4.216226500000000215e+02
4.221403999999999996e+02
4.221854500000000030e+02
4.225068999999999733e+02
4.229336999999999875e+02
4.230844999999999914e+02
4.233346999999999980e+02
4.234947999999999979e+02
4.240206999999999766e+02
4.240226999999999862e+02
4.241199500000000171e+02
4.244404000000000110e+02
4.244979500000000030e+02
4.245017500000000155e+02
4.245118499999999813e+02
4.246918499999999881e+02
4.246988000000000056e+02
4.247199499999999830e+02
4.247549999999999955e+02
4.249576500000000010e+02
4.251501999999999839e+02
4.253663000000000238e+02
4.253732499999999845e+02
4.255982999999999947e+02
4.256019499999999880e+02
4.256995499999999879e+02
4.258589000000000055e+02
4.260095499999999902e+02
4.260220499999999788e+02
4.260230999999999995e+02
4.261764000000000010e+02
4.262619000000000256e+02
4.263332500000000209e+02
4.266484500000000253e+02
4.266560999999999808e+02
4.269820500000000152e+02
4.270207500000000209e+02
4.270432999999999879e+02
4.270733999999999924e+02
4.275002499999999941e+02
4.275275500000000193e+02
4.276852000000000089e+02
4.280276000000000067e+02
4.280330000000000155e+02
4.280543499999999995e+02
4.280899000000000001e+02
4.281190000000000282e+02
4.281247000000000185e+02
4.283060500000000275e+02
4.284655999999999949e+02
4.287421499999999810e+02
4.287894999999999754e+02
4.289241000000000099e+02
4.291983500000000049e+02
4.292062999999999988e+02
4.292074000000000069e+02
4.292254500000000235e+02
4.293975500000000238e+02
4.294623000000000275e+02
4.294676000000000045e+02
4.294714500000000044e+02
4.294759000000000242e+02
4.295391000000000190e+02
4.298177999999999770e+02
4.302011999999999716e+02
4.303380999999999972e+02
4.303430500000000052e+02
4.304547000000000025e+02
4.304597999999999729e+02
4.306585000000000036e+02
4.307626000000000204e+02
4.308809999999999718e+02
4.309472999999999843e+02
4.311505000000000223e+02
4.311597499999999741e+02
4.317371499999999855e+02
4.317438500000000090e+02
4.321028499999999894e+02
4.321075000000000159e+02
4.324238500000000158e+02
4.326595500000000243e+02
4.326634999999999991e+02
4.339400499999999852e+02
4.339435500000000161e+02
4.339565000000000055e+02
4.341847000000000207e+02
4.343539000000000101e+02
4.344092999999999734e+02
4.348180500000000279e+02
4.350787500000000136e+02
4.350845499999999788e+02
4.351034000000000219e+02
4.353953500000000076e+02
4.354007500000000164e+02
4.355477500000000077e+02
4.356478500000000054e+02
4.358655499999999847e+02
4.358719500000000266e+02
4.358803500000000213e+02
4.360002000000000066e+02
4.361248499999999808e+02
4.361288999999999874e+02
4.361410000000000196e+02
4.361472499999999854e+02
4.363807499999999777e+02
4.363860000000000241e+02
4.367541499999999814e+02
4.367997500000000173e+02
4.371077999999999975e+02
4.371126499999999737e+02
4.376021999999999821e+02
4.376087499999999864e+02
4.376114499999999907e+02
4.377796000000000163e+02
4.377855500000000006e+02
4.377918999999999983e+02
4.378090000000000259e+02
4.380504999999999995e+02
4.380513500000000136e+02
4.380555499999999824e+02
4.383511500000000183e+02
4.384750000000000227e+02
4.384850000000000136e+02
4.384932000000000016e+02
4.391942500000000109e+02
4.392993000000000166e+02
4.393070999999999913e+02
4.393568500000000085e+02
4.393602500000000077e+02
4.395106999999999857e+02
4.397664500000000203e+02
4.401842500000000200e+02
4.405576500000000237e+02
4.405665999999999940e+02
4.411433499999999981e+02
4.411585000000000036e+02
4.413475999999999999e+02
4.414947000000000230e+02
4.416383999999999901e+02
4.416435000000000173e+02
4.418765999999999963e+02
4.418998000000000275e+02
4.419451000000000249e+02
4.419962499999999750e+02
4.420042500000000132e+02
4.421299500000000080e+02
4.425147499999999923e+02
4.425305500000000052e+02
4.426234000000000037e+02
4.426431999999999789e+02
4.426471999999999980e+02
4.427622000000000071e+02
4.431956000000000131e+02
4.433514999999999873e+02
4.433794500000000198e+02
4.436863999999999919e+02
4.436886999999999830e+02
4.438216499999999769e+02
4.438260000000000218e+02
4.438422499999999786e+02
4.443263000000000034e+02
4.443419999999999845e+02
4.443567499999999768e+02
4.445784499999999753e+02
4.445974499999999807e+02
4.449216000000000122e+02
4.449415500000000065e+02
4.451684999999999945e+02
4.451969000000000278e+02
4.452345000000000255e+02
4.454534499999999753e+02
4.465312500000000000e+02
4.465665500000000065e+02
4.472013000000000034e+02
4.472968999999999937e+02
4.476086999999999989e+02
4.476340500000000020e+02
4.477748500000000149e+02
4.484420000000000073e+02
4.486807000000000016e+02
4.486897999999999911e+02
4.489024000000000001e+02
4.490627000000000066e+02
4.490668999999999755e+02
4.496037499999999909e+02
4.496150499999999965e+02
4.497715499999999906e+02
4.497781499999999824e+02
4.501055000000000064e+02
4.501113500000000158e+02
4.502917499999999791e+02
4.503039499999999862e+02
4.503136999999999830e+02
4.503344999999999914e+02
4.505663000000000125e+02
4.505817999999999870e+02
4.505978999999999814e+02
4.506170000000000186e+02
4.510881999999999721e+02
4.511113500000000158e+02
4.511169499999999744e+02
4.511789499999999862e+02
4.513066499999999905e+02
4.513164499999999748e+02
4.513264500000000226e+02
4.516048999999999864e+02
4.517355999999999767e+02
4.517384999999999877e+02
4.518873500000000263e+02
4.519063499999999749e+02
4.522923999999999864e+02
4.522933499999999754e+02
4.522969499999999812e+02
4.523229000000000042e+02
4.529192499999999768e+02
4.530457999999999856e+02
4.530535499999999729e+02
4.530767999999999915e+02
4.535058000000000220e+02
4.535831499999999892e+02
4.540910999999999831e+02
4.546394999999999982e+02
4.546789999999999736e+02
4.546908999999999992e+02
4.547123000000000275e+02
4.547787500000000023e+02
4.549085499999999911e+02
4.549349500000000148e+02
4.552232500000000073e+02
4.555879499999999780e+02
4.556072500000000218e+02
4.556429999999999723e+02
4.556476000000000113e+02
4.558327499999999759e+02
4.559293999999999869e+02
4.563183999999999969e+02
4.563845499999999902e+02
4.564231500000000210e+02
4.565011000000000081e+02
4.567874499999999784e+02
4.567993999999999915e+02
4.568057499999999891e+02
4.569327999999999861e+02
4.569396499999999719e+02
4.570110500000000116e+02
4.570673499999999763e+02
4.570800500000000284e+02
4.570858000000000061e+02
4.571125999999999863e+02
4.575292499999999905e+02
4.575348999999999933e+02
4.577465000000000259e+02
4.578593999999999937e+02
4.579157500000000027e+02
4.579670499999999720e+02
4.583729000000000156e+02
4.586173000000000002e+02
4.588419999999999845e+02
4.589990999999999985e+02
4.590076000000000249e+02
4.591961000000000013e+02
4.593192000000000235e+02
4.599705500000000029e+02
4.600129499999999894e+02
4.600197999999999752e+02
4.600803500000000099e+02
4.601329499999999939e+02
4.604832499999999982e+02
4.606838999999999942e+02
4.615079999999999814e+02
4.615724500000000035e+02
4.615880999999999972e+02
4.620413500000000226e+02
4.620516999999999825e+02
4.622035500000000070e+02
4.625208999999999833e+02
4.628224000000000160e+02
4.630377500000000168e+02
4.633531500000000278e+02
4.637136499999999728e+02
4.637384999999999877e+02
4.637427500000000009e+02
4.638801500000000146e+02
4.640251000000000090e+02
4.640566999999999780e+02
4.640634999999999764e+02
4.642943500000000085e+02
4.644566500000000246e+02
4.645156499999999937e+02
4.646155999999999722e+02
4.653429499999999734e+02
4.654818000000000211e+02
4.657243500000000154e+02
4.657366499999999974e+02
4.657421499999999810e+02
4.657976499999999760e+02
4.658786000000000058e+02
4.659291000000000054e+02
4.663031500000000165e+02
4.664938000000000216e+02
4.665049500000000080e+02
4.667447500000000105e+02
4.668385999999999854e+02
4.668428000000000111e+02
4.670584999999999809e+02
4.670640000000000214e+02
4.672722499999999854e+02
4.673952499999999759e+02
4.673980999999999995e+02
4.674035000000000082e+02
4.674809000000000196e+02
4.676788000000000238e+02
4.677405499999999847e+02
4.677461000000000126e+02
4.678453499999999963e+02
4.681490000000000009e+02
4.682463999999999942e+02
4.682518999999999778e+02
4.682728000000000179e+02
4.687216999999999985e+02
4.692165499999999838e+02
4.692942499999999768e+02
4.694329000000000178e+02
4.696421000000000276e+02
4.697286500000000160e+02
4.697346499999999878e+02
4.699543499999999767e+02
4.701582999999999970e+02
4.703508499999999799e+02
4.703713999999999942e+02
4.706206500000000119e+02
4.707047999999999774e+02
4.707490000000000236e+02
4.707639500000000226e+02
4.707964499999999930e+02
4.708002500000000055e+02
4.708082999999999743e+02
4.708129500000000007e+02
4.708142500000000155e+02
4.710877500000000282e+02
4.710939999999999941e+02
4.710995500000000220e+02
4.711717499999999745e+02
4.713129500000000007e+02
4.715955000000000155e+02
4.718093499999999949e+02
4.724627500000000282e+02
4.734501000000000204e+02
4.734551000000000158e+02
4.737631000000000085e+02
4.737862999999999829e+02
4.737915499999999724e+02
4.739298999999999751e+02
4.739415000000000191e+02
4.739470499999999902e+02
4.743722500000000082e+02
4.744237499999999841e+02
4.749365000000000236e+02
4.752348999999999819e+02
4.752593499999999835e+02
4.752653999999999996e+02
4.753596499999999878e+02
4.753935000000000173e+02
4.754039500000000089e+02
4.757590999999999894e+02
4.765523000000000025e+02
4.766494000000000142e+02
4.767527999999999793e+02
4.769891000000000076e+02
4.772916999999999916e+02
4.782240499999999770e+02
4.782722999999999729e+02
4.783765999999999963e+02
4.788922999999999774e+02
4.790647000000000162e+02
4.792151499999999942e+02
4.792334999999999923e+02
4.796825000000000045e+02
4.798036000000000172e+02
4.799816500000000019e+02
4.801176500000000260e+02
4.802128500000000031e+02
4.802803499999999985e+02
4.804708999999999719e+02
4.805081999999999880e+02
4.805747000000000071e+02
4.805785000000000196e+02
4.808285500000000070e+02
4.809660499999999956e+02
4.809985500000000229e+02
4.810377500000000168e+02
4.811794499999999744e+02
4.813658500000000231e+02
4.813720000000000141e+02
4.814972000000000207e+02
4.818435000000000059e+02
4.818738000000000170e+02
4.819392000000000280e+02
4.823258999999999901e+02
4.825699999999999932e+02
4.826203499999999735e+02
4.826435000000000173e+02
4.829471500000000219e+02
4.829765499999999747e+02
4.830594500000000266e+02
4.833109999999999786e+02
4.834513499999999908e+02
4.834778499999999894e+02
4.838546000000000049e+02
4.838641999999999825e+02
4.838712499999999750e+02
4.840095999999999776e+02
4.840198500000000195e+02
4.841920999999999822e+02
4.843426999999999794e+02
4.843473000000000184e+02
4.846641999999999939e+02
4.848070500000000038e+02
4.848996500000000083e+02
4.849028999999999883e+02
4.849596000000000231e+02
4.854079500000000280e+02
4.855695499999999925e+02
4.855735999999999990e+02
4.856342500000000086e+02
4.857694500000000062e+02
4.859670499999999720e+02
4.860735999999999990e+02
4.867393999999999892e+02
4.867529499999999985e+02
4.868438499999999749e+02
4.873141499999999837e+02
4.876301500000000146e+02
4.878206000000000131e+02
4.878666000000000054e+02
4.879196000000000026e+02
4.881721499999999878e+02
4.881870000000000118e+02
4.883604000000000269e+02
4.883648000000000025e+02
4.885305999999999926e+02
4.885366500000000087e+02
4.885828500000000076e+02
4.885849499999999921e+02
4.885994000000000028e+02
4.886032000000000153e+02
4.886148499999999899e+02
4.888195499999999925e+02
4.888238999999999805e+02
4.890459000000000174e+02
4.890518999999999892e+02
4.894132999999999925e+02
4.895416999999999916e+02
4.899775999999999954e+02
4.902040499999999952e+02
4.904757999999999925e+02
4.905117000000000189e+02
4.907462499999999750e+02
4.910371999999999844e+02
4.912697999999999752e+02
4.913116999999999734e+02
4.913741499999999860e+02
4.913795999999999822e+02
4.913850499999999784e+02
4.918732499999999845e+02
4.919806500000000256e+02
4.921159499999999980e+02
4.925514000000000010e+02
4.927314499999999953e+02
4.927475000000000023e+02
4.928876500000000078e+02
4.928951999999999884e+02
4.930395500000000197e+02
4.932121999999999957e+02
4.933560499999999820e+02
4.934146499999999946e+02
4.936402499999999804e+02
4.936666000000000167e+02
4.937107500000000186e+02
4.937640000000000100e+02
4.939157999999999902e+02
4.940291500000000156e+02
4.940369499999999903e+02
4.941723499999999945e+02
4.944048500000000104e+02
4.945136999999999716e+02
4.945849999999999795e+02
4.947296499999999924e+02
4.947496499999999742e+02
4.954367500000000177e+02
4.955953499999999963e+02
4.961177999999999884e+02
4.961232499999999845e+02
4.961286000000000058e+02
4.963292000000000144e+02
4.963306000000000040e+02
4.964116500000000087e+02
4.968271500000000174e+02
4.969485500000000116e+02
4.972518499999999904e+02
4.972557499999999777e+02
4.973239500000000248e+02
4.973732999999999720e+02
4.973774500000000103e+02
4.973890999999999849e+02
4.975760000000000218e+02
4.976922500000000014e+02
4.977782000000000266e+02
4.978464000000000169e+02
4.980821000000000254e+02
4.982115999999999758e+02
4.982395999999999958e+02
4.982552999999999770e+02
4.988444999999999823e+02
4.989905999999999722e+02
4.990045999999999822e+02
4.994808499999999754e+02
4.995772999999999797e+02
4.995974499999999807e+02
5.000643499999999904e+02
5.005500499999999988e+02
5.005534499999999980e+02
5.005573499999999854e+02
5.005643499999999904e+02
5.005677499999999895e+02
5.007031499999999937e+02
5.007242499999999836e+02
5.007318999999999960e+02
5.008947000000000003e+02
5.009947500000000105e+02
5.013874500000000012e+02
5.015398000000000138e+02
5.015518999999999892e+02
5.015649999999999977e+02
5.015704000000000065e+02
5.015721500000000219e+02
5.015816500000000246e+02
5.015867000000000075e+02
5.015903999999999883e+02
5.017408500000000231e+02
5.021885500000000206e+02
5.022321999999999775e+02
5.023382500000000164e+02
5.023965499999999906e+02
5.024028999999999883e+02
5.027775500000000193e+02
5.028218499999999835e+02
5.028272499999999923e+02
5.030287000000000148e+02
5.030473999999999819e+02
5.030625000000000000e+02
5.031580500000000029e+02
5.034452499999999873e+02
5.036145999999999958e+02
5.039916499999999928e+02
5.042800500000000170e+02
5.044530500000000188e+02
5.044827500000000100e+02
5.045248500000000149e+02
5.049893999999999892e+02
5.050532000000000039e+02
5.051005499999999984e+02
5.051671000000000049e+02
5.052726000000000113e+02
5.058931499999999915e+02
5.060320500000000266e+02
5.061027500000000146e+02
5.064984499999999912e+02
5.065159499999999753e+02
5.067669000000000210e+02
5.067742999999999824e+02
5.069540000000000077e+02
5.072590999999999894e+02
5.074194499999999834e+02
5.076229999999999905e+02
5.078292000000000144e+02
5.078910000000000196e+02
5.081610499999999888e+02
5.083497499999999718e+02
5.084388500000000022e+02
5.091200499999999920e+02
5.094655000000000200e+02
5.094689500000000066e+02
5.096019499999999880e+02
5.097466499999999883e+02
5.100506500000000187e+02
5.102162500000000023e+02
5.102273500000000013e+02
5.103150999999999726e+02
5.103255500000000211e+02
5.104042499999999905e+02
5.105120000000000005e+02
5.108315999999999804e+02
5.109599000000000046e+02
5.116301500000000146e+02
5.116564500000000066e+02
5.118460499999999911e+02
5.122586000000000013e+02
5.122818999999999505e+02
5.122874000000000478e+02
5.123018499999999449e+02
5.124281499999999596e+02
5.124505000000000337e+02
5.126340500000000020e+02
5.128427500000000236e+02
5.129021999999999935e+02
5.131028499999999894e+02
5.131842500000000200e+02
5.132534000000000560e+02
5.132586499999999887e+02
5.134615499999999884e+02
5.135259999999999536e+02
5.135322499999999764e+02
5.135442500000000337e+02
5.135546000000000504e+02
5.136926999999999452e+02
5.139754500000000235e+02
5.139823999999999842e+02
5.139923999999999751e+02
5.139995499999999993e+02
5.141100000000000136e+02
5.141149000000000342e+02
5.141755000000000564e+02
5.141867999999999483e+02
5.142089499999999589e+02
5.143591999999999871e+02
5.144698499999999513e+02
5.148606999999999516e+02
5.148940499999999929e+02
5.151263999999999896e+02
5.152883000000000493e+02
5.153158499999999549e+02
5.163067999999999529e+02
5.166460499999999456e+02
5.169088500000000295e+02
5.170067000000000235e+02
5.173293999999999642e+02
5.175704500000000507e+02
5.175794499999999516e+02
5.175828999999999951e+02
5.177033000000000129e+02
5.177134499999999662e+02
5.179394999999999527e+02
5.180336999999999534e+02
5.181011999999999489e+02
5.181746500000000424e+02
5.181884999999999764e+02
5.181932000000000471e+02
5.183246000000000322e+02
5.183890499999999975e+02
5.183934500000000298e+02
5.185481499999999642e+02
5.185507999999999811e+02
5.186775499999999965e+02
5.187832499999999527e+02
5.190211500000000342e+02
5.190316500000000133e+02
5.193794000000000324e+02
5.194143500000000131e+02
5.194794000000000551e+02
5.194835000000000491e+02
5.194916500000000497e+02
5.196737500000000409e+02
5.204644500000000562e+02
5.206952999999999747e+02
5.208274499999999989e+02
5.211702500000000100e+02
5.211739499999999907e+02
5.211788999999999987e+02
5.211840499999999565e+02
5.211943999999999733e+02
5.211994499999999562e+02
5.213843000000000529e+02
5.214650500000000193e+02
5.214691000000000258e+02
5.214803000000000566e+02
5.215290499999999838e+02
5.221464499999999589e+02
5.226852000000000089e+02
5.228950499999999693e+02
5.229183500000000322e+02
5.231490000000000009e+02
5.233691000000000031e+02
5.241861499999999978e+02
5.242155999999999949e+02
5.248052000000000135e+02
5.251077000000000226e+02
5.255056499999999460e+02
5.255163000000000011e+02
5.255433000000000447e+02
5.257410999999999603e+02
5.258238499999999931e+02
5.258423000000000229e+02
5.259956499999999551e+02
5.260575000000000045e+02
5.260647000000000162e+02
5.261422999999999774e+02
5.261692500000000337e+02
5.264154499999999643e+02
5.265444499999999834e+02
5.267802500000000236e+02
5.269174000000000433e+02
5.272395000000000209e+02
5.276223499999999831e+02
5.276588500000000295e+02
5.276767499999999700e+02
5.276822499999999536e+02
5.276903999999999542e+02
5.278201500000000124e+02
5.279456500000000005e+02
5.279512999999999465e+02
5.281660500000000411e+02
5.282199500000000398e+02
5.283863499999999931e+02
5.286241499999999860e+02
5.286644000000000005e+02
5.290163999999999760e+02
5.291118500000000040e+02
5.292629500000000462e+02
5.294761499999999614e+02
5.295116500000000315e+02
5.295158999999999878e+02
5.295262000000000171e+02
5.297530000000000427e+02
5.303673499999999876e+02
5.305095499999999902e+02
5.305660000000000309e+02
5.306244000000000369e+02
5.306353000000000293e+02
5.306625000000000227e+02
5.308608500000000276e+02
5.309001500000000533e+02
5.313908500000000004e+02
5.314176499999999805e+02
5.314231999999999516e+02
5.314281999999999471e+02
5.314355000000000473e+02
5.317165999999999713e+02
5.319002500000000282e+02
5.319349999999999454e+02
5.319361999999999853e+02
5.320514500000000453e+02
5.322046500000000151e+02
5.324823999999999842e+02
5.325090999999999894e+02
5.328161000000000058e+02
5.330558999999999514e+02
5.330966499999999542e+02
5.333365499999999884e+02
5.335582500000000437e+02
5.338710999999999558e+02
5.342732499999999618e+02
5.342767499999999927e+02
5.342971000000000004e+02
5.343020999999999958e+02
5.344198999999999842e+02
5.344664000000000215e+02
5.347794999999999845e+02
5.352091500000000224e+02
5.359773500000000013e+02
5.363635000000000446e+02
5.366019499999999880e+02
5.366367500000000064e+02
5.368608000000000402e+02
5.371666000000000167e+02
5.384234000000000151e+02
5.391137999999999693e+02
5.394164500000000544e+02
5.394424500000000080e+02
5.396794499999999744e+02
5.398108999999999469e+02
5.400565500000000156e+02
5.400576499999999669e+02
5.402024000000000115e+02
5.402151000000000067e+02
5.402255999999999858e+02
5.402364000000000033e+02
5.406531999999999698e+02
5.409928999999999633e+02
5.410083499999999503e+02
5.410493000000000166e+02
5.410974499999999807e+02
5.413407999999999447e+02
5.416292499999999563e+02
5.418013999999999442e+02
5.419619500000000016e+02
5.420199499999999944e+02
5.422118500000000267e+02
5.422154500000000326e+02
5.422315499999999702e+02
5.423297499999999900e+02
5.423829500000000507e+02
5.424224500000000262e+02
5.424457999999999629e+02
5.424593999999999596e+02
5.425683999999999969e+02
5.426276000000000295e+02
5.432183499999999867e+02
5.436145000000000209e+02
5.436431499999999915e+02
5.445594999999999573e+02
5.445950500000000147e+02
5.447394000000000460e+02
5.451390000000000100e+02
5.451646500000000515e+02
5.453975000000000364e+02
5.455112500000000182e+02
5.456068000000000211e+02
5.460889499999999543e+02
5.461633500000000367e+02
5.461690999999999576e+02
5.462513999999999896e+02
5.463200500000000375e+02
5.463356499999999869e+02
5.464183500000000322e+02
5.466464499999999589e+02
5.472550999999999704e+02
5.472662000000000262e+02
5.472676500000000033e+02
5.474184999999999945e+02
5.475452999999999975e+02
5.478478000000000065e+02
5.480064999999999600e+02
5.480974499999999807e+02
5.484180000000000064e+02
5.487304000000000315e+02
5.489352999999999838e+02
5.489406999999999925e+02
5.489460500000000138e+02
5.489583000000000084e+02
5.493206000000000131e+02
5.494472500000000537e+02
5.494767500000000382e+02
5.495276999999999816e+02
5.498354000000000497e+02
5.498601999999999634e+02
5.501717999999999620e+02
5.503423500000000104e+02
5.504868999999999915e+02
5.506228999999999587e+02
5.506395999999999731e+02
5.506494500000000016e+02
5.507059000000000424e+02
5.514369500000000244e+02
5.519083000000000538e+02
5.519139499999999998e+02
5.519865499999999656e+02
5.520371499999999969e+02
5.520585499999999683e+02
5.531979000000000042e+02
5.531987500000000182e+02
5.532024999999999864e+02
5.532101499999999987e+02
5.532148999999999432e+02
5.540903499999999440e+02
5.541693999999999960e+02
5.541951500000000124e+02
5.542001000000000204e+02
5.542045500000000402e+02
5.543239499999999680e+02
5.543274000000000115e+02
5.543348499999999603e+02
5.545255499999999529e+02
5.547123000000000275e+02
5.547463999999999942e+02
5.547581999999999880e+02
5.551448500000000195e+02
5.551508499999999913e+02
5.553012499999999818e+02
5.553243999999999687e+02
5.553438499999999749e+02
5.557202999999999520e+02
5.557861500000000206e+02
5.562714499999999589e+02
5.563422000000000480e+02
5.564992499999999609e+02
5.565034500000000435e+02
5.568306499999999915e+02
5.568356499999999869e+02
5.571672999999999547e+02
5.573502999999999474e+02
5.573694500000000289e+02
5.576777499999999463e+02
5.577503500000000258e+02
5.577727499999999736e+02
5.577991500000000542e+02
5.579263999999999442e+02
5.579389999999999645e+02
5.581700499999999465e+02
5.585783999999999878e+02
5.586470000000000482e+02
5.586512999999999920e+02
5.587651499999999487e+02
5.587845999999999549e+02
5.587996500000000424e+02
5.588642499999999700e+02
5.593330999999999449e+02
5.593451499999999896e+02
5.593496499999999969e+02
5.598463000000000420e+02
5.598505000000000109e+02
5.598628499999999804e+02
5.600266500000000178e+02
5.600705000000000382e+02
5.601371500000000196e+02
5.606208500000000186e+02
5.609472500000000537e+02
5.609854000000000269e+02
5.610661999999999807e+02
5.613436500000000251e+02
5.613490000000000464e+02
5.614819999999999709e+02
5.618651499999999714e+02
5.619097500000000309e+02
5.619154499999999643e+02
5.620227999999999611e+02
5.620285999999999831e+02
5.620370000000000346e+02
5.620410500000000411e+02
5.622763999999999669e+02
5.624239999999999782e+02
5.624539999999999509e+02
5.625766999999999598e+02
5.625823000000000320e+02
5.626068000000000211e+02
5.627350500000000011e+02
5.627377500000000055e+02
5.629284499999999980e+02
5.629472500000000537e+02
5.630729999999999791e+02
5.630768500000000358e+02
5.635425500000000056e+02
5.637567500000000109e+02
5.639260000000000446e+02
5.639555000000000291e+02
5.641521999999999935e+02
5.648528999999999769e+02
5.648777499999999918e+02
5.649016500000000178e+02
5.649083000000000538e+02
5.652133999999999787e+02
5.655883499999999913e+02
5.657992500000000291e+02
5.668578999999999724e+02
5.669377500000000509e+02
5.673179499999999962e+02
5.676363999999999805e+02
5.676437499999999545e+02
5.676923500000000331e+02
5.677093499999999722e+02
5.677847000000000435e+02
5.679166999999999916e+02
5.679262999999999693e+02
5.684871000000000549e+02
5.686697000000000344e+02
5.688668999999999869e+02
5.690877000000000407e+02
5.691726499999999760e+02
5.692993500000000040e+02
5.693030999999999722e+02
5.693095499999999447e+02
5.693369999999999891e+02
5.700922000000000480e+02
5.700936500000000251e+02
5.700975499999999556e+02
5.700997499999999718e+02
5.701076500000000351e+02
5.702051999999999907e+02
5.702337999999999738e+02
5.705938499999999749e+02
5.710548999999999751e+02
5.711250999999999749e+02
5.711300499999999829e+02
5.711332999999999629e+02
5.711384000000000469e+02
5.711425000000000409e+02
5.711494500000000016e+02
5.713427500000000236e+02
5.713606999999999516e+02
5.713639500000000453e+02
5.719677000000000362e+02
5.720341499999999542e+02
5.720434000000000196e+02
5.720728000000000293e+02
5.723287500000000136e+02
5.724369500000000244e+02
5.724447499999999991e+02
5.728826500000000124e+02
5.729762500000000500e+02
5.729798500000000558e+02
5.733377000000000407e+02
5.734910999999999603e+02
5.734950000000000045e+02
5.736542500000000473e+02
5.738484499999999571e+02
5.738516499999999496e+02
5.740531499999999596e+02
5.741526000000000067e+02
5.744028499999999440e+02
5.746477999999999611e+02
5.746855500000000347e+02
5.748289999999999509e+02
5.748338999999999714e+02
