7.954500000000000348e+00
1.072964999999999947e+01
1.074075000000000024e+01
1.108760000000000012e+01
1.110239999999999938e+01
1.111255000000000059e+01
1.114339999999999975e+01
1.192355000000000054e+01
1.198799999999999955e+01
1.205294999999999916e+01
1.232344999999999935e+01
1.293529999999999980e+01
1.434454999999999991e+01
1.682219999999999871e+01
2.034690000000000154e+01
2.046010000000000062e+01
2.062344999999999828e+01
2.062875000000000014e+01
2.063605000000000089e+01
2.085330000000000084e+01
2.089809999999999945e+01
2.098144999999999882e+01
2.121669999999999945e+01
2.128965000000000174e+01
2.130424999999999969e+01
2.146685000000000088e+01
2.150884999999999891e+01
2.171705000000000041e+01
2.227740000000000009e+01
2.332055000000000078e+01
2.353089999999999904e+01
2.418390000000000128e+01
2.442510000000000048e+01
2.443234999999999957e+01
2.549204999999999899e+01
2.617295000000000016e+01
2.680229999999999890e+01
2.840204999999999913e+01
2.896890000000000143e+01
2.951040000000000063e+01
3.007300000000000040e+01
3.042109999999999914e+01
3.042984999999999829e+01
3.045990000000000109e+01
3.055730000000000146e+01
3.189624999999999844e+01
3.190119999999999933e+01
3.348514999999999731e+01
3.417784999999999940e+01
3.448525000000000063e+01
3.642620000000000147e+01
3.666194999999999737e+01
3.943330000000000268e+01
3.943829999999999814e+01
3.944330000000000069e+01
3.975195000000000078e+01
4.356719999999999970e+01
4.357209999999999894e+01
4.506654999999999944e+01
4.615140000000000242e+01
4.707404999999999973e+01
4.707999999999999829e+01
4.752174999999999727e+01
4.779975000000000307e+01
4.780919999999999703e+01
4.878609999999999758e+01
4.894769999999999754e+01
4.912749999999999773e+01
4.914874999999999972e+01
4.915444999999999709e+01
4.916604999999999848e+01
4.934420000000000073e+01
4.937664999999999793e+01
4.938974999999999937e+01
4.939139999999999731e+01
4.942515000000000214e+01
4.943569999999999709e+01
4.959544999999999959e+01
5.008829999999999671e+01
5.010495000000000232e+01
5.014954999999999785e+01
5.015930000000000177e+01
5.057000000000000028e+01
5.076794999999999902e+01
5.091875000000000284e+01
5.124909999999999854e+01
5.158350000000000080e+01
5.285414999999999708e+01
5.287010000000000076e+01
5.287420000000000186e+01
5.287895000000000323e+01
5.290379999999999683e+01
5.291009999999999991e+01
5.338154999999999717e+01
5.405989999999999895e+01
5.406445000000000078e+01
5.530615000000000236e+01
5.530960000000000321e+01
5.531289999999999907e+01
5.573279999999999745e+01
5.578419999999999845e+01
5.766324999999999790e+01
5.854184999999999661e+01
5.905689999999999884e+01
5.966510000000000247e+01
5.968540000000000134e+01
5.984380000000000166e+01
5.985515000000000185e+01
6.157484999999999786e+01
6.158185000000000286e+01
6.165990000000000038e+01
6.357609999999999673e+01
6.429609999999999559e+01
6.599920000000000186e+01
6.615279999999999916e+01
6.619304999999999950e+01
6.652660000000000196e+01
6.655665000000000475e+01
6.656220000000000425e+01
6.697549999999999670e+01
6.918965000000000032e+01
6.919799999999999329e+01
6.920569999999999311e+01
6.922384999999999877e+01
6.924209999999999354e+01
6.939499999999999602e+01
7.000960000000000605e+01
7.001539999999999964e+01
7.093470000000000653e+01
7.108034999999999570e+01
7.108799999999999386e+01
7.110750000000000171e+01
7.115805000000000291e+01
7.289799999999999613e+01
7.291514999999999702e+01
7.292069999999999652e+01
7.292589999999999861e+01
7.295125000000000171e+01
7.313809999999999434e+01
7.314985000000000070e+01
7.349360000000000070e+01
7.361244999999999550e+01
7.370295000000000130e+01
7.379654999999999632e+01
7.382635000000000502e+01
7.396169999999999334e+01
7.406570000000000675e+01
7.415064999999999884e+01
7.416185000000000116e+01
7.468600000000000705e+01
7.469674999999999443e+01
7.506855000000000189e+01
7.516984999999999673e+01
7.534135000000000559e+01
7.540815000000000623e+01
7.547145000000000437e+01
7.715175000000000693e+01
8.314589999999999748e+01
8.382259999999999422e+01
8.403135000000000332e+01
8.411549999999999727e+01
8.412120000000000175e+01
8.413304999999999723e+01
8.415130000000000621e+01
8.679855000000000587e+01
8.850724999999999909e+01
8.950950000000000273e+01
9.172660000000000480e+01
9.194625000000000625e+01
9.270064999999999600e+01
9.308254999999999768e+01
9.315864999999999441e+01
9.322265000000000157e+01
9.537255000000000393e+01
9.709459999999999980e+01
9.739565000000000339e+01
9.745714999999999861e+01
9.746835000000000093e+01
9.751765000000000327e+01
9.835325000000000273e+01
9.887550000000000239e+01
1.006058000000000021e+02
1.029260500000000036e+02
1.029296999999999969e+02
1.030731999999999999e+02
1.047469499999999982e+02
1.048139500000000055e+02
1.048461000000000070e+02
1.048552499999999981e+02
1.048643000000000001e+02
1.048850999999999942e+02
1.048973000000000013e+02
1.049144000000000005e+02
1.049355999999999938e+02
1.049413499999999999e+02
1.049701500000000038e+02
1.050937500000000000e+02
1.051312499999999943e+02
1.052707000000000050e+02
1.052966499999999996e+02
1.056280000000000001e+02
1.056324500000000057e+02
1.057895999999999930e+02
1.057930499999999938e+02
1.059141500000000065e+02
1.059514000000000067e+02
1.059616500000000059e+02
1.067366999999999990e+02
1.072333500000000015e+02
1.072428000000000026e+02
1.076409000000000020e+02
1.076669499999999999e+02
1.077077500000000043e+02
1.086868000000000052e+02
1.093558000000000021e+02
1.093666500000000070e+02
1.093843999999999994e+02
1.096908999999999992e+02
1.096957500000000039e+02
1.096997999999999962e+02
1.097248000000000019e+02
1.109900999999999982e+02
1.109959999999999951e+02
1.111099999999999994e+02
1.111174000000000035e+02
1.111321499999999958e+02
1.113050499999999943e+02
1.113641999999999967e+02
1.127245999999999952e+02
1.127402000000000015e+02
1.129052499999999952e+02
1.129118500000000012e+02
1.136444999999999936e+02
1.143207500000000039e+02
1.147591000000000037e+02
1.147693000000000012e+02
1.157797999999999945e+02
1.165325500000000005e+02
1.166977499999999992e+02
1.167246999999999986e+02
1.167347500000000053e+02
1.170497500000000031e+02
1.170687000000000069e+02
1.170729500000000058e+02
1.171020000000000039e+02
1.171464500000000015e+02
1.171542500000000047e+02
1.171653500000000037e+02
1.172335000000000065e+02
1.172535500000000042e+02
1.173255500000000069e+02
1.173509499999999974e+02
1.173598000000000070e+02
1.174279999999999973e+02
1.176600499999999982e+02
1.177843500000000034e+02
1.178600500000000011e+02
1.179639999999999986e+02
1.180019000000000062e+02
1.180424000000000007e+02
1.198830499999999972e+02
1.198917000000000002e+02
1.199594500000000039e+02
1.211259500000000031e+02
1.228371000000000066e+02
1.228503500000000059e+02
1.228700500000000062e+02
1.228750500000000017e+02
1.229561499999999938e+02
1.230353000000000065e+02
1.236470499999999930e+02
1.236617999999999995e+02
1.239632000000000005e+02
1.239933999999999941e+02
1.240246000000000066e+02
1.240538499999999971e+02
1.240803999999999974e+02
1.241373499999999979e+02
1.241587499999999977e+02
1.241847000000000065e+02
1.241985499999999973e+02
1.242077000000000027e+02
1.242163500000000056e+02
1.242288499999999942e+02
1.242437000000000040e+02
1.242861500000000063e+02
1.243072499999999962e+02
1.243913500000000028e+02
1.245469999999999970e+02
1.245669999999999931e+02
1.246216000000000008e+02
1.246945000000000050e+02
1.247248500000000035e+02
1.247313999999999936e+02
1.247677500000000066e+02
1.248143500000000046e+02
1.248178000000000054e+02
1.248326500000000010e+02
1.248589499999999930e+02
1.248777500000000060e+02
1.249094500000000068e+02
1.250170499999999976e+02
1.250315999999999974e+02
1.253358499999999935e+02
1.253563500000000062e+02
1.253629999999999995e+02
1.254895000000000067e+02
1.261568500000000057e+02
1.270122999999999962e+02
1.275366999999999962e+02
1.321261499999999955e+02
1.324808999999999912e+02
1.340765000000000100e+02
1.348451000000000022e+02
1.357190999999999974e+02
1.357240999999999929e+02
1.357265500000000031e+02
1.357321000000000026e+02
1.357370500000000106e+02
1.357456999999999994e+02
1.358097500000000082e+02
1.358265499999999975e+02
1.358552999999999997e+02
1.358611999999999966e+02
1.359164499999999975e+02
1.359938999999999965e+02
1.360833499999999958e+02
1.361877000000000066e+02
1.362005000000000052e+02
1.362206500000000062e+02
1.362252000000000010e+02
1.362491499999999860e+02
1.362683000000000106e+02
1.363868500000000097e+02
1.364952000000000112e+02
1.365817499999999995e+02
1.367261499999999899e+02
1.367609500000000082e+02
1.367714499999999873e+02
1.367790999999999997e+02
1.367905000000000086e+02
1.368050000000000068e+02
1.368164500000000032e+02
1.368335500000000025e+02
1.369575499999999977e+02
1.370295500000000004e+02
1.370711000000000013e+02
1.370994000000000028e+02
1.371856999999999971e+02
1.372143499999999960e+02
1.372206999999999937e+02
1.372386500000000069e+02
1.372426000000000101e+02
1.373205000000000098e+02
1.373307499999999948e+02
1.373728999999999871e+02
1.373836499999999887e+02
1.373919999999999959e+02
1.374108500000000106e+02
1.374225500000000011e+02
1.374393000000000029e+02
1.378714999999999975e+02
1.379043499999999938e+02
1.379071000000000140e+02
1.379786000000000001e+02
1.380634499999999889e+02
1.380741999999999905e+02
1.381871500000000026e+02
1.382121999999999957e+02
1.382164999999999964e+02
1.387519499999999937e+02
1.388013500000000136e+02
1.400935499999999934e+02
1.407520499999999970e+02
1.410200000000000102e+02
1.410699500000000057e+02
1.411714499999999930e+02
1.419048500000000104e+02
1.419232000000000085e+02
1.438052000000000135e+02
1.452078500000000076e+02
1.469242999999999881e+02
1.475864500000000135e+02
1.496408999999999878e+02
1.503289000000000044e+02
1.503520499999999913e+02
1.503750499999999874e+02
1.510819500000000062e+02
1.512512999999999863e+02
1.536328000000000031e+02
1.555005500000000040e+02
1.556775499999999965e+02
1.562449499999999887e+02
1.562505500000000040e+02
1.563611999999999966e+02
1.563874999999999886e+02
1.563967000000000098e+02
1.564022500000000093e+02
1.565065500000000043e+02
1.567846000000000117e+02
1.568670500000000061e+02
1.568793499999999881e+02
1.568939000000000021e+02
1.572925999999999931e+02
1.574044499999999971e+02
1.574112499999999955e+02
1.607472500000000082e+02
1.607532999999999959e+02
1.607737999999999943e+02
1.607949500000000000e+02
1.611248999999999967e+02
1.611341999999999928e+02
1.612872500000000002e+02
1.612921499999999924e+02
1.621624999999999943e+02
1.675779499999999871e+02
1.678870000000000005e+02
1.678904499999999871e+02
1.679081999999999937e+02
1.683309999999999889e+02
1.700081500000000005e+02
1.700615500000000111e+02
1.700759500000000060e+02
1.700791000000000111e+02
1.700918499999999938e+02
1.703659499999999980e+02
1.703698500000000138e+02
1.703805999999999869e+02
1.742784000000000049e+02
1.777057499999999948e+02
1.809642499999999927e+02
1.816226000000000056e+02
1.816293000000000006e+02
1.822027500000000089e+02
1.856281500000000051e+02
1.883705999999999960e+02
1.883950499999999977e+02
1.900356999999999914e+02
1.912651999999999930e+02
1.917206500000000062e+02
1.922005000000000052e+02
1.925876499999999965e+02
1.959155499999999961e+02
1.960322500000000048e+02
1.972058499999999981e+02
1.990734999999999957e+02
1.991262000000000114e+02
1.991564999999999941e+02
2.011581999999999937e+02
2.012523999999999944e+02
2.035653499999999951e+02
2.060206000000000017e+02
2.064753000000000043e+02
2.070650500000000136e+02
2.072290500000000009e+02
2.072307000000000130e+02
2.088273499999999956e+02
2.109156000000000120e+02
2.118899000000000115e+02
2.125389499999999998e+02
2.137152499999999975e+02
2.166941999999999950e+02
2.166989000000000090e+02
2.172717000000000098e+02
2.202616500000000030e+02
2.216526499999999942e+02
2.223233999999999924e+02
2.246413499999999885e+02
2.246452999999999918e+02
2.247068500000000029e+02
2.254432999999999936e+02
2.255751500000000078e+02
2.296501499999999965e+02
2.320737499999999898e+02
2.326090499999999963e+02
2.326187500000000057e+02
2.326228000000000122e+02
2.373344500000000039e+02
2.387381000000000029e+02
2.387940999999999860e+02
2.424013500000000079e+02
2.458085000000000093e+02
2.458121500000000026e+02
2.458166999999999973e+02
2.481165499999999895e+02
2.494345999999999890e+02
2.544778000000000020e+02
2.544829000000000008e+02
2.561931500000000028e+02
2.562026000000000181e+02
2.575398000000000138e+02
2.594515499999999975e+02
2.603206000000000131e+02
2.605974499999999807e+02
2.606679500000000189e+02
2.610244000000000142e+02
2.611806000000000267e+02
2.611870999999999867e+02
2.613093499999999949e+02
2.615538999999999987e+02
2.616676499999999805e+02
2.616979499999999916e+02
2.617239000000000146e+02
2.617356500000000210e+02
2.619660499999999956e+02
2.624937499999999773e+02
2.635183000000000106e+02
2.635242999999999824e+02
2.635341999999999985e+02
2.638659999999999854e+02
2.640916500000000156e+02
2.641277499999999918e+02
2.641977999999999724e+02
2.643186999999999784e+02
2.644282000000000039e+02
2.644361000000000104e+02
2.645557000000000016e+02
2.650232500000000186e+02
2.651148000000000025e+02
2.654766000000000190e+02
2.659785999999999717e+02
2.659873999999999796e+02
2.663344999999999914e+02
2.663923500000000217e+02
2.666539999999999964e+02
2.668238000000000056e+02
2.672567500000000109e+02
2.672618499999999813e+02
2.673453499999999963e+02
2.676080999999999790e+02
2.678088000000000193e+02
2.678890499999999975e+02
2.680944499999999948e+02
2.681007000000000176e+02
2.682849499999999807e+02
2.688900499999999738e+02
2.688946500000000128e+02
2.693614499999999907e+02
2.695124000000000137e+02
2.697336999999999989e+02
2.699549000000000092e+02
2.699601999999999862e+02
2.699647499999999809e+02
2.700783000000000129e+02
2.700942000000000007e+02
2.702708499999999958e+02
2.706897000000000162e+02
2.708679000000000201e+02
2.709343000000000075e+02
2.710844500000000039e+02
2.710892999999999802e+02
2.725492499999999723e+02
2.731252000000000066e+02
2.732206499999999778e+02
2.737491999999999734e+02
2.742155999999999949e+02
2.745994000000000028e+02
2.747401500000000283e+02
2.747474500000000148e+02
2.748535999999999717e+02
2.749990999999999985e+02
2.750090000000000146e+02
2.750763999999999783e+02
2.750819500000000062e+02
2.752597999999999843e+02
2.752701999999999884e+02
2.757606499999999983e+02
2.759773500000000013e+02
2.760092000000000212e+02
2.761354999999999791e+02
2.761456499999999892e+02
2.768091499999999883e+02
2.788937000000000239e+02
2.792085500000000025e+02
2.794802000000000248e+02
2.798102999999999838e+02
2.801786999999999921e+02
2.802171999999999912e+02
2.802265499999999747e+02
2.808244500000000130e+02
2.820059499999999844e+02
2.825172499999999900e+02
2.826554499999999734e+02
2.829266999999999825e+02
2.830274499999999875e+02
2.833181999999999903e+02
2.837173000000000229e+02
2.838232499999999732e+02
2.838263999999999783e+02
2.838295499999999834e+02
2.838387000000000171e+02
2.838461500000000228e+02
2.852026000000000181e+02
2.852067000000000121e+02
2.863912500000000136e+02
2.865765000000000100e+02
2.868358499999999935e+02
2.874695500000000266e+02
2.884027500000000259e+02
2.887021500000000174e+02
2.892582499999999754e+02
2.902776000000000067e+02
2.905272499999999809e+02
2.906156500000000165e+02
2.907771999999999935e+02
2.912183499999999867e+02
2.915856999999999744e+02
2.922486000000000104e+02
2.923152000000000044e+02
2.923200499999999806e+02
2.923243499999999813e+02
2.923317499999999995e+02
2.926150000000000091e+02
2.930044500000000198e+02
2.936517000000000053e+02
2.936560999999999808e+02
2.945581000000000245e+02
2.948324999999999818e+02
2.948670000000000186e+02
2.948714499999999816e+02
2.948758000000000266e+02
2.955197499999999877e+02
2.959472000000000094e+02
2.961897999999999911e+02
2.961931999999999903e+02
2.961973499999999717e+02
2.966224500000000148e+02
2.968143000000000029e+02
2.968203500000000190e+02
2.969178499999999872e+02
2.971596000000000117e+02
2.971633499999999799e+02
2.983506499999999733e+02
2.988881000000000085e+02
2.990763000000000034e+02
2.994802000000000248e+02
2.995287000000000148e+02
2.999451999999999998e+02
3.000437000000000012e+02
3.000985000000000014e+02
3.001034500000000094e+02
3.003371000000000208e+02
3.004972999999999956e+02
3.005741499999999746e+02
3.009695500000000266e+02
3.010936500000000251e+02
3.011765500000000202e+02
3.012126000000000090e+02
3.012841500000000110e+02
3.014436999999999784e+02
3.015216500000000224e+02
3.016168000000000120e+02
3.017162000000000148e+02
3.017346000000000004e+02
3.017977000000000203e+02
3.018018000000000143e+02
3.020335499999999911e+02
3.021515499999999861e+02
3.021864499999999794e+02
3.023919999999999959e+02
3.024062500000000000e+02
3.026107000000000085e+02
3.027363000000000284e+02
3.027554000000000087e+02
3.033202999999999747e+02
3.033500999999999976e+02
3.035171500000000151e+02
3.035325500000000147e+02
3.036111999999999966e+02
3.037418000000000120e+02
3.038150499999999852e+02
3.040530499999999847e+02
3.040863499999999817e+02
3.041406499999999937e+02
3.043528499999999894e+02
3.043573499999999967e+02
3.049857499999999959e+02
3.050274000000000001e+02
3.050768499999999790e+02
3.051048499999999990e+02
3.054411499999999933e+02
3.054931500000000142e+02
3.055536500000000046e+02
3.055719500000000153e+02
3.060674999999999955e+02
3.060858000000000061e+02
3.062814500000000066e+02
3.065827499999999759e+02
3.070545000000000186e+02
3.071555000000000177e+02
3.071729500000000144e+02
3.072508000000000266e+02
3.076865500000000111e+02
3.076986999999999739e+02
3.077298499999999990e+02
3.077862000000000080e+02
3.079369500000000244e+02
3.081041000000000167e+02
3.081110499999999774e+02
3.083009000000000128e+02
3.088745999999999867e+02
3.090206999999999766e+02
3.090878000000000156e+02
3.093673999999999751e+02
3.096726499999999760e+02
3.104057999999999993e+02
3.104648500000000126e+02
3.109782000000000153e+02
3.115097499999999968e+02
3.116241499999999860e+02
3.120500999999999863e+02
3.121721499999999878e+02
3.127047499999999900e+02
3.127728500000000054e+02
3.127977500000000077e+02
3.132518000000000029e+02
3.132565999999999917e+02
3.137541499999999814e+02
3.138032499999999914e+02
3.138281499999999937e+02
3.138376999999999839e+02
3.138420499999999720e+02
3.139046500000000037e+02
3.139085499999999911e+02
3.140371499999999969e+02
3.140858499999999935e+02
3.149295999999999935e+02
3.150119000000000256e+02
3.150178999999999974e+02
3.157178999999999860e+02
3.163005999999999744e+02
3.170328499999999963e+02
3.174119499999999903e+02
3.174434999999999718e+02
3.175373999999999910e+02
3.180165999999999826e+02
3.184851499999999760e+02
3.184891999999999825e+02
3.184932000000000016e+02
3.187120499999999765e+02
3.187933499999999754e+02
3.188155499999999734e+02
3.190047000000000139e+02
3.192946999999999775e+02
3.193789499999999748e+02
3.193935000000000173e+02
3.194077500000000214e+02
3.198169500000000198e+02
3.199037999999999897e+02
3.200887000000000171e+02
3.203166499999999814e+02
3.209007500000000164e+02
3.209107000000000198e+02
3.211541500000000156e+02
3.215087500000000205e+02
3.216809999999999832e+02
3.217685000000000173e+02
3.217740499999999884e+02
3.219116999999999962e+02
3.223879999999999768e+02
3.229646000000000186e+02
3.229748999999999910e+02
3.230063999999999851e+02
3.232536499999999933e+02
3.232579999999999814e+02
3.232631999999999834e+02
3.236032500000000027e+02
3.236111500000000092e+02
3.242030500000000188e+02
3.242449500000000171e+02
3.243861999999999739e+02
3.248569499999999834e+02
3.254363999999999919e+02
3.256693000000000211e+02
3.259812000000000012e+02
3.259860499999999774e+02
3.259968999999999824e+02
3.260628500000000258e+02
3.261037000000000035e+02
3.264307499999999891e+02
3.264878499999999804e+02
3.265428999999999746e+02
3.270043999999999755e+02
3.270206499999999892e+02
3.270721500000000219e+02
3.276132499999999936e+02
3.276222999999999956e+02
3.277919499999999857e+02
3.279189999999999827e+02
3.281670500000000175e+02
3.282674499999999966e+02
3.286960000000000264e+02
3.287047000000000025e+02
3.290757500000000277e+02
3.292297500000000241e+02
3.294644499999999994e+02
3.294685000000000059e+02
3.294730500000000006e+02
3.296175999999999817e+02
3.296256000000000199e+02
3.311386499999999842e+02
3.311881000000000199e+02
3.317504999999999882e+02
3.325862999999999943e+02
3.327015499999999975e+02
3.327256499999999733e+02
3.327318000000000211e+02
3.327438999999999965e+02
3.327527499999999918e+02
3.327564499999999725e+02
3.328063999999999965e+02
3.328399499999999875e+02
3.328978999999999928e+02
3.330701500000000124e+02
3.330913499999999772e+02
3.333618000000000166e+02
3.333649500000000216e+02
3.333675000000000068e+02
3.333716000000000008e+02
3.334096999999999866e+02
3.334776499999999828e+02
3.336062999999999761e+02
3.338424999999999727e+02
3.338536500000000160e+02
3.342749499999999898e+02
3.348795999999999822e+02
3.349073500000000081e+02
3.357617500000000064e+02
3.361457500000000209e+02
3.361632500000000050e+02
3.369214499999999930e+02
3.370055500000000279e+02
3.370071500000000242e+02
3.370181999999999789e+02
3.370480000000000018e+02
3.371110499999999774e+02
3.372644000000000233e+02
3.373929499999999848e+02
3.374089000000000169e+02
3.374150500000000079e+02
3.374468499999999835e+02
3.376861000000000104e+02
3.376964500000000271e+02
3.381317000000000235e+02
3.388595500000000129e+02
3.392644500000000107e+02
3.392885999999999740e+02
3.406400499999999738e+02
3.406452499999999759e+02
3.406510000000000105e+02
3.416259000000000015e+02
3.426804999999999950e+02
3.427536999999999807e+02
3.427988500000000158e+02
3.428192000000000235e+02
3.428240499999999997e+02
3.428323500000000195e+02
3.428367999999999824e+02
3.428419000000000096e+02
3.429286500000000046e+02
3.429619000000000142e+02
3.430029499999999985e+02
3.430410499999999843e+02
3.430785999999999945e+02
3.432006000000000085e+02
3.432243500000000154e+02
3.432998000000000047e+02
3.433147999999999911e+02
3.433863499999999931e+02
3.433940999999999804e+02
3.435311500000000251e+02
3.435692500000000109e+02
3.435893500000000245e+02
3.438797000000000139e+02
3.440518000000000143e+02
3.440923999999999978e+02
3.445378999999999792e+02
3.450785000000000196e+02
3.452307000000000130e+02
3.452346000000000004e+02
3.452417500000000246e+02
3.455194000000000187e+02
3.457262000000000057e+02
3.457672499999999900e+02
3.458349499999999921e+02
3.458917000000000144e+02
3.460154999999999745e+02
3.460735999999999990e+02
3.461025999999999954e+02
3.461428000000000225e+02
3.461899999999999977e+02
3.462195500000000266e+02
3.463816499999999792e+02
3.464485999999999990e+02
3.465804999999999723e+02
3.473646499999999833e+02
3.476055499999999938e+02
3.477706000000000017e+02
3.478910500000000070e+02
3.481562500000000000e+02
3.481642499999999814e+02
3.483875499999999761e+02
3.490451499999999783e+02
3.491221499999999764e+02
3.491271499999999719e+02
3.493187500000000227e+02
3.500574500000000171e+02
3.502821999999999889e+02
3.504551999999999907e+02
3.507500499999999874e+02
3.507595999999999776e+02
3.513580999999999790e+02
3.525446000000000026e+02
3.525769000000000233e+02
3.527108499999999935e+02
3.528912000000000262e+02
3.529110000000000014e+02
3.529347000000000207e+02
3.533101500000000215e+02
3.533183500000000095e+02
3.534419500000000198e+02
3.535509500000000003e+02
3.546620500000000220e+02
3.546658499999999776e+02
3.546700500000000034e+02
3.552404999999999973e+02
3.552436999999999898e+02
3.563571000000000026e+02
3.569485500000000116e+02
3.573556500000000256e+02
3.573770499999999970e+02
3.578543000000000234e+02
3.578584000000000174e+02
3.581877000000000066e+02
3.587460500000000252e+02
3.588499499999999784e+02
3.588548999999999864e+02
3.588594499999999812e+02
3.588672000000000253e+02
3.588779999999999859e+02
3.589345000000000141e+02
3.589760999999999740e+02
3.590067000000000235e+02
3.591331000000000131e+02
3.591813999999999965e+02
3.594216000000000122e+02
3.594253499999999804e+02
3.594549000000000092e+02
3.606891499999999837e+02
3.612497000000000185e+02
3.616374999999999886e+02
3.621011500000000183e+02
3.621469500000000039e+02
3.621517000000000053e+02
3.621671999999999798e+02
3.621750499999999988e+02
3.621854000000000156e+02
3.622083499999999958e+02
3.622130500000000097e+02
3.622175500000000170e+02
3.622221499999999992e+02
3.622328999999999724e+02
3.622367499999999723e+02
3.622755500000000097e+02
3.624060499999999934e+02
3.624490000000000123e+02
3.624577499999999759e+02
3.624639500000000112e+02
3.624700000000000273e+02
3.624920500000000061e+02
3.625387000000000057e+02
3.625554999999999950e+02
3.626581499999999778e+02
3.626681500000000256e+02
3.626789499999999862e+02
3.626802000000000135e+02
3.628038999999999987e+02
3.628253500000000145e+02
3.628365499999999884e+02
3.628447499999999764e+02
3.628657000000000039e+02
3.629038499999999772e+02
3.629764000000000124e+02
3.630024000000000228e+02
3.630197000000000003e+02
3.632511499999999955e+02
3.632650499999999738e+02
3.633384500000000230e+02
3.633662499999999795e+02
3.634951500000000237e+02
3.635185500000000047e+02
3.636938499999999976e+02
3.637735999999999876e+02
3.638036000000000172e+02
3.639449999999999932e+02
3.639512500000000159e+02
3.639685999999999808e+02
3.639917500000000246e+02
3.640387999999999806e+02
3.640482999999999834e+02
3.640815499999999929e+02
3.645242499999999950e+02
3.646136999999999944e+02
3.646384499999999775e+02
3.646598999999999933e+02
3.663785500000000184e+02
3.664709500000000162e+02
3.664905499999999847e+02
3.665129000000000019e+02
3.665215499999999906e+02
3.665298000000000229e+02
3.666269500000000221e+02
3.666314499999999725e+02
3.667526500000000169e+02
3.668833000000000197e+02
3.669764999999999873e+02
3.669818000000000211e+02
3.671340000000000146e+02
3.671677500000000123e+02
3.681741999999999848e+02
3.686947999999999865e+02
3.694077500000000214e+02
3.694349500000000148e+02
3.694748500000000035e+02
3.695003500000000258e+02
3.699984499999999912e+02
3.705369499999999903e+02
3.706592499999999859e+02
3.706793499999999995e+02
3.711019000000000005e+02
3.711352999999999724e+02
3.712425499999999943e+02
3.713333999999999833e+02
3.713394999999999868e+02
3.713885000000000218e+02
3.720129000000000019e+02
3.720309500000000185e+02
3.723475000000000250e+02
3.723515499999999747e+02
3.723566000000000145e+02
3.723937999999999988e+02
3.729734000000000265e+02
3.729753000000000043e+02
3.730862999999999943e+02
3.730923000000000229e+02
3.731073499999999967e+02
3.731409499999999753e+02
3.731441500000000246e+02
3.731625000000000227e+02
3.732496499999999742e+02
3.732549000000000206e+02
3.732597499999999968e+02
3.732683999999999855e+02
3.732751000000000090e+02
3.732977000000000203e+02
3.733211000000000013e+02
3.733528499999999894e+02
3.733618000000000166e+02
3.733650000000000091e+02
3.733720000000000141e+02
3.734153999999999769e+02
3.734352999999999838e+02
3.734650500000000193e+02
3.734801499999999805e+02
3.735348500000000058e+02
3.735475000000000136e+02
3.735559999999999832e+02
3.736673000000000116e+02
3.736783500000000231e+02
3.737492500000000177e+02
3.738611000000000217e+02
3.739005000000000223e+02
3.739379000000000133e+02
3.743114499999999794e+02
3.743220000000000027e+02
3.743439000000000192e+02
3.744332999999999743e+02
3.745637500000000273e+02
3.747065999999999804e+02
3.749560999999999922e+02
3.751593500000000176e+02
3.753801500000000146e+02
3.754131499999999733e+02
3.754818500000000085e+02
3.755022999999999911e+02
3.755362000000000080e+02
3.759090499999999793e+02
3.766469500000000039e+02
3.766540499999999838e+02
3.766708499999999731e+02
3.766920499999999947e+02
3.784193000000000211e+02
3.784214999999999804e+02
3.784257499999999936e+02
3.784343999999999824e+02
3.784477499999999850e+02
3.784988999999999919e+02
3.789533500000000004e+02
3.795509000000000128e+02
3.795701999999999998e+02
3.805387999999999806e+02
3.807078000000000202e+02
3.807150500000000193e+02
3.807239999999999895e+02
3.812925999999999931e+02
3.814137999999999806e+02
3.814290500000000179e+02
3.818980000000000246e+02
3.819028999999999883e+02
3.824284999999999854e+02
3.826073999999999842e+02
3.832424500000000194e+02
3.832686499999999796e+02
3.834975000000000023e+02
3.840407000000000153e+02
3.849513499999999908e+02
3.853023499999999899e+02
3.855121500000000196e+02
3.855195499999999811e+02
3.856182499999999891e+02
3.856442999999999870e+02
3.857762000000000171e+02
3.858213999999999828e+02
3.858322000000000003e+02
3.862814000000000192e+02
3.862894499999999880e+02
3.865289999999999964e+02
3.865784499999999753e+02
3.865833000000000084e+02
3.865983499999999822e+02
3.867572000000000116e+02
3.868555999999999813e+02
3.869587999999999965e+02
3.870208000000000084e+02
3.870607999999999720e+02
3.872934000000000196e+02
3.876028999999999769e+02
3.876075999999999908e+02
3.876138000000000261e+02
3.881537000000000148e+02
3.881583499999999844e+02
3.884092499999999859e+02
3.885730500000000234e+02
3.885833499999999958e+02
3.885930500000000052e+02
3.885969499999999925e+02
3.887151999999999816e+02
3.888873500000000263e+02
3.889126499999999851e+02
3.902876499999999851e+02
3.903029999999999973e+02
3.909343999999999824e+02
3.911337500000000205e+02
3.913308999999999855e+02
3.913931000000000040e+02
3.921055000000000064e+02
3.922151000000000067e+02
3.927474500000000148e+02
3.933154499999999985e+02
3.933205500000000256e+02
3.933328999999999951e+02
3.933532000000000153e+02
3.937177500000000236e+02
3.940210000000000150e+02
3.942090499999999906e+02
3.958107499999999845e+02
3.959309000000000083e+02
3.959393000000000029e+02
3.977827500000000214e+02
3.977868500000000154e+02
3.978381999999999721e+02
3.978552999999999997e+02
3.981050999999999931e+02
3.981362500000000182e+02
3.981415000000000077e+02
3.981539000000000215e+02
3.981596000000000117e+02
3.982292499999999791e+02
3.982506500000000074e+02
3.982823500000000081e+02
3.983620500000000106e+02
3.983795499999999947e+02
3.983851500000000101e+02
3.985038499999999999e+02
3.985333999999999719e+02
3.985436000000000263e+02
3.986081500000000233e+02
3.986415000000000077e+02
3.987393000000000143e+02
3.987530499999999734e+02
3.987721000000000231e+02
3.987934000000000196e+02
3.988494499999999903e+02
3.990057499999999777e+02
3.991191999999999780e+02
3.991250999999999749e+02
3.991444000000000187e+02
3.991551000000000045e+02
3.991711500000000115e+02
3.992821999999999889e+02
3.993063999999999965e+02
3.993312500000000114e+02
3.994049999999999727e+02
3.995825500000000261e+02
3.997799999999999727e+02
4.024555500000000166e+02
4.030361500000000206e+02
4.030387999999999806e+02
4.031301500000000146e+02
4.031403000000000247e+02
4.031585999999999785e+02
4.036675500000000056e+02
4.036749500000000239e+02
4.036789499999999862e+02
4.036834999999999809e+02
4.036900999999999726e+02
4.036933000000000220e+02
4.036958999999999946e+02
4.037272500000000264e+02
4.037427999999999884e+02
4.038212500000000205e+02
4.044152500000000146e+02
4.059503000000000270e+02
4.059554499999999848e+02
4.063478000000000065e+02
4.064273000000000025e+02
4.064460500000000138e+02
4.064798499999999990e+02
4.064978500000000281e+02
4.065203000000000202e+02
4.065375999999999976e+02
4.067486000000000104e+02
4.068690500000000156e+02
4.069132000000000176e+02
4.069148500000000013e+02
4.069709500000000162e+02
4.069859999999999900e+02
4.070411500000000160e+02
4.070477000000000203e+02
4.071965500000000020e+02
4.072244000000000028e+02
4.073802999999999770e+02
4.074504999999999768e+02
4.074556499999999915e+02
4.074658999999999764e+02
4.075760500000000093e+02
4.076455500000000143e+02
4.076477499999999736e+02
4.076630000000000109e+02
4.080092999999999961e+02
4.081227000000000089e+02
4.085230000000000246e+02
4.085287500000000023e+02
4.085554999999999950e+02
4.086499499999999898e+02
4.086635999999999740e+02
4.087339499999999930e+02
4.088410499999999956e+02
4.089187499999999886e+02
4.092875999999999976e+02
4.092916000000000167e+02
4.097364000000000033e+02
4.098203500000000190e+02
4.108675000000000068e+02
4.109424000000000206e+02
4.109658499999999890e+02
4.110722499999999968e+02
4.110971499999999992e+02
4.113678499999999758e+02
4.113779000000000110e+02
4.121892000000000280e+02
4.122275000000000205e+02
4.122799499999999853e+02
4.135174499999999966e+02
4.140591499999999883e+02
4.150937000000000126e+02
4.151018500000000131e+02
4.151055000000000064e+02
4.151396500000000174e+02
4.151512999999999920e+02
4.151572499999999764e+02
4.156784499999999980e+02
4.156832499999999868e+02
4.157020999999999731e+02
4.157903000000000020e+02
4.159352499999999964e+02
4.160808999999999855e+02
4.160903999999999883e+02
4.161548500000000104e+02
4.161895999999999844e+02
4.162091500000000224e+02
4.162989499999999907e+02
4.163252499999999827e+02
4.163283000000000129e+02
4.165142000000000166e+02
4.165218499999999722e+02
4.166601499999999874e+02
4.167010999999999967e+02
4.170793499999999767e+02
4.170941000000000258e+02
4.171046999999999798e+02
4.172684499999999730e+02
4.172799999999999727e+02
4.172845500000000243e+02
4.173358000000000061e+02
4.176290000000000191e+02
4.176725500000000011e+02
4.180938499999999749e+02
4.184608000000000061e+02
4.184705000000000155e+02
4.185252500000000282e+02
4.192642000000000166e+02
4.193302499999999782e+02
4.193352499999999736e+02
4.195539499999999862e+02
4.199081499999999778e+02
4.210175500000000284e+02
4.210221000000000231e+02
4.212100500000000238e+02
4.213838000000000079e+02
4.216125000000000114e+02
4.247020499999999856e+02
4.247053999999999974e+02
4.247076000000000136e+02
4.250835000000000150e+02
4.253448999999999955e+02
4.255532999999999788e+02
4.258458999999999719e+02
4.262679499999999848e+02
4.270299999999999727e+02
4.270952500000000214e+02
4.280471000000000004e+02
4.280643499999999904e+02
4.280679499999999962e+02
4.294542000000000144e+02
4.294581499999999892e+02
4.294636499999999728e+02
4.304218500000000063e+02
4.346258000000000266e+02
4.351332499999999754e+02
4.355919499999999971e+02
4.356188000000000216e+02
4.378114499999999794e+02
4.384888500000000136e+02
4.386813000000000216e+02
4.389587000000000216e+02
4.392015999999999849e+02
4.392232000000000198e+02
4.392273500000000013e+02
4.392973999999999819e+02
4.393217500000000086e+02
4.393752499999999941e+02
4.394997000000000185e+02
4.395853500000000054e+02
4.398508499999999799e+02
4.398697500000000105e+02
4.402001500000000078e+02
4.403418500000000222e+02
4.408211499999999887e+02
4.418587499999999864e+02
4.426634500000000116e+02
4.445430499999999938e+02
4.445473999999999819e+02
4.445699000000000183e+02
4.446603000000000065e+02
4.455559499999999957e+02
4.456014499999999998e+02
4.457017999999999915e+02
4.461947000000000116e+02
4.462679499999999848e+02
4.462807000000000244e+02
4.463190000000000168e+02
4.463720500000000015e+02
4.464915500000000179e+02
4.465117500000000064e+02
4.465236499999999751e+02
4.466510999999999854e+02
4.467182500000000118e+02
4.467846499999999992e+02
4.471057500000000005e+02
4.472001000000000204e+02
4.473358999999999810e+02
4.473380999999999972e+02
4.475855000000000246e+02
4.482204500000000280e+02
4.489354500000000030e+02
4.504064500000000066e+02
4.514313500000000090e+02
4.529504499999999894e+02
4.534768000000000256e+02
4.535647500000000036e+02
4.539114000000000146e+02
4.546348499999999717e+02
4.554988999999999919e+02
4.576191499999999905e+02
4.578539000000000101e+02
4.581250000000000000e+02
4.599818999999999960e+02
4.600045999999999822e+02
4.615784499999999753e+02
4.620348000000000184e+02
4.620817499999999995e+02
4.621960000000000264e+02
4.649200999999999908e+02
4.664991999999999734e+02
4.677486499999999978e+02
4.681684999999999945e+02
4.693475500000000125e+02
4.703426499999999919e+02
4.703469499999999925e+02
4.707824499999999830e+02
4.707877500000000168e+02
4.708098499999999831e+02
4.708272499999999923e+02
4.708516999999999939e+02
4.708632999999999811e+02
4.718122000000000185e+02
4.723901500000000055e+02
4.728040500000000179e+02
4.735131999999999834e+02
4.766580000000000155e+02
4.767479500000000030e+02
4.768501999999999725e+02
4.770004500000000007e+02
4.786494000000000142e+02
4.786530999999999949e+02
4.786691000000000145e+02
4.791206000000000245e+02
4.792235000000000014e+02
4.793251999999999953e+02
4.793435999999999808e+02
4.793738000000000170e+02
4.793928999999999974e+02
4.794325000000000045e+02
4.797478500000000281e+02
4.797533000000000243e+02
4.797599999999999909e+02
4.799613499999999817e+02
4.800079499999999939e+02
4.800471499999999878e+02
4.800903999999999883e+02
4.801122500000000173e+02
4.801514000000000237e+02
4.803647500000000150e+02
4.803729999999999905e+02
4.804921499999999810e+02
4.805880500000000097e+02
4.807617999999999938e+02
4.807935499999999820e+02
4.813004999999999995e+02
4.814089999999999918e+02
4.814130999999999858e+02
4.815681500000000028e+02
4.815838499999999840e+02
4.821062999999999761e+02
4.824110000000000014e+02
4.824236000000000217e+02
4.824541500000000269e+02
4.825131499999999960e+02
4.825186499999999796e+02
4.830577999999999861e+02
4.830771500000000174e+02
4.848052500000000009e+02
4.851420499999999834e+02
4.854051000000000045e+02
4.854857000000000085e+02
4.870860999999999876e+02
4.873861999999999739e+02
4.885099500000000035e+02
4.890283499999999890e+02
4.901284999999999741e+02
4.903770499999999970e+02
4.903881499999999960e+02
4.915094500000000153e+02
4.926766000000000076e+02
4.927345500000000129e+02
4.936625000000000227e+02
4.936741000000000099e+02
4.936915500000000065e+02
4.937035999999999945e+02
4.939003500000000031e+02
4.939220500000000129e+02
4.939264499999999884e+02
4.942146999999999935e+02
4.942271499999999946e+02
4.942314499999999953e+02
4.943985000000000127e+02
4.944117499999999836e+02
4.945102999999999724e+02
4.954711500000000228e+02
4.956644000000000005e+02
4.994383000000000266e+02
4.994444500000000176e+02
4.997748500000000149e+02
5.004542999999999893e+02
5.023546000000000049e+02
5.027663999999999760e+02
5.045914999999999964e+02
5.045966999999999985e+02
5.047134500000000230e+02
5.048050000000000068e+02
5.048455999999999904e+02
5.050386500000000183e+02
5.050507000000000062e+02
5.050787500000000136e+02
5.051867500000000177e+02
5.054879999999999995e+02
5.058448500000000081e+02
5.058860000000000241e+02
5.058910999999999945e+02
5.063312500000000114e+02
5.064590999999999781e+02
5.064662999999999897e+02
5.076125499999999988e+02
5.076181000000000267e+02
5.080377500000000168e+02
5.090489999999999782e+02
5.108452500000000214e+02
5.114762000000000057e+02
5.115230999999999995e+02
5.122748500000000149e+02
5.124320500000000038e+02
5.124453499999999622e+02
5.124804500000000189e+02
5.124847499999999627e+02
5.169510000000000218e+02
5.171616000000000213e+02
5.173351000000000113e+02
5.175747000000000071e+02
5.181806000000000267e+02
5.183845499999999902e+02
5.206900000000000546e+02
5.211661000000000286e+02
5.244695000000000391e+02
5.255119999999999436e+02
5.261236999999999853e+02
5.261442500000000564e+02
5.275104999999999791e+02
5.275415000000000418e+02
5.276724500000000262e+02
5.276848499999999831e+02
5.294741000000000213e+02
5.295022000000000162e+02
5.314384000000000015e+02
5.342785000000000082e+02
5.357440500000000156e+02
5.361898999999999660e+02
5.379145499999999629e+02
5.382711000000000467e+02
5.384836000000000240e+02
5.385526499999999714e+02
5.386674000000000433e+02
5.387649499999999989e+02
5.387753999999999905e+02
5.387794000000000096e+02
5.387869500000000471e+02
5.388740999999999985e+02
5.389166500000000042e+02
5.394180000000000064e+02
5.394379000000000133e+02
5.394434499999999844e+02
5.396326000000000249e+02
5.396680999999999813e+02
5.398932999999999538e+02
5.399153999999999769e+02
5.399377500000000509e+02
5.399479499999999916e+02
5.399690000000000509e+02
5.399846000000000004e+02
5.400517499999999700e+02
5.400648999999999660e+02
5.400756999999999834e+02
5.402004500000000462e+02
5.402204500000000280e+02
5.402467000000000326e+02
5.402550499999999829e+02
5.402929000000000315e+02
5.404628500000000031e+02
5.406353000000000293e+02
5.406398000000000366e+02
5.406430000000000291e+02
5.406701500000000351e+02
5.410000999999999749e+02
5.410185500000000047e+02
5.410514500000000453e+02
5.412068500000000313e+02
5.412368999999999915e+02
5.412786999999999580e+02
5.414118499999999585e+02
5.415014999999999645e+02
5.415682000000000471e+02
5.417676500000000033e+02
5.418188000000000102e+02
5.418396999999999935e+02
5.421630999999999858e+02
5.422054000000000542e+02
5.422086000000000467e+02
5.422282000000000153e+02
5.424411000000000058e+02
5.428096500000000333e+02
5.428512500000000500e+02
5.433038000000000238e+02
5.436054500000000189e+02
5.437783500000000458e+02
5.439702499999999645e+02
5.439747499999999718e+02
5.440221999999999980e+02
5.445011500000000524e+02
5.445783999999999878e+02
5.445901499999999942e+02
5.448541500000000042e+02
5.449043000000000347e+02
5.450629000000000133e+02
5.450738000000000056e+02
5.451134499999999434e+02
5.451584500000000162e+02
5.455968000000000302e+02
5.456022500000000264e+02
5.456359499999999798e+02
5.459312999999999647e+02
5.461503500000000031e+02
5.461971499999999651e+02
5.464122999999999593e+02
5.467578999999999496e+02
5.470271000000000186e+02
5.472776000000000067e+02
5.474172999999999547e+02
5.474229000000000269e+02
5.482521000000000413e+02
5.491075499999999465e+02
5.491092999999999620e+02
5.491129499999999553e+02
5.495012000000000398e+02
5.501027000000000271e+02
5.507820000000000391e+02
5.513675500000000511e+02
5.519181999999999562e+02
5.520551000000000386e+02
5.525376999999999725e+02
5.540921499999999469e+02
5.542222000000000435e+02
5.555291999999999462e+02
5.555339999999999918e+02
5.563003999999999678e+02
5.570394999999999754e+02
5.573624499999999671e+02
5.576484000000000378e+02
5.576719500000000380e+02
5.576961499999999887e+02
5.577682999999999538e+02
5.577753000000000156e+02
5.577769500000000562e+02
5.577813499999999749e+02
5.591616500000000087e+02
5.593260500000000093e+02
5.599929499999999507e+02
5.600919000000000096e+02
5.620445499999999583e+02
5.620552500000000009e+02
5.620596000000000458e+02
5.620738499999999931e+02
5.621874000000000251e+02
5.622091500000000224e+02
5.624388999999999896e+02
5.624521499999999605e+02
5.624845000000000255e+02
5.627440000000000282e+02
5.627530500000000302e+02
5.627567999999999984e+02
5.627658500000000004e+02
5.643963999999999714e+02
5.644637000000000171e+02
5.645374500000000353e+02
5.645402500000000146e+02
5.645726499999999533e+02
5.647199000000000524e+02
5.648487999999999829e+02
5.648669999999999618e+02
5.648712500000000318e+02
5.651684000000000196e+02
5.653388999999999669e+02
5.653953500000000076e+02
5.659225500000000011e+02
5.659271499999999833e+02
5.659991499999999860e+02
5.662315499999999702e+02
5.663565999999999576e+02
5.664260500000000320e+02
5.669954000000000178e+02
5.669996499999999742e+02
5.670103500000000167e+02
5.674736000000000331e+02
5.675635499999999638e+02
5.676693999999999960e+02
5.684268499999999449e+02
5.691389500000000226e+02
5.701038999999999533e+02
5.702282999999999902e+02
5.702375500000000557e+02
5.702691999999999553e+02
5.711014999999999873e+02
5.711228999999999587e+02
5.722799999999999727e+02
5.723030999999999722e+02
