1.061774999999999913e+01
1.120190000000000019e+01
1.120369999999999955e+01
2.181060000000000088e+01
2.397925000000000040e+01
6.082529999999999859e+01
6.111010000000000275e+01
8.717785000000000650e+01
1.517756500000000131e+02
1.774101499999999874e+02
1.937228499999999940e+02
2.076708999999999889e+02
2.193757999999999981e+02
2.260472000000000037e+02
2.288457500000000095e+02
2.330946000000000140e+02
2.334387999999999863e+02
2.369981999999999971e+02
2.370038999999999874e+02
2.381451000000000136e+02
2.381548999999999978e+02
2.402161499999999990e+02
2.432733499999999935e+02
2.476431000000000040e+02
2.492435999999999865e+02
2.525090500000000020e+02
2.544026000000000067e+02
2.572722999999999729e+02
2.582142499999999927e+02
2.611734000000000151e+02
2.614594999999999914e+02
2.630717000000000212e+02
2.653573999999999842e+02
2.694449500000000057e+02
2.707746999999999957e+02
2.744600500000000238e+02
2.765666499999999814e+02
2.914432499999999777e+02
2.918687499999999773e+02
3.045595000000000141e+02
3.046999000000000137e+02
3.210328499999999963e+02
3.215896500000000060e+02
3.229255999999999744e+02
3.235799499999999966e+02
3.267024499999999989e+02
3.296028499999999894e+02
3.449757000000000176e+02
3.625821500000000128e+02
3.984773000000000138e+02
4.076395999999999731e+02
4.224125000000000227e+02
4.251428000000000225e+02
4.550556500000000142e+02
4.826759500000000003e+02
4.830196000000000254e+02
5.292899499999999762e+02
5.431204999999999927e+02
5.642844999999999800e+02
