8.990299999999999514e+00
1.079545000000000066e+01
1.105669999999999931e+01
1.133070000000000022e+01
1.240835000000000043e+01
1.516590000000000060e+01
1.762034999999999840e+01
1.786414999999999864e+01
1.813625000000000043e+01
1.814174999999999827e+01
1.833555000000000135e+01
2.014874999999999972e+01
2.057235000000000014e+01
2.057469999999999999e+01
2.179260000000000019e+01
2.202905000000000157e+01
2.275274999999999892e+01
2.309574999999999889e+01
2.620054999999999978e+01
2.621120000000000161e+01
2.640240000000000009e+01
3.156159999999999854e+01
3.224965000000000259e+01
3.503070000000000306e+01
3.983254999999999768e+01
4.104820000000000135e+01
4.174204999999999899e+01
4.174334999999999951e+01
4.185405000000000086e+01
4.201975000000000193e+01
4.274164999999999992e+01
4.651814999999999856e+01
4.703430000000000177e+01
4.713539999999999708e+01
4.722155000000000058e+01
4.725419999999999732e+01
4.775444999999999851e+01
4.787104999999999677e+01
4.843395000000000294e+01
4.892305000000000348e+01
4.936594999999999800e+01
4.999595000000000056e+01
5.344015000000000271e+01
5.455924999999999869e+01
5.459810000000000230e+01
5.460289999999999822e+01
5.549329999999999785e+01
5.638694999999999879e+01
5.723649999999999949e+01
5.724609999999999843e+01
5.943585000000000207e+01
6.244859999999999900e+01
6.343280000000000030e+01
6.353229999999999933e+01
6.461964999999999293e+01
6.478170000000000073e+01
6.478525000000000489e+01
6.485155000000000314e+01
6.486785000000000423e+01
6.499039999999999395e+01
6.518859999999999388e+01
6.525749999999999318e+01
6.574075000000000557e+01
6.591630000000000678e+01
6.598260000000000502e+01
6.792510000000000048e+01
6.976775000000000659e+01
6.989900000000000091e+01
7.059924999999999784e+01
7.065524999999999523e+01
7.109780000000000655e+01
7.197714999999999463e+01
7.337175000000000580e+01
7.418429999999999325e+01
7.429115000000000180e+01
7.453849999999999909e+01
7.753704999999999359e+01
7.773224999999999341e+01
7.986735000000000184e+01
8.131980000000000075e+01
8.296285000000000309e+01
8.311190000000000566e+01
8.424469999999999459e+01
8.605580000000000496e+01
8.914055000000000462e+01
9.269114999999999327e+01
9.782895000000000607e+01
9.783225000000000193e+01
9.783644999999999925e+01
9.913264999999999816e+01
1.012511999999999972e+02
1.018997999999999990e+02
1.033759500000000031e+02
1.088169000000000040e+02
1.103015500000000060e+02
1.119538500000000028e+02
1.184996500000000026e+02
1.211479000000000070e+02
1.254741999999999962e+02
1.355243000000000109e+02
1.377854499999999973e+02
1.377896000000000072e+02
1.445288500000000056e+02
1.448625999999999863e+02
1.469129000000000076e+02
1.521266500000000121e+02
1.532129500000000064e+02
1.545930999999999926e+02
1.611448499999999910e+02
1.741853999999999871e+02
1.774460500000000138e+02
1.786461500000000058e+02
1.788579499999999882e+02
1.798101499999999930e+02
1.810439499999999953e+02
1.857651999999999930e+02
1.878975499999999954e+02
1.931585000000000036e+02
1.934444000000000017e+02
1.944194500000000119e+02
1.971185999999999865e+02
1.972966000000000122e+02
1.998208500000000072e+02
2.009722999999999900e+02
2.031177000000000135e+02
2.032415499999999895e+02
2.120412499999999909e+02
2.124448999999999899e+02
2.125535500000000013e+02
2.125974500000000091e+02
2.126646499999999946e+02
2.151139499999999884e+02
2.154013999999999953e+02
2.154070000000000107e+02
2.162050000000000125e+02
2.186923500000000047e+02
2.193781999999999925e+02
2.222705499999999859e+02
2.222898999999999887e+02
2.223413999999999930e+02
2.248023000000000025e+02
2.248127499999999941e+02
2.248149500000000103e+02
2.250343000000000018e+02
2.258485499999999888e+02
2.262493499999999926e+02
2.265930999999999926e+02
2.265948500000000081e+02
2.267809000000000026e+02
2.267818000000000040e+02
2.280558499999999924e+02
2.281845000000000141e+02
2.283702000000000112e+02
2.284574000000000069e+02
2.303478000000000065e+02
2.305339500000000044e+02
2.308368499999999983e+02
2.329694499999999948e+02
2.330754000000000019e+02
2.336636499999999899e+02
2.340592499999999916e+02
2.345526999999999873e+02
2.350566499999999905e+02
2.376266999999999996e+02
2.379755499999999984e+02
2.385173499999999933e+02
2.386504500000000064e+02
2.388958499999999958e+02
2.389619999999999891e+02
2.389645500000000027e+02
2.390691999999999950e+02
2.405265499999999861e+02
2.424474500000000035e+02
2.428995500000000050e+02
2.434545500000000118e+02
2.442819499999999948e+02
2.447631499999999960e+02
2.447649999999999864e+02
2.450027000000000044e+02
2.460517000000000110e+02
2.470732999999999890e+02
2.499712499999999977e+02
2.519704499999999996e+02
2.519721000000000117e+02
2.520956500000000062e+02
2.529438499999999976e+02
2.535814000000000021e+02
2.536785999999999888e+02
2.537599999999999909e+02
2.537649999999999864e+02
2.543922499999999900e+02
2.560831000000000017e+02
2.560961500000000228e+02
2.562302000000000248e+02
2.567164000000000215e+02
2.575822000000000003e+02
2.582624000000000137e+02
2.616472499999999854e+02
2.618543000000000234e+02
2.624400999999999726e+02
2.641386999999999716e+02
2.642520000000000095e+02
2.643557000000000130e+02
2.645418500000000108e+02
2.647694999999999936e+02
2.648457000000000221e+02
2.648573999999999842e+02
2.658520500000000197e+02
2.659008999999999787e+02
2.659175000000000182e+02
2.659694000000000074e+02
2.659717499999999859e+02
2.682748500000000149e+02
2.685230999999999995e+02
2.688287500000000136e+02
2.698457500000000095e+02
2.703680499999999824e+02
2.714451999999999998e+02
2.721641500000000065e+02
2.758059999999999832e+02
2.760751999999999953e+02
2.796855499999999779e+02
2.797769999999999868e+02
2.814381999999999948e+02
2.837932500000000005e+02
2.840722999999999843e+02
2.883951999999999884e+02
2.908323500000000195e+02
2.956080000000000041e+02
2.960154499999999871e+02
2.988286499999999819e+02
2.994440500000000043e+02
3.039157000000000153e+02
3.084390000000000214e+02
3.087423499999999876e+02
3.089955499999999802e+02
3.091293499999999881e+02
3.095348999999999933e+02
3.124525499999999738e+02
3.139990999999999985e+02
3.150731499999999983e+02
3.165538500000000113e+02
3.165652499999999918e+02
3.172590000000000146e+02
3.198778500000000236e+02
3.199424999999999955e+02
3.200487499999999841e+02
3.201223499999999831e+02
3.204427000000000021e+02
3.210297499999999786e+02
3.214844499999999812e+02
3.216961000000000013e+02
3.244261000000000195e+02
3.260434999999999945e+02
3.264044999999999845e+02
3.264599499999999921e+02
3.265299499999999853e+02
3.273065000000000282e+02
3.273330500000000143e+02
3.274658499999999890e+02
3.277526500000000169e+02
3.278385999999999854e+02
3.281417500000000018e+02
3.284224500000000262e+02
3.287701000000000136e+02
3.292687500000000114e+02
3.295740999999999872e+02
3.300723499999999717e+02
3.306078999999999724e+02
3.331222500000000082e+02
3.343249999999999886e+02
3.393490499999999770e+02
3.433073999999999728e+02
3.459363500000000045e+02
3.465729999999999791e+02
3.466317000000000235e+02
3.466500500000000216e+02
3.468568000000000211e+02
3.472626500000000078e+02
3.475957500000000095e+02
3.476514500000000112e+02
3.477330000000000041e+02
3.478713999999999942e+02
3.484508999999999901e+02
3.486202999999999861e+02
3.489406500000000051e+02
3.489569999999999936e+02
3.489649999999999750e+02
3.490181499999999915e+02
3.494462500000000205e+02
3.495181000000000040e+02
3.495397500000000264e+02
3.496206000000000245e+02
3.498089499999999816e+02
3.498568000000000211e+02
3.507979500000000144e+02
3.520482499999999959e+02
3.520493999999999915e+02
3.543726500000000215e+02
3.577295500000000175e+02
3.593002999999999929e+02
3.623754999999999882e+02
3.627287000000000035e+02
3.628507500000000050e+02
3.629426500000000146e+02
3.629653999999999883e+02
3.635342499999999859e+02
3.637384999999999877e+02
3.662397500000000150e+02
3.681539999999999964e+02
3.707176000000000045e+02
3.736475500000000238e+02
3.736499000000000024e+02
3.739866999999999848e+02
3.743708500000000186e+02
3.744324500000000171e+02
3.744804500000000189e+02
3.747728500000000054e+02
3.748111000000000104e+02
3.748951000000000136e+02
3.750566499999999905e+02
3.752402000000000157e+02
3.836465999999999781e+02
3.968259499999999775e+02
3.985302500000000236e+02
3.995935499999999934e+02
4.026709999999999923e+02
4.077010999999999967e+02
4.080317499999999882e+02
4.080982999999999947e+02
4.084350000000000023e+02
4.085568000000000097e+02
4.086556499999999801e+02
4.087624000000000137e+02
4.087671000000000276e+02
4.164083999999999719e+02
4.164712999999999852e+02
4.167309500000000071e+02
4.167914000000000101e+02
4.169430500000000279e+02
4.170285000000000082e+02
4.170395500000000197e+02
4.171358000000000175e+02
4.172458500000000186e+02
4.173953999999999951e+02
4.179196999999999775e+02
4.267448499999999854e+02
4.308303500000000099e+02
4.352817999999999756e+02
4.452351499999999760e+02
4.469508500000000026e+02
4.512225000000000250e+02
4.671447000000000003e+02
4.671490000000000009e+02
4.680495000000000232e+02
4.680527500000000032e+02
4.800142000000000166e+02
4.800663499999999999e+02
4.809263000000000261e+02
4.809689500000000066e+02
4.811152999999999906e+02
4.813267000000000166e+02
4.814065499999999815e+02
4.819493499999999813e+02
4.845149999999999864e+02
4.887665000000000077e+02
4.889905499999999847e+02
4.996434499999999730e+02
4.996684999999999945e+02
5.031206500000000119e+02
5.043955000000000268e+02
5.047310499999999820e+02
5.052168500000000222e+02
5.082497000000000185e+02
5.161309499999999844e+02
5.161346999999999525e+02
5.166207000000000562e+02
5.233653000000000475e+02
5.296316000000000486e+02
5.301308000000000220e+02
5.335806000000000040e+02
5.375520999999999958e+02
5.383121499999999742e+02
5.393600500000000011e+02
5.425348000000000184e+02
5.440635999999999513e+02
5.465600500000000466e+02
5.493579499999999598e+02
5.515021500000000287e+02
5.553692999999999529e+02
5.637399000000000342e+02
5.640508499999999685e+02
5.649483500000000049e+02
5.650298999999999978e+02
5.653370999999999640e+02
5.666167500000000246e+02
5.676092999999999620e+02
