7.292399999999999771e+00
7.455750000000000099e+00
7.928149999999999586e+00
8.093500000000000583e+00
8.311099999999999710e+00
8.343799999999999883e+00
8.345549999999999358e+00
8.464000000000000412e+00
8.586499999999999133e+00
8.801199999999999690e+00
9.069449999999999790e+00
9.073949999999999960e+00
9.148550000000000182e+00
9.152549999999999741e+00
9.441100000000000492e+00
9.443899999999999295e+00
9.489549999999999486e+00
9.492749999999999133e+00
9.569950000000000401e+00
9.588800000000000878e+00
9.775700000000000500e+00
9.794499999999999318e+00
9.888249999999999318e+00
9.890100000000000335e+00
9.994149999999999423e+00
1.004659999999999975e+01
1.008665000000000056e+01
1.009319999999999951e+01
1.010500000000000043e+01
1.031589999999999918e+01
1.034275000000000055e+01
1.034779999999999944e+01
1.041264999999999930e+01
1.041535000000000011e+01
1.042714999999999925e+01
1.047569999999999979e+01
1.050965000000000060e+01
1.053030000000000044e+01
1.054814999999999969e+01
1.055564999999999998e+01
1.061364999999999981e+01
1.063860000000000028e+01
1.066385000000000005e+01
1.075200000000000067e+01
1.078035000000000032e+01
1.078289999999999971e+01
1.084314999999999962e+01
1.089574999999999960e+01
1.089899999999999913e+01
1.091670000000000051e+01
1.092554999999999943e+01
1.097184999999999988e+01
1.097719999999999985e+01
1.098830000000000062e+01
1.101239999999999952e+01
1.101495000000000068e+01
1.107055000000000078e+01
1.108300000000000018e+01
1.117500000000000071e+01
1.117805000000000071e+01
1.118074999999999974e+01
1.119555000000000078e+01
1.125024999999999942e+01
1.125404999999999944e+01
1.125549999999999962e+01
1.125820000000000043e+01
1.131165000000000020e+01
1.131894999999999918e+01
1.133065000000000033e+01
1.139489999999999981e+01
1.143019999999999925e+01
1.144425000000000026e+01
1.144655000000000022e+01
1.149450000000000038e+01
1.152234999999999943e+01
1.152430000000000021e+01
1.154165000000000063e+01
1.154664999999999964e+01
1.155204999999999949e+01
1.158479999999999954e+01
1.161819999999999986e+01
1.162615000000000087e+01
1.164985000000000070e+01
1.166910000000000025e+01
1.167350000000000065e+01
1.169379999999999953e+01
1.170710000000000051e+01
1.173179999999999978e+01
1.173700000000000010e+01
1.174489999999999945e+01
1.181504999999999939e+01
1.181859999999999999e+01
1.184844999999999970e+01
1.187715000000000032e+01
1.188574999999999982e+01
1.189954999999999963e+01
1.191174999999999962e+01
1.195144999999999946e+01
1.195504999999999995e+01
1.198409999999999975e+01
1.198760000000000048e+01
1.200820000000000043e+01
1.203800000000000026e+01
1.206194999999999951e+01
1.207659999999999911e+01
1.209259999999999913e+01
1.217004999999999981e+01
1.217275000000000063e+01
1.217880000000000074e+01
1.219089999999999918e+01
1.221695000000000064e+01
1.229390000000000072e+01
1.230039999999999978e+01
1.230860000000000021e+01
1.232515000000000072e+01
1.235829999999999984e+01
1.241319999999999979e+01
1.247349999999999959e+01
1.248460000000000036e+01
1.250685000000000002e+01
1.256095000000000006e+01
1.260355000000000025e+01
1.262875000000000014e+01
1.263504999999999967e+01
1.263729999999999976e+01
1.266200000000000081e+01
1.266769999999999996e+01
1.271775000000000055e+01
1.273414999999999964e+01
1.273905000000000065e+01
1.277350000000000030e+01
1.279294999999999938e+01
1.280250000000000021e+01
1.284500000000000064e+01
1.284919999999999973e+01
1.285144999999999982e+01
1.285435000000000016e+01
1.291489999999999938e+01
1.292890000000000050e+01
1.294030000000000058e+01
1.296850000000000058e+01
1.299205000000000076e+01
1.302844999999999942e+01
1.309639999999999915e+01
1.314625000000000021e+01
1.314985000000000070e+01
1.321690000000000076e+01
1.322044999999999959e+01
1.323499999999999943e+01
1.325060000000000038e+01
1.327255000000000074e+01
1.327544999999999931e+01
1.327699999999999925e+01
1.327960000000000029e+01
1.333885000000000076e+01
1.335040000000000049e+01
1.341435000000000066e+01
1.349174999999999969e+01
1.349520000000000053e+01
1.355214999999999925e+01
1.355625000000000036e+01
1.360214999999999996e+01
1.360940000000000083e+01
1.363294999999999924e+01
1.364134999999999920e+01
1.364364999999999917e+01
1.371645000000000003e+01
1.376295000000000002e+01
1.379920000000000080e+01
1.380155000000000065e+01
1.382155000000000022e+01
1.385885000000000034e+01
1.388330000000000020e+01
1.390390000000000015e+01
1.390559999999999974e+01
1.394839999999999947e+01
1.397644999999999982e+01
1.398039999999999949e+01
1.400220000000000020e+01
1.400985000000000014e+01
1.402030000000000065e+01
1.403054999999999986e+01
1.403555000000000064e+01
1.403785000000000061e+01
1.405219999999999914e+01
1.409505000000000052e+01
1.411890000000000001e+01
1.419764999999999944e+01
1.427984999999999971e+01
1.440584999999999916e+01
1.461989999999999945e+01
1.468624999999999936e+01
1.514889999999999937e+01
1.541460000000000008e+01
1.564770000000000039e+01
1.567960000000000065e+01
1.569064999999999976e+01
1.570659999999999989e+01
1.575629999999999953e+01
1.604384999999999906e+01
1.625165000000000148e+01
1.628665000000000163e+01
1.644340000000000046e+01
1.655825000000000102e+01
1.702710000000000079e+01
1.741120000000000090e+01
1.742470000000000141e+01
1.848185000000000144e+01
1.864134999999999920e+01
1.903875000000000028e+01
1.907590000000000074e+01
1.930440000000000111e+01
1.942245000000000132e+01
1.967914999999999992e+01
2.010934999999999917e+01
2.034684999999999988e+01
2.080709999999999837e+01
2.105440000000000111e+01
2.105750000000000099e+01
2.121849999999999881e+01
2.124204999999999899e+01
2.124555000000000149e+01
2.124745000000000061e+01
2.125069999999999837e+01
2.141175000000000139e+01
2.150300000000000011e+01
2.150550000000000139e+01
2.156749999999999901e+01
2.157770000000000010e+01
2.163060000000000116e+01
2.167295000000000016e+01
2.176845000000000141e+01
2.180274999999999963e+01
2.181180000000000163e+01
2.191420000000000101e+01
2.194095000000000084e+01
2.195364999999999966e+01
2.195935000000000059e+01
2.204350000000000165e+01
2.206824999999999903e+01
2.207150000000000034e+01
2.209450000000000003e+01
2.212600000000000122e+01
2.213204999999999956e+01
2.218714999999999904e+01
2.219010000000000105e+01
2.221114999999999995e+01
2.221705000000000041e+01
2.226010000000000133e+01
2.227070000000000149e+01
2.229585000000000150e+01
2.232385000000000019e+01
2.241744999999999877e+01
2.242449999999999832e+01
2.244819999999999993e+01
2.245504999999999995e+01
2.251910000000000167e+01
2.253500000000000014e+01
2.254050000000000153e+01
2.257799999999999940e+01
2.260559999999999903e+01
2.261495000000000033e+01
2.261854999999999905e+01
2.262365000000000137e+01
2.267630000000000123e+01
2.267790000000000106e+01
2.268700000000000117e+01
2.268819999999999837e+01
2.273590000000000089e+01
2.273979999999999890e+01
2.278900000000000148e+01
2.287344999999999828e+01
2.287665000000000148e+01
2.304080000000000084e+01
2.305730000000000146e+01
2.309369999999999834e+01
2.312120000000000175e+01
2.315790000000000148e+01
2.321590000000000131e+01
2.328539999999999921e+01
2.332434999999999903e+01
2.334029999999999916e+01
2.349234999999999829e+01
2.352665000000000006e+01
2.360895000000000010e+01
2.368244999999999933e+01
2.374204999999999899e+01
2.376705000000000112e+01
2.383575000000000088e+01
2.389369999999999905e+01
2.397074999999999889e+01
2.408824999999999861e+01
2.415670000000000073e+01
2.433980000000000032e+01
2.499034999999999940e+01
2.510190000000000055e+01
2.546099999999999852e+01
2.557414999999999949e+01
2.590514999999999901e+01
2.661814999999999998e+01
2.830584999999999951e+01
2.873014999999999830e+01
2.877959999999999852e+01
2.922605000000000075e+01
2.926685000000000159e+01
2.926960000000000051e+01
2.965660000000000096e+01
2.971464999999999890e+01
2.999109999999999943e+01
3.042865000000000109e+01
3.059110000000000085e+01
3.129054999999999964e+01
3.152094999999999914e+01
3.178294999999999959e+01
3.189460000000000051e+01
3.243885000000000218e+01
3.262465000000000259e+01
3.311605000000000132e+01
3.311760000000000304e+01
3.422919999999999874e+01
3.483939999999999770e+01
3.484214999999999662e+01
3.502024999999999721e+01
3.566555000000000319e+01
3.752459999999999951e+01
3.768045000000000044e+01
3.776140000000000185e+01
3.937539999999999907e+01
3.937810000000000343e+01
3.937890000000000157e+01
3.949685000000000201e+01
4.006660000000000110e+01
4.081269999999999953e+01
4.095024999999999693e+01
4.150999999999999801e+01
4.168504999999999683e+01
4.176304999999999978e+01
4.219604999999999961e+01
4.252649999999999864e+01
4.290655000000000285e+01
4.319639999999999702e+01
4.362595000000000312e+01
4.431334999999999980e+01
4.431730000000000302e+01
4.489054999999999751e+01
4.490229999999999677e+01
4.506719999999999970e+01
4.516109999999999758e+01
4.606629999999999825e+01
4.609394999999999953e+01
4.624560000000000315e+01
4.626474999999999937e+01
4.686540000000000106e+01
4.714175000000000182e+01
4.718585000000000207e+01
4.722784999999999656e+01
4.722899999999999920e+01
4.723409999999999798e+01
4.779274999999999807e+01
4.800715000000000288e+01
4.817009999999999792e+01
4.832249999999999801e+01
4.846385000000000076e+01
4.890509999999999735e+01
4.891700000000000159e+01
4.913470000000000226e+01
4.947925000000000040e+01
4.979975000000000307e+01
4.991749999999999687e+01
4.993220000000000169e+01
4.994174999999999898e+01
5.002720000000000056e+01
5.007009999999999650e+01
5.009770000000000323e+01
5.016205000000000069e+01
5.026154999999999973e+01
5.033010000000000161e+01
5.033319999999999794e+01
5.033574999999999733e+01
5.034485000000000099e+01
5.049539999999999651e+01
5.049864999999999782e+01
5.060694999999999766e+01
5.064710000000000178e+01
5.065679999999999694e+01
5.068299999999999983e+01
5.071885000000000332e+01
5.080469999999999686e+01
5.080599999999999739e+01
5.080729999999999791e+01
5.081269999999999953e+01
5.086574999999999847e+01
5.091694999999999993e+01
5.098145000000000238e+01
5.098310000000000031e+01
5.099249999999999972e+01
5.108004999999999995e+01
5.108599999999999852e+01
5.108764999999999645e+01
5.109409999999999741e+01
5.131340000000000146e+01
5.162924999999999898e+01
5.176684999999999803e+01
5.224569999999999936e+01
5.297509999999999764e+01
5.327875000000000227e+01
5.512019999999999698e+01
5.539614999999999867e+01
5.579404999999999859e+01
5.666145000000000209e+01
5.724025000000000318e+01
5.724145000000000039e+01
5.724284999999999712e+01
5.765529999999999688e+01
5.775415000000000276e+01
5.780519999999999925e+01
5.785649999999999693e+01
5.818254999999999910e+01
5.824219999999999686e+01
5.831940000000000168e+01
5.848919999999999675e+01
6.022404999999999831e+01
6.057795000000000130e+01
6.058310000000000173e+01
6.058494999999999919e+01
6.059089999999999776e+01
6.075325000000000131e+01
6.080774999999999864e+01
6.106430000000000291e+01
6.109190000000000254e+01
6.109624999999999773e+01
6.110849999999999937e+01
6.111314999999999742e+01
6.111789999999999878e+01
6.114889999999999759e+01
6.117560000000000286e+01
6.132379999999999853e+01
6.137839999999999918e+01
6.142779999999999774e+01
6.150419999999999732e+01
6.161225000000000307e+01
6.161740000000000350e+01
6.170575000000000188e+01
6.173194999999999766e+01
6.177595000000000169e+01
6.192629999999999768e+01
6.196009999999999707e+01
6.205239999999999867e+01
6.236975000000000335e+01
6.237980000000000302e+01
6.239045000000000130e+01
6.242880000000000251e+01
6.250894999999999868e+01
6.258794999999999931e+01
6.272885000000000133e+01
6.287109999999999843e+01
6.292314999999999969e+01
6.299360000000000070e+01
6.301350000000000051e+01
6.312574999999999648e+01
6.319174999999999898e+01
6.322870000000000346e+01
6.325500000000000256e+01
6.326444999999999652e+01
6.333120000000000260e+01
6.337525000000000119e+01
6.338969999999999771e+01
6.343254999999999910e+01
6.343469999999999942e+01
6.349734999999999729e+01
6.353649999999999665e+01
6.357524999999999693e+01
6.369019999999999726e+01
6.369474999999999909e+01
6.373610000000000042e+01
6.373819999999999908e+01
6.375744999999999862e+01
6.376124999999999687e+01
6.382844999999999658e+01
6.386144999999999783e+01
6.387590000000000146e+01
6.404699999999999704e+01
6.406059999999999377e+01
6.407170000000000698e+01
6.408384999999999820e+01
6.412069999999999936e+01
6.419344999999999857e+01
6.419604999999999961e+01
6.419750000000000512e+01
6.425405000000000655e+01
6.425934999999999775e+01
6.426120000000000232e+01
6.426239999999999952e+01
6.438445000000000107e+01
6.438715000000000543e+01
6.443030000000000257e+01
6.447650000000000148e+01
6.451460000000000150e+01
6.459054999999999325e+01
6.460075000000000500e+01
6.460490000000000066e+01
6.465255000000000507e+01
6.469830000000000325e+01
6.470690000000000452e+01
6.470919999999999561e+01
6.474469999999999459e+01
6.478010000000000446e+01
6.478305000000000291e+01
6.484234999999999616e+01
6.490054999999999552e+01
6.492010000000000502e+01
6.495475000000000421e+01
6.500315000000000509e+01
6.502559999999999718e+01
6.503319999999999368e+01
6.508740000000000236e+01
6.512725000000000364e+01
6.513049999999999784e+01
6.519554999999999723e+01
6.525679999999999836e+01
6.536100000000000421e+01
6.538870000000000005e+01
6.539579999999999416e+01
6.540130000000000621e+01
6.540385000000000559e+01
6.543330000000000268e+01
6.545610000000000639e+01
6.550499999999999545e+01
6.550929999999999609e+01
6.551149999999999807e+01
6.557120000000000459e+01
6.557399999999999807e+01
6.557625000000000171e+01
6.557850000000000534e+01
6.559529999999999461e+01
6.561310000000000286e+01
6.564159999999999684e+01
6.567600000000000193e+01
6.568470000000000653e+01
6.569100000000000250e+01
6.571790000000000020e+01
6.574479999999999791e+01
6.578700000000000614e+01
6.580029999999999291e+01
6.580670000000000641e+01
6.584860000000000468e+01
6.593680000000000518e+01
6.596989999999999554e+01
6.612864999999999327e+01
6.613105000000000189e+01
6.614900000000000091e+01
6.615120000000000289e+01
6.621859999999999502e+01
6.625305000000000177e+01
6.626375000000000171e+01
6.647875000000000512e+01
6.648040000000000305e+01
6.654064999999999941e+01
6.660859999999999559e+01
6.667794999999999561e+01
6.668009999999999593e+01
6.674795000000000300e+01
6.706040000000000134e+01
6.707569999999999766e+01
6.709170000000000300e+01
6.710030000000000427e+01
6.710335000000000605e+01
6.710999999999999943e+01
6.714775000000000205e+01
6.725979999999999848e+01
6.736020000000000607e+01
6.737484999999999502e+01
6.752554999999999552e+01
6.755264999999999986e+01
6.772329999999999472e+01
6.782604999999999507e+01
6.822764999999999702e+01
6.828839999999999577e+01
6.862269999999999470e+01
6.862834999999999752e+01
6.868614999999999782e+01
6.873295000000000243e+01
6.885644999999999527e+01
6.885814999999999486e+01
6.914919999999999334e+01
6.915130000000000621e+01
6.915224999999999511e+01
6.923329999999999984e+01
6.924920000000000186e+01
6.925284999999999513e+01
6.926675000000000182e+01
6.926980000000000359e+01
6.932885000000000275e+01
6.942225000000000534e+01
6.952195000000000391e+01
6.954155000000000086e+01
6.956770000000000209e+01
6.966434999999999889e+01
6.969540000000000646e+01
6.969915000000000305e+01
6.977089999999999748e+01
6.989634999999999820e+01
7.001210000000000377e+01
7.010920000000000130e+01
7.016179999999999950e+01
7.021574999999999989e+01
7.025839999999999463e+01
7.026885000000000048e+01
7.030474999999999852e+01
7.045820000000000505e+01
7.054040000000000532e+01
7.106600000000000250e+01
7.109269999999999357e+01
7.109470000000000312e+01
7.120565000000000566e+01
7.125820000000000221e+01
7.126059999999999661e+01
7.143640000000000612e+01
7.159770000000000323e+01
7.164470000000000027e+01
7.166500000000000625e+01
7.253225000000000477e+01
7.253820000000000334e+01
7.255925000000000580e+01
7.306974999999999909e+01
7.314289999999999736e+01
7.341984999999999673e+01
7.351754999999999995e+01
7.387579999999999814e+01
7.387744999999999607e+01
7.393850000000000477e+01
7.394155000000000655e+01
7.417744999999999322e+01
7.421755000000000280e+01
7.422969999999999402e+01
7.423205000000000098e+01
7.428494999999999493e+01
7.430219999999999914e+01
7.435580000000000211e+01
7.439915000000000589e+01
7.440635000000000332e+01
7.441445000000000221e+01
7.444129999999999825e+01
7.447289999999999566e+01
7.447750000000000625e+01
7.450145000000000550e+01
7.455535000000000423e+01
7.460434999999999661e+01
7.467565000000000452e+01
7.468309999999999604e+01
7.468449999999999989e+01
7.468675000000000352e+01
7.471179999999999666e+01
7.476335000000000264e+01
7.488245000000000573e+01
7.498160000000000025e+01
7.513280000000000314e+01
7.518505000000000393e+01
7.533195000000000618e+01
7.545940000000000225e+01
7.561525000000000318e+01
7.566864999999999952e+01
7.567409999999999570e+01
7.592404999999999404e+01
7.611254999999999882e+01
7.640045000000000641e+01
7.675854999999999961e+01
7.693930000000000291e+01
7.781489999999999441e+01
7.782264999999999588e+01
7.829680000000000462e+01
7.937165000000000248e+01
7.937489999999999668e+01
7.966225000000000023e+01
7.971110000000000184e+01
7.987279999999999802e+01
7.996755000000000280e+01
8.031704999999999472e+01
8.048484999999999445e+01
8.053145000000000664e+01
8.096339999999999293e+01
8.117404999999999404e+01
8.153539999999999566e+01
8.256345000000000312e+01
8.275525000000000375e+01
8.320040000000000191e+01
8.332084999999999297e+01
8.381985000000000241e+01
8.401494999999999891e+01
8.468760000000000332e+01
8.485970000000000368e+01
8.491374999999999318e+01
8.522384999999999877e+01
8.546739999999999782e+01
8.550350000000000250e+01
8.629500000000000171e+01
8.630665000000000475e+01
8.631334999999999980e+01
8.698234999999999673e+01
8.717315000000000680e+01
8.735944999999999538e+01
8.759159999999999968e+01
8.833350000000000080e+01
9.065534999999999854e+01
9.066020000000000323e+01
9.066674999999999329e+01
9.117194999999999538e+01
9.140810000000000457e+01
9.149195000000000277e+01
9.150180000000000291e+01
9.255434999999999945e+01
9.271920000000000073e+01
9.393425000000000580e+01
9.426725000000000421e+01
9.482970000000000255e+01
9.483259999999999934e+01
9.483865000000000123e+01
9.505745000000000289e+01
9.560705000000000098e+01
9.560944999999999538e+01
9.618474999999999397e+01
9.618940000000000623e+01
9.654649999999999466e+01
9.659995000000000687e+01
9.660259999999999536e+01
9.660484999999999900e+01
9.660734999999999673e+01
9.662460000000000093e+01
9.669729999999999848e+01
9.761315000000000452e+01
9.838875000000000171e+01
9.899675000000000580e+01
9.910240000000000293e+01
9.917095000000000482e+01
9.919214999999999804e+01
9.938984999999999559e+01
9.939194999999999425e+01
1.001360499999999973e+02
1.008809499999999986e+02
1.014227000000000061e+02
1.022018000000000058e+02
1.023932999999999964e+02
1.027493500000000068e+02
1.033622000000000014e+02
1.033880999999999943e+02
1.034462000000000046e+02
1.039129999999999967e+02
1.039616500000000059e+02
1.040129500000000036e+02
1.043601500000000044e+02
1.043643500000000017e+02
1.043863000000000056e+02
1.043905000000000030e+02
1.045594999999999999e+02
1.050241500000000059e+02
1.057279500000000070e+02
1.058104000000000013e+02
1.059124000000000052e+02
1.060915999999999997e+02
1.062493999999999943e+02
1.062510999999999939e+02
1.064270999999999958e+02
1.067913000000000068e+02
1.068054499999999933e+02
1.071410500000000070e+02
1.072839500000000044e+02
1.074796000000000049e+02
1.074944500000000005e+02
1.079376000000000033e+02
1.080404500000000070e+02
1.096311000000000035e+02
1.097887499999999932e+02
1.098623000000000047e+02
1.100336999999999961e+02
1.103676999999999992e+02
1.105943000000000040e+02
1.111954999999999956e+02
1.113242500000000064e+02
1.113255000000000052e+02
1.114489999999999981e+02
1.115229499999999945e+02
1.116919999999999931e+02
1.122319999999999993e+02
1.125075499999999948e+02
1.128278499999999980e+02
1.131107499999999959e+02
1.132796000000000021e+02
1.132854999999999990e+02
1.135663499999999999e+02
1.136761999999999944e+02
1.139495500000000021e+02
1.139549499999999966e+02
1.142042000000000002e+02
1.148272999999999939e+02
1.149223499999999945e+02
1.156448500000000053e+02
1.156547500000000070e+02
1.165636999999999972e+02
1.166076999999999941e+02
1.168847999999999985e+02
1.168963999999999999e+02
1.168975499999999954e+02
1.169026000000000067e+02
1.176478000000000037e+02
1.176936500000000052e+02
1.180909500000000065e+02
1.184903500000000065e+02
1.193819000000000017e+02
1.198984499999999969e+02
1.199005499999999955e+02
1.199042000000000030e+02
1.203360500000000002e+02
1.204973499999999973e+02
1.210127999999999986e+02
1.212669999999999959e+02
1.229603000000000037e+02
1.231735500000000059e+02
1.233048000000000002e+02
1.233461999999999961e+02
1.237837999999999994e+02
1.237861500000000063e+02
1.239238000000000000e+02
1.239274499999999932e+02
1.239433499999999952e+02
1.240453499999999991e+02
1.242067499999999995e+02
1.243083500000000043e+02
1.245232000000000028e+02
1.249963999999999942e+02
1.254761000000000024e+02
1.254913499999999971e+02
1.255966999999999985e+02
1.257425000000000068e+02
1.261537000000000006e+02
1.263294000000000068e+02
1.263367499999999950e+02
1.263869499999999988e+02
1.263965500000000048e+02
1.268872499999999945e+02
1.278564499999999953e+02
1.281929499999999962e+02
1.286086500000000115e+02
1.286108999999999867e+02
1.286875499999999874e+02
1.292593500000000120e+02
1.293453499999999963e+02
1.293468499999999892e+02
1.295516000000000076e+02
1.295538999999999987e+02
1.303587499999999864e+02
1.317879499999999950e+02
1.324056500000000085e+02
1.337752000000000123e+02
1.337844000000000051e+02
1.337877000000000010e+02
1.337900500000000079e+02
1.338936500000000080e+02
1.339723500000000058e+02
1.339833500000000015e+02
1.345201000000000136e+02
1.346366999999999905e+02
1.347527499999999918e+02
1.348633000000000095e+02
1.348643999999999892e+02
1.349841999999999871e+02
1.349932499999999891e+02
1.355308499999999867e+02
1.356802999999999884e+02
1.363814999999999884e+02
1.363827499999999873e+02
1.364219999999999970e+02
1.364647500000000093e+02
1.365149499999999989e+02
1.365981999999999914e+02
1.367690499999999929e+02
1.367987500000000125e+02
1.368042000000000087e+02
1.369112000000000080e+02
1.369618000000000109e+02
1.369676000000000045e+02
1.369762000000000057e+02
1.370184999999999889e+02
1.370233000000000061e+02
1.370755499999999927e+02
1.373003500000000088e+02
1.373023499999999899e+02
1.373825500000000090e+02
1.374367499999999893e+02
1.375754000000000019e+02
1.376600500000000125e+02
1.377897000000000105e+02
1.378163000000000125e+02
1.378507999999999925e+02
1.380860999999999876e+02
1.381927499999999895e+02
1.389568999999999903e+02
1.389595999999999947e+02
1.390355999999999881e+02
1.390843500000000006e+02
1.399073999999999955e+02
1.399210999999999956e+02
1.405747000000000071e+02
1.405775999999999897e+02
1.406908500000000117e+02
1.408918999999999926e+02
1.410974500000000091e+02
1.411435999999999922e+02
1.417093500000000006e+02
1.421539500000000089e+02
1.421940999999999917e+02
1.427233999999999980e+02
1.427280000000000086e+02
1.441613499999999988e+02
1.443548999999999864e+02
1.445423499999999990e+02
1.446819999999999879e+02
1.454190499999999986e+02
1.456273500000000070e+02
1.460342499999999859e+02
1.461919499999999914e+02
1.463944999999999936e+02
1.463968000000000131e+02
1.464004999999999939e+02
1.465146000000000015e+02
1.469160500000000127e+02
1.469252999999999929e+02
1.472392999999999859e+02
1.474011500000000012e+02
1.478651000000000124e+02
1.478704500000000053e+02
1.482277499999999861e+02
1.482781500000000108e+02
1.485001000000000033e+02
1.491410999999999945e+02
1.494451500000000124e+02
1.495497000000000014e+02
1.495513500000000136e+02
1.498514999999999873e+02
1.498614499999999907e+02
1.500328000000000088e+02
1.504384000000000015e+02
1.506336499999999887e+02
1.509572499999999877e+02
1.510685499999999877e+02
1.513053500000000042e+02
1.513857000000000141e+02
1.514553500000000099e+02
1.519334000000000060e+02
1.519406500000000051e+02
1.520284499999999923e+02
1.528543500000000108e+02
1.528589000000000055e+02
1.528607499999999959e+02
1.529087499999999977e+02
1.529842500000000030e+02
1.531010499999999865e+02
1.531019499999999880e+02
1.536229500000000030e+02
1.536259000000000015e+02
1.536339999999999861e+02
1.545350500000000125e+02
1.545493999999999915e+02
1.545992999999999995e+02
1.547188999999999908e+02
1.547265500000000031e+02
1.547297499999999957e+02
1.549308499999999924e+02
1.551871500000000026e+02
1.552770999999999901e+02
1.552797500000000070e+02
1.552830999999999904e+02
1.557775499999999909e+02
1.559725999999999999e+02
1.565358999999999980e+02
1.567073499999999910e+02
1.584496000000000038e+02
1.586698499999999967e+02
1.593119499999999960e+02
1.594929999999999950e+02
1.599743499999999869e+02
1.601249500000000126e+02
1.601520999999999901e+02
1.610192499999999995e+02
1.610225000000000080e+02
1.610242000000000075e+02
1.617031000000000063e+02
1.617072000000000003e+02
1.622615000000000123e+02
1.623118000000000052e+02
1.624749500000000069e+02
1.627414499999999862e+02
1.632965499999999963e+02
1.643548999999999864e+02
1.643605000000000018e+02
1.643778000000000077e+02
1.649030999999999949e+02
1.649071999999999889e+02
1.649797499999999957e+02
1.655423000000000116e+02
1.659147000000000105e+02
1.660539499999999862e+02
1.665725999999999942e+02
1.665774000000000115e+02
1.666667500000000075e+02
1.672172500000000070e+02
1.674202999999999975e+02
1.674214499999999930e+02
1.678259500000000060e+02
1.678403500000000008e+02
1.679088999999999885e+02
1.683112999999999886e+02
1.685149999999999864e+02
1.685198000000000036e+02
1.688735000000000070e+02
1.691922000000000139e+02
1.691955000000000098e+02
1.696438499999999863e+02
1.700212500000000091e+02
1.700293499999999938e+02
1.700339999999999918e+02
1.702704500000000110e+02
1.705694000000000017e+02
1.706092500000000030e+02
1.709889000000000010e+02
1.709950000000000045e+02
1.715580999999999960e+02
1.718300000000000125e+02
1.720706000000000131e+02
1.723678999999999917e+02
1.724819500000000119e+02
1.724839000000000055e+02
1.741251499999999908e+02
1.741848999999999990e+02
1.746441499999999962e+02
1.751862500000000011e+02
1.756100999999999885e+02
1.758447500000000048e+02
1.761374999999999886e+02
1.762684000000000140e+02
1.762752499999999998e+02
1.764469499999999869e+02
1.769596500000000106e+02
1.774115500000000054e+02
1.774158500000000060e+02
1.777329499999999882e+02
1.783540500000000009e+02
1.788759499999999889e+02
1.788781999999999925e+02
1.788809500000000128e+02
1.790104000000000042e+02
1.790413499999999942e+02
1.791904999999999859e+02
1.792132000000000005e+02
1.792173999999999978e+02
1.795406999999999869e+02
1.796646499999999946e+02
1.798119499999999960e+02
1.798656000000000006e+02
1.803942499999999995e+02
1.806296499999999980e+02
1.810646500000000003e+02
1.811448499999999910e+02
1.811529500000000041e+02
1.816248500000000092e+02
1.816963000000000079e+02
1.819196499999999901e+02
1.829005500000000097e+02
1.834103499999999940e+02
1.834493999999999971e+02
1.836217000000000041e+02
1.837433000000000050e+02
1.840146000000000015e+02
1.840163000000000011e+02
1.840200000000000102e+02
1.840962000000000103e+02
1.843773999999999944e+02
1.846227000000000089e+02
1.846395500000000141e+02
1.847299999999999898e+02
1.847313000000000045e+02
1.849322999999999979e+02
1.853052000000000135e+02
1.861202000000000112e+02
1.861261499999999955e+02
1.871788500000000113e+02
1.871812999999999931e+02
1.873197499999999991e+02
1.875322500000000048e+02
1.875879999999999939e+02
1.879229499999999859e+02
1.885771000000000015e+02
1.888249000000000137e+02
1.888728499999999997e+02
1.895543000000000120e+02
1.896276000000000010e+02
1.896354000000000042e+02
1.896718500000000063e+02
1.904213000000000022e+02
1.906154500000000098e+02
1.906410500000000070e+02
1.906426500000000033e+02
1.908968000000000131e+02
1.909009000000000071e+02
1.911262000000000114e+02
1.913654500000000098e+02
1.917571499999999958e+02
1.917793499999999938e+02
1.917824500000000114e+02
1.917861499999999921e+02
1.922224500000000091e+02
1.924014500000000112e+02
1.929000499999999931e+02
1.931528999999999883e+02
1.932633999999999901e+02
1.934762499999999932e+02
1.934786499999999876e+02
1.934810999999999979e+02
1.935433999999999912e+02
1.935515000000000043e+02
1.935541000000000054e+02
1.936008999999999958e+02
1.936040000000000134e+02
1.936498499999999865e+02
1.937198999999999955e+02
1.937677999999999940e+02
1.937695500000000095e+02
1.944971500000000049e+02
1.950615500000000111e+02
1.950657500000000084e+02
1.950746000000000038e+02
1.952155999999999949e+02
1.952336500000000115e+02
1.952375499999999988e+02
1.952524999999999977e+02
1.952600500000000068e+02
1.953286999999999978e+02
1.954516500000000008e+02
1.954969499999999982e+02
1.961057999999999879e+02
1.965427500000000123e+02
1.978270500000000141e+02
1.982298000000000116e+02
1.983480500000000006e+02
1.984569500000000062e+02
1.988957499999999925e+02
1.989025499999999909e+02
1.989565000000000055e+02
1.990712000000000046e+02
1.991180500000000109e+02
1.992215999999999951e+02
1.999211999999999989e+02
2.001910499999999900e+02
2.005259499999999946e+02
2.005355500000000006e+02
2.009403499999999951e+02
2.009611999999999910e+02
2.009867000000000132e+02
2.016636499999999899e+02
2.021753999999999962e+02
2.025843000000000131e+02
2.026499000000000024e+02
2.026534499999999923e+02
2.026576499999999896e+02
2.029293499999999995e+02
2.030149999999999864e+02
2.030165499999999952e+02
2.030200000000000102e+02
2.032999000000000080e+02
2.033024499999999932e+02
2.034111000000000047e+02
2.034253999999999962e+02
2.034347500000000082e+02
2.034377499999999941e+02
2.036895000000000095e+02
2.038486499999999921e+02
2.039575000000000102e+02
2.039625499999999931e+02
2.040834000000000117e+02
2.042924500000000023e+02
2.042934500000000071e+02
2.042969999999999970e+02
2.044350499999999897e+02
2.046352500000000134e+02
2.046439000000000021e+02
2.050152500000000089e+02
2.050975999999999999e+02
2.059704000000000121e+02
2.062746999999999957e+02
2.065638500000000022e+02
2.067141499999999894e+02
2.068571499999999901e+02
2.069549499999999966e+02
2.074077499999999930e+02
2.075361000000000047e+02
2.075920999999999879e+02
2.075955500000000029e+02
2.076739499999999907e+02
2.076779999999999973e+02
2.077916999999999916e+02
2.077949000000000126e+02
2.083747500000000059e+02
2.084852500000000077e+02
2.084883499999999970e+02
2.084917499999999961e+02
2.085307999999999993e+02
2.092021499999999889e+02
2.096018500000000131e+02
2.096077500000000100e+02
2.097066499999999962e+02
2.097161999999999864e+02
2.103454499999999996e+02
2.104630999999999972e+02
2.104686499999999967e+02
2.105330500000000029e+02
2.106974500000000035e+02
2.109518500000000074e+02
2.109558000000000106e+02
2.111649999999999920e+02
2.114537500000000136e+02
2.117180500000000052e+02
2.121391999999999882e+02
2.122761000000000138e+02
2.122838000000000136e+02
2.122896000000000072e+02
2.122918500000000108e+02
2.125432999999999879e+02
2.125478999999999985e+02
2.125569000000000131e+02
2.126594499999999925e+02
2.126621000000000095e+02
2.126711500000000115e+02
2.127382499999999936e+02
2.139837499999999864e+02
2.146040000000000134e+02
2.148037500000000080e+02
2.148265000000000100e+02
2.150039999999999907e+02
2.155942000000000007e+02
2.155987000000000080e+02
2.156013000000000090e+02
2.156049999999999898e+02
2.156962499999999920e+02
2.156988000000000056e+02
2.160158999999999878e+02
2.161371499999999912e+02
2.161483499999999935e+02
2.163421500000000037e+02
2.163917500000000018e+02
2.165528999999999940e+02
2.168733499999999879e+02
2.168754999999999882e+02
2.172000500000000045e+02
2.172069999999999936e+02
2.172078999999999951e+02
2.174313999999999965e+02
2.174344499999999982e+02
2.174514000000000067e+02
2.176310000000000002e+02
2.185554500000000075e+02
2.185584000000000060e+02
2.186120500000000106e+02
2.186151499999999999e+02
2.186432499999999948e+02
2.186941500000000076e+02
2.187606499999999983e+02
2.188660999999999888e+02
2.188812499999999943e+02
2.190372000000000128e+02
2.192481500000000096e+02
2.192497500000000059e+02
2.192520000000000095e+02
2.193723500000000115e+02
2.193768000000000029e+02
2.194096999999999866e+02
2.194124999999999943e+02
2.194223499999999945e+02
2.194355500000000063e+02
2.194447999999999865e+02
2.198169000000000040e+02
2.199108999999999980e+02
2.199137499999999932e+02
2.199166999999999916e+02
2.202223999999999933e+02
2.202255499999999984e+02
2.202320499999999868e+02
2.202338000000000022e+02
2.206522999999999968e+02
2.206551000000000045e+02
2.206578499999999963e+02
2.208989500000000135e+02
2.211391500000000008e+02
2.212453999999999894e+02
2.213338500000000124e+02
2.213369500000000016e+02
2.213408000000000015e+02
2.217160000000000082e+02
2.217182500000000118e+02
2.217233500000000106e+02
2.217276500000000112e+02
2.218172999999999888e+02
2.219459500000000105e+02
2.219484500000000082e+02
2.219515000000000100e+02
2.219531000000000063e+02
2.219575499999999977e+02
2.221683500000000038e+02
2.222606000000000108e+02
2.223500999999999976e+02
2.224111000000000047e+02
2.224128000000000043e+02
2.225454000000000008e+02
2.225473499999999945e+02
2.225501500000000021e+02
2.225531499999999880e+02
2.229046500000000037e+02
2.232322499999999934e+02
2.235640500000000088e+02
2.238220499999999902e+02
2.238249999999999886e+02
2.239250499999999988e+02
2.242034999999999911e+02
2.242086500000000058e+02
2.242185000000000059e+02
2.242208500000000129e+02
2.243291000000000111e+02
2.243360500000000002e+02
2.243434000000000026e+02
2.244202500000000100e+02
2.245037000000000091e+02
2.245192000000000121e+02
2.245240499999999884e+02
2.247997499999999889e+02
2.248387999999999920e+02
2.248751499999999908e+02
2.249834500000000048e+02
2.249902500000000032e+02
2.250739499999999964e+02
2.251749499999999955e+02
2.251844499999999982e+02
2.251897999999999911e+02
2.251930999999999869e+02
2.252531500000000051e+02
2.252555000000000121e+02
2.252571499999999958e+02
2.252590999999999894e+02
2.252724499999999921e+02
2.253945999999999970e+02
2.254294999999999902e+02
2.257137999999999920e+02
2.258930499999999881e+02
2.260640500000000088e+02
2.260687499999999943e+02
2.265636499999999955e+02
2.271125499999999988e+02
2.274923499999999876e+02
2.275963500000000010e+02
2.275988000000000113e+02
2.276012000000000057e+02
2.276042999999999950e+02
2.276145500000000084e+02
2.276321499999999958e+02
2.279693000000000040e+02
2.280587999999999909e+02
2.280651000000000010e+02
2.281767999999999859e+02
2.281811500000000024e+02
2.281954499999999939e+02
2.283581000000000074e+02
2.283607499999999959e+02
2.284545999999999992e+02
2.284579500000000110e+02
2.288488499999999988e+02
2.288514000000000124e+02
2.289387000000000114e+02
2.289447999999999865e+02
2.289521000000000015e+02
2.289846499999999878e+02
2.292582500000000039e+02
2.293108000000000004e+02
2.295808000000000106e+02
2.298471999999999866e+02
2.298515999999999906e+02
2.300782000000000096e+02
2.300807000000000073e+02
2.302336500000000115e+02
2.302387500000000102e+02
2.303950000000000102e+02
2.304989500000000078e+02
2.306649500000000046e+02
2.306674999999999898e+02
2.306699999999999875e+02
2.308245499999999879e+02
2.308296499999999867e+02
2.308325000000000102e+02
2.309301000000000101e+02
2.310769500000000107e+02
2.310811500000000080e+02
2.310848499999999888e+02
2.310976499999999874e+02
2.311003499999999917e+02
2.311844499999999982e+02
2.311877000000000066e+02
2.311898999999999944e+02
2.312961999999999989e+02
2.314693499999999915e+02
2.315930500000000052e+02
2.316879999999999882e+02
2.316909499999999866e+02
2.317611499999999864e+02
2.319737499999999955e+02
2.320378000000000043e+02
2.322567999999999984e+02
2.322582999999999913e+02
2.325940500000000100e+02
2.326996499999999912e+02
2.327301999999999964e+02
2.330897500000000093e+02
2.331878000000000100e+02
2.331898500000000070e+02
2.332848500000000058e+02
2.333383000000000038e+02
2.333409499999999923e+02
2.333473999999999933e+02
2.335948500000000081e+02
2.335974999999999966e+02
2.336139499999999884e+02
2.336735999999999933e+02
2.337301999999999964e+02
2.338145499999999970e+02
2.338198999999999899e+02
2.339180499999999938e+02
2.339238499999999874e+02
2.339293000000000120e+02
2.339379000000000133e+02
2.339821000000000026e+02
2.339876999999999896e+02
2.339910000000000139e+02
2.341276000000000010e+02
2.344547000000000025e+02
2.345412499999999909e+02
2.347187999999999874e+02
2.352174500000000137e+02
2.352205500000000029e+02
2.352229000000000099e+02
2.352260499999999865e+02
2.353873499999999979e+02
2.354403499999999951e+02
2.355038000000000125e+02
2.355064500000000010e+02
2.357685999999999922e+02
2.358299499999999966e+02
2.361445999999999970e+02
2.361461999999999932e+02
2.363413999999999930e+02
2.363434000000000026e+02
2.364406500000000051e+02
2.364431500000000028e+02
2.367313000000000045e+02
2.367409000000000106e+02
2.367437999999999931e+02
2.367638000000000034e+02
2.369478000000000009e+02
2.369502999999999986e+02
2.370011000000000081e+02
2.370278999999999883e+02
2.370497499999999889e+02
2.370658500000000117e+02
2.373516999999999939e+02
2.373555000000000064e+02
2.374037500000000023e+02
2.374193500000000085e+02
2.376275500000000136e+02
2.376321000000000083e+02
2.377527499999999918e+02
2.378495499999999936e+02
2.379833999999999889e+02
2.379875499999999988e+02
2.381473499999999888e+02
2.381519000000000119e+02
2.381837500000000034e+02
2.384561500000000080e+02
2.385107999999999890e+02
2.385173499999999933e+02
2.385215000000000032e+02
2.386340999999999894e+02
2.386366500000000030e+02
2.388923000000000059e+02
2.388995500000000050e+02
2.390258000000000038e+02
2.390641999999999996e+02
2.392435499999999990e+02
2.392461500000000001e+02
2.392557500000000061e+02
2.392575999999999965e+02
2.392610999999999990e+02
2.394421499999999980e+02
2.394446000000000083e+02
2.394469499999999869e+02
2.394483500000000049e+02
2.394641499999999894e+02
2.394705999999999904e+02
2.397487999999999886e+02
2.399216499999999996e+02
2.399682500000000118e+02
2.399772499999999980e+02
2.400833499999999958e+02
2.400974999999999966e+02
2.400999999999999943e+02
2.401055000000000064e+02
2.402091000000000065e+02
2.402221000000000117e+02
2.403711500000000001e+02
2.403729999999999905e+02
2.404098999999999933e+02
2.404148000000000138e+02
2.404595999999999947e+02
2.405218000000000131e+02
2.405742999999999938e+02
2.405771499999999889e+02
2.405944499999999948e+02
2.406885499999999922e+02
2.410946500000000015e+02
2.412289499999999975e+02
2.413843999999999994e+02
2.413874000000000137e+02
2.415892499999999927e+02
2.415931999999999960e+02
2.416706499999999949e+02
2.417443499999999972e+02
2.419234999999999900e+02
2.419473000000000127e+02
2.420335499999999911e+02
2.420384999999999991e+02
2.424462000000000046e+02
2.424483500000000049e+02
2.424511500000000126e+02
2.426759000000000128e+02
2.427732000000000028e+02
2.428298000000000059e+02
2.428938499999999863e+02
2.429113000000000113e+02
2.433131500000000074e+02
2.433312999999999988e+02
2.433368000000000109e+02
2.433431500000000085e+02
2.435472499999999911e+02
2.435550000000000068e+02
2.436172500000000127e+02
2.438248000000000104e+02
2.438323000000000036e+02
2.439009499999999946e+02
2.439386000000000081e+02
2.439413999999999874e+02
2.439609000000000094e+02
2.439637500000000045e+02
2.439867500000000007e+02
2.439888500000000136e+02
2.440683500000000095e+02
2.440710500000000138e+02
2.440749999999999886e+02
2.442247999999999877e+02
2.443448500000000081e+02
2.447050999999999874e+02
2.447087500000000091e+02
2.447840500000000077e+02
2.448240999999999872e+02
2.448549500000000023e+02
2.448650000000000091e+02
2.448702999999999861e+02
2.449372500000000059e+02
2.449723999999999933e+02
2.450118500000000097e+02
2.450146000000000015e+02
2.450177999999999940e+02
2.451556500000000085e+02
2.451621499999999969e+02
2.452162500000000023e+02
2.453215999999999894e+02
2.453316000000000088e+02
2.453813000000000102e+02
2.455614999999999952e+02
2.455646500000000003e+02
2.455679000000000087e+02
2.455710500000000138e+02
2.457024999999999864e+02
2.458948000000000036e+02
2.459383500000000140e+02
2.459640499999999861e+02
2.459767999999999972e+02
2.461495500000000050e+02
2.461769500000000050e+02
2.463511000000000024e+02
2.463552999999999997e+02
2.464356999999999971e+02
2.465168999999999926e+02
2.465193999999999903e+02
2.465271999999999935e+02
2.466933500000000095e+02
2.472088500000000124e+02
2.473694000000000131e+02
2.474181499999999971e+02
2.474218500000000063e+02
2.474307000000000016e+02
2.475096499999999935e+02
2.475114499999999964e+02
2.475138499999999908e+02
2.476127999999999929e+02
2.476157499999999914e+02
2.476179500000000075e+02
2.476202999999999861e+02
2.476353499999999883e+02
2.476494000000000142e+02
2.476637499999999932e+02
2.477977999999999952e+02
2.479607000000000028e+02
2.480207499999999925e+02
2.481357999999999890e+02
2.481465499999999906e+02
2.481622999999999877e+02
2.483198999999999899e+02
2.483606000000000051e+02
2.483635500000000036e+02
2.483665499999999895e+02
2.483935999999999922e+02
2.488226500000000101e+02
2.489388999999999896e+02
2.489405999999999892e+02
2.490405000000000086e+02
2.490435999999999979e+02
2.490474000000000103e+02
2.490498000000000047e+02
2.490574499999999887e+02
2.490598500000000115e+02
2.492468000000000075e+02
2.493137999999999863e+02
2.495288999999999930e+02
2.497342999999999904e+02
2.497759000000000071e+02
2.501504999999999939e+02
2.501628499999999917e+02
2.504753000000000043e+02
2.504846499999999878e+02
2.507767000000000053e+02
2.511005000000000109e+02
2.511586000000000070e+02
2.516424000000000092e+02
2.516450000000000102e+02
2.516495500000000050e+02
2.516596000000000117e+02
2.516624500000000069e+02
2.518130500000000040e+02
2.518780500000000018e+02
2.518803000000000054e+02
2.518831500000000005e+02
2.518887000000000000e+02
2.519541499999999985e+02
2.519932000000000016e+02
2.520202500000000043e+02
2.520223499999999888e+02
2.520287500000000023e+02
2.520310499999999934e+02
2.520394000000000005e+02
2.521893499999999904e+02
2.521938499999999976e+02
2.521964499999999987e+02
2.522062500000000114e+02
2.522199500000000114e+02
2.522230500000000006e+02
2.522262499999999932e+02
2.522703500000000076e+02
2.522732000000000028e+02
2.522774499999999875e+02
2.523565000000000111e+02
2.525118999999999971e+02
2.526408999999999878e+02
2.526889500000000055e+02
2.527119999999999891e+02
2.528095999999999890e+02
2.529396500000000003e+02
2.529598000000000013e+02
2.530363000000000113e+02
2.531387499999999875e+02
2.535670000000000073e+02
2.535700999999999965e+02
2.535728000000000009e+02
2.535773499999999956e+02
2.535801999999999907e+02
2.536751999999999896e+02
2.536878499999999974e+02
2.536906500000000051e+02
2.537853499999999940e+02
2.537912000000000035e+02
2.537941999999999894e+02
2.539130999999999858e+02
2.540244000000000142e+02
2.541972000000000094e+02
2.542000500000000045e+02
2.542028500000000122e+02
2.543945500000000095e+02
2.544665500000000122e+02
2.545091999999999928e+02
2.545237999999999943e+02
2.546779999999999973e+02
2.547333500000000015e+02
2.547359999999999900e+02
2.547412999999999954e+02
2.548249999999999886e+02
2.552045500000000118e+02
2.552364000000000033e+02
2.553310500000000047e+02
2.553342499999999973e+02
2.553377999999999872e+02
2.554174999999999898e+02
2.561313000000000102e+02
2.561336999999999762e+02
2.561360000000000241e+02
2.561407500000000255e+02
2.561969000000000278e+02
2.563027500000000032e+02
2.566199500000000171e+02
2.567753500000000031e+02
2.568049500000000194e+02
2.568070999999999913e+02
2.568126500000000192e+02
2.568627999999999929e+02
2.568655499999999847e+02
2.568706500000000119e+02
2.571041999999999916e+02
2.572694500000000062e+02
2.573075999999999794e+02
2.574020499999999743e+02
2.574053000000000111e+02
2.575063000000000102e+02
2.575124999999999886e+02
2.575799499999999966e+02
2.575861499999999751e+02
2.580342499999999859e+02
2.581402499999999804e+02
2.581473500000000172e+02
2.581495499999999765e+02
2.581519499999999994e+02
2.581553000000000111e+02
2.582128999999999905e+02
2.582170499999999720e+02
2.582199499999999830e+02
2.583344999999999914e+02
2.583565500000000270e+02
2.583585499999999797e+02
2.583611000000000217e+02
2.583799000000000206e+02
2.585333499999999844e+02
2.585360000000000014e+02
2.586800499999999943e+02
2.588410000000000082e+02
2.589726499999999874e+02
2.590322499999999764e+02
2.590554500000000075e+02
2.590582999999999743e+02
2.592567999999999984e+02
2.593395499999999743e+02
2.593468500000000176e+02
2.594359999999999786e+02
2.594395000000000095e+02
2.594456000000000131e+02
2.594574499999999944e+02
2.598704500000000053e+02
2.598769500000000221e+02
2.600738499999999931e+02
2.601019499999999880e+02
2.601525500000000193e+02
2.601557000000000244e+02
2.602072499999999877e+02
2.605036499999999933e+02
2.609354999999999905e+02
2.611680999999999813e+02
2.611769499999999766e+02
2.614515000000000100e+02
2.614540499999999952e+02
2.614565999999999804e+02
2.614576000000000136e+02
2.614639999999999986e+02
2.614676000000000045e+02
2.615704000000000065e+02
2.615792500000000018e+02
2.617921000000000049e+02
2.618285500000000070e+02
2.618311499999999796e+02
2.618374000000000024e+02
2.619443499999999858e+02
2.622037000000000262e+02
2.624469500000000153e+02
2.625154999999999745e+02
2.625504000000000246e+02
2.627774999999999750e+02
2.630620999999999867e+02
2.634314499999999839e+02
2.634802500000000123e+02
2.634812499999999886e+02
2.635887500000000045e+02
2.640437000000000012e+02
2.640634999999999764e+02
2.641417999999999893e+02
2.642239999999999895e+02
2.644355499999999779e+02
2.647699999999999818e+02
2.648477500000000191e+02
2.648496000000000095e+02
2.650027999999999793e+02
2.650556000000000267e+02
2.653607000000000085e+02
2.653620500000000106e+02
2.653639999999999759e+02
2.656349999999999909e+02
2.656375499999999761e+02
2.657637500000000159e+02
2.657821000000000140e+02
2.657866000000000213e+02
2.658944500000000062e+02
2.659729500000000257e+02
2.659805999999999813e+02
2.660113999999999805e+02
2.660138000000000034e+02
2.660161499999999819e+02
2.660192999999999870e+02
2.660996000000000095e+02
2.661188500000000090e+02
2.661250000000000000e+02
2.663077499999999986e+02
2.663122999999999934e+02
2.665340499999999793e+02
2.665810500000000047e+02
2.665919000000000096e+02
2.670325000000000273e+02
2.674617000000000075e+02
2.676293000000000006e+02
2.676349999999999909e+02
2.676373500000000263e+02
2.676394500000000107e+02
2.676528999999999883e+02
2.677841000000000236e+02
2.677868500000000154e+02
2.677896000000000072e+02
2.677932999999999879e+02
2.678978000000000179e+02
2.678998500000000149e+02
2.679007500000000164e+02
2.682879500000000235e+02
2.683876000000000204e+02
2.685439499999999953e+02
2.687593499999999835e+02
2.687854500000000257e+02
2.687885499999999865e+02
2.688276999999999930e+02
2.688795499999999947e+02
2.689063499999999749e+02
2.689141500000000065e+02
2.692797499999999786e+02
2.693600999999999885e+02
2.693912500000000136e+02
2.694420999999999822e+02
2.694793000000000234e+02
2.694944499999999721e+02
2.697006000000000085e+02
2.701116000000000099e+02
2.702597999999999843e+02
2.702674999999999841e+02
2.702705500000000143e+02
2.702733000000000061e+02
2.703643500000000017e+02
2.703670000000000186e+02
2.703736499999999978e+02
2.703782499999999800e+02
2.707416499999999928e+02
2.707808999999999742e+02
2.708168499999999881e+02
2.709532500000000255e+02
2.709561499999999796e+02
2.711231500000000096e+02
2.711279499999999985e+02
2.711317000000000235e+02
2.713435000000000059e+02
2.714657000000000266e+02
2.714708499999999844e+02
2.716035499999999843e+02
2.716082999999999856e+02
2.718066999999999780e+02
2.720327500000000214e+02
2.721705499999999915e+02
2.730431500000000256e+02
2.732393000000000143e+02
2.733161000000000058e+02
2.737719500000000039e+02
2.739300499999999943e+02
2.740794000000000210e+02
2.743684000000000083e+02
2.744637000000000171e+02
2.745622000000000185e+02
2.746653999999999769e+02
2.746926000000000272e+02
2.746974000000000160e+02
2.747561499999999910e+02
2.747640999999999849e+02
2.747696000000000254e+02
2.748951999999999884e+02
2.750645499999999970e+02
2.750676000000000272e+02
2.750711000000000013e+02
2.753294999999999959e+02
2.753362999999999943e+02
2.757442500000000223e+02
2.759119499999999903e+02
2.762895500000000197e+02
2.766224500000000148e+02
2.769545499999999834e+02
2.769826499999999783e+02
2.769838500000000181e+02
2.769899500000000216e+02
2.780769000000000233e+02
2.780797999999999774e+02
2.788275499999999738e+02
2.788303000000000225e+02
2.788337000000000216e+02
2.789381500000000074e+02
2.792421499999999810e+02
2.795709499999999821e+02
2.795721500000000219e+02
2.796906000000000176e+02
2.797055500000000166e+02
2.797988500000000158e+02
2.798492499999999836e+02
2.804450499999999806e+02
2.804497499999999945e+02
2.806847999999999956e+02
2.810085500000000138e+02
2.811266499999999837e+02
2.811308999999999969e+02
2.813398500000000126e+02
2.817794000000000096e+02
2.823129999999999882e+02
2.825480000000000018e+02
2.825870499999999765e+02
2.828471499999999992e+02
2.828722999999999956e+02
2.831548000000000229e+02
2.832472999999999956e+02
2.832502999999999815e+02
2.832570999999999799e+02
2.834517000000000166e+02
2.837158499999999890e+02
2.837195500000000266e+02
2.840898000000000252e+02
2.841592999999999734e+02
2.842524500000000103e+02
2.846207999999999743e+02
2.852567000000000235e+02
2.853432500000000118e+02
2.853489999999999895e+02
2.853550999999999931e+02
2.855343500000000176e+02
2.855678500000000213e+02
2.862766500000000178e+02
2.867033000000000129e+02
2.868845000000000027e+02
2.870308999999999742e+02
2.872590500000000020e+02
2.872678500000000099e+02
2.873373500000000149e+02
2.873407500000000141e+02
2.875378499999999917e+02
2.878673499999999876e+02
2.879259500000000003e+02
2.882563499999999976e+02
2.882620499999999879e+02
2.885890499999999861e+02
2.886052000000000248e+02
2.886547499999999786e+02
2.887169499999999971e+02
2.887203499999999963e+02
2.889203499999999849e+02
2.890498000000000047e+02
2.890605499999999779e+02
2.892452000000000112e+02
2.897214000000000169e+02
2.899103000000000065e+02
2.899131499999999733e+02
2.899317500000000223e+02
2.900140499999999975e+02
2.903213999999999828e+02
2.907228499999999940e+02
2.907237499999999955e+02
2.907266000000000190e+02
2.913261499999999842e+02
2.913294999999999959e+02
2.914476999999999975e+02
2.915294499999999971e+02
2.918639000000000010e+02
2.923638000000000261e+02
2.923686500000000024e+02
2.928333999999999833e+02
2.941164999999999736e+02
2.941227999999999838e+02
2.942423499999999876e+02
2.946711000000000240e+02
2.951906500000000051e+02
2.954246999999999730e+02
2.961424499999999966e+02
2.963983999999999810e+02
2.964578999999999951e+02
2.967774000000000001e+02
2.967998999999999796e+02
2.971190500000000156e+02
2.971318499999999858e+02
2.975864500000000135e+02
2.975902500000000259e+02
2.983784499999999866e+02
2.985187500000000114e+02
2.985239000000000260e+02
2.990405000000000086e+02
2.994230499999999893e+02
3.003831500000000005e+02
3.003849999999999909e+02
3.005419999999999732e+02
3.011084999999999923e+02
3.012819000000000074e+02
3.014048999999999978e+02
3.014082500000000095e+02
3.024277000000000157e+02
3.027721000000000231e+02
3.028971999999999980e+02
3.030712500000000205e+02
3.032291500000000042e+02
3.032323999999999842e+02
3.032973499999999945e+02
3.034337499999999750e+02
3.034365500000000111e+02
3.036150000000000091e+02
3.038156999999999925e+02
3.038299000000000092e+02
3.038331999999999766e+02
3.038748499999999808e+02
3.039073000000000206e+02
3.039137499999999932e+02
3.039571000000000254e+02
3.039597999999999729e+02
3.039655999999999949e+02
3.039848000000000070e+02
3.039904999999999973e+02
3.040633000000000266e+02
3.042736499999999751e+02
3.043497499999999718e+02
3.043675499999999943e+02
3.045631000000000199e+02
3.046153499999999781e+02
3.048478499999999940e+02
3.048761000000000081e+02
3.048785500000000184e+02
3.048935500000000047e+02
3.049441499999999792e+02
3.049463999999999828e+02
3.049578500000000076e+02
3.049603000000000179e+02
3.050749999999999886e+02
3.051091000000000122e+02
3.052585500000000138e+02
3.053459500000000162e+02
3.053482999999999947e+02
3.054126999999999725e+02
3.054377499999999941e+02
3.054701999999999771e+02
3.055782500000000255e+02
3.058077999999999861e+02
3.058919000000000210e+02
3.059057500000000118e+02
3.059112999999999829e+02
3.059188500000000204e+02
3.059959000000000060e+02
3.060742999999999938e+02
3.061077000000000226e+02
3.063113999999999919e+02
3.063709000000000060e+02
3.063783500000000117e+02
3.064147500000000264e+02
3.064915500000000179e+02
3.066868000000000052e+02
3.066877999999999815e+02
3.069008000000000038e+02
3.072130500000000097e+02
3.073186499999999910e+02
3.073231999999999857e+02
3.075326999999999771e+02
3.076121499999999855e+02
3.076438999999999737e+02
3.077644000000000233e+02
3.078813999999999851e+02
3.079137499999999932e+02
3.079363500000000045e+02
3.079958500000000186e+02
3.079972999999999956e+02
3.080878000000000156e+02
3.081346500000000219e+02
3.081397999999999797e+02
3.084105500000000006e+02
3.084470499999999902e+02
3.085332999999999970e+02
3.085727499999999850e+02
3.085829499999999825e+02
3.085874000000000024e+02
3.086074499999999716e+02
3.086856000000000222e+02
3.087244000000000028e+02
3.088491999999999962e+02
3.088899000000000115e+02
3.089234000000000151e+02
3.089870000000000232e+02
3.090153000000000247e+02
3.090178999999999974e+02
3.090282000000000266e+02
3.091279000000000110e+02
3.092173000000000229e+02
3.092848999999999933e+02
3.095733500000000049e+02
3.098053499999999758e+02
3.098065000000000282e+02
3.098965000000000032e+02
3.100178500000000099e+02
3.100593000000000075e+02
3.100613000000000170e+02
3.100629500000000007e+02
3.100684499999999844e+02
3.103539499999999975e+02
3.104624000000000024e+02
3.105138499999999908e+02
3.105319999999999823e+02
3.105731999999999857e+02
3.109641500000000178e+02
3.111286999999999807e+02
3.111378500000000145e+02
3.113031500000000165e+02
3.113172500000000014e+02
3.113217999999999961e+02
3.115821000000000254e+02
3.115867999999999824e+02
3.115971999999999866e+02
3.119157999999999902e+02
3.120697999999999865e+02
3.121326999999999998e+02
3.123557000000000130e+02
3.126644999999999754e+02
3.129528500000000122e+02
3.131323499999999740e+02
3.133371000000000208e+02
3.134035499999999956e+02
3.134065499999999815e+02
3.134488499999999931e+02
3.134540499999999952e+02
3.134823499999999967e+02
3.136170999999999935e+02
3.136796499999999810e+02
3.136811500000000024e+02
3.137302500000000123e+02
3.137450499999999920e+02
3.137559999999999718e+02
3.137724999999999795e+02
3.137887499999999932e+02
3.138075000000000045e+02
3.139143000000000256e+02
3.139356999999999971e+02
3.140869000000000142e+02
3.142013499999999908e+02
3.143423500000000104e+02
3.144361000000000104e+02
3.144450499999999806e+02
3.144467000000000212e+02
3.144522999999999797e+02
3.145248000000000275e+02
3.145303000000000111e+02
3.145779999999999745e+02
3.145954500000000280e+02
3.146027500000000146e+02
3.146607000000000198e+02
3.146670500000000175e+02
3.147801499999999919e+02
3.148496499999999969e+02
3.149618500000000267e+02
3.150697000000000116e+02
3.151164999999999736e+02
3.151921500000000265e+02
3.152281500000000278e+02
3.154042499999999905e+02
3.154200500000000034e+02
3.154228499999999826e+02
3.154245000000000232e+02
3.154320000000000164e+02
3.155076999999999998e+02
3.159706499999999778e+02
3.159764000000000124e+02
3.161947000000000116e+02
3.161981499999999983e+02
3.162013999999999783e+02
3.162693499999999744e+02
3.162999500000000239e+02
3.164710000000000036e+02
3.166800000000000068e+02
3.166823999999999728e+02
3.168125499999999874e+02
3.168286499999999819e+02
3.168611000000000217e+02
3.168658500000000231e+02
3.168926500000000033e+02
3.170527999999999906e+02
3.170858499999999935e+02
3.172611999999999739e+02
3.173177999999999770e+02
3.174141999999999939e+02
3.174179500000000189e+02
3.174255499999999870e+02
3.174280499999999847e+02
3.175373500000000035e+02
3.175432500000000005e+02
3.175819000000000187e+02
3.175941000000000258e+02
3.179664500000000089e+02
3.179762999999999806e+02
3.183032999999999788e+02
3.184428500000000213e+02
3.185172999999999774e+02
3.185285999999999831e+02
3.186151500000000283e+02
3.189051000000000045e+02
3.190912999999999897e+02
3.191053999999999746e+02
3.191284499999999866e+02
3.191370000000000005e+02
3.192085500000000025e+02
3.192418999999999869e+02
3.192830999999999904e+02
3.193174500000000080e+02
3.193823499999999740e+02
3.194266999999999825e+02
3.194317500000000223e+02
3.194418000000000006e+02
3.195552999999999884e+02
3.197729499999999803e+02
3.197830999999999904e+02
3.199465500000000020e+02
3.199773000000000138e+02
3.199931500000000142e+02
3.200744500000000130e+02
3.201424499999999966e+02
3.201543500000000222e+02
3.202337999999999738e+02
3.202439499999999839e+02
3.202586000000000013e+02
3.203423500000000104e+02
3.209596500000000106e+02
3.210815999999999804e+02
3.211888000000000147e+02
3.212001000000000204e+02
3.212351499999999760e+02
3.212395999999999958e+02
3.212412499999999795e+02
3.218219500000000153e+02
3.218961499999999774e+02
3.219085499999999911e+02
3.219479000000000042e+02
3.220132500000000277e+02
3.220159499999999753e+02
3.221125999999999863e+02
3.221709000000000174e+02
3.222905499999999961e+02
3.222927999999999997e+02
3.224366499999999860e+02
3.226213999999999942e+02
3.227069500000000062e+02
3.227989999999999782e+02
3.228036999999999921e+02
3.229154500000000212e+02
3.229180000000000064e+02
3.229196999999999775e+02
3.229764000000000124e+02
3.232325500000000034e+02
3.232901499999999828e+02
3.234593499999999722e+02
3.234644000000000119e+02
3.235758500000000026e+02
3.235970500000000243e+02
3.238025499999999965e+02
3.242927999999999997e+02
3.242954500000000166e+02
3.245737500000000182e+02
3.247384999999999877e+02
3.251659000000000219e+02
3.251700500000000034e+02
3.252950000000000159e+02
3.252975000000000136e+02
3.256220999999999890e+02
3.257075500000000261e+02
3.257735999999999876e+02
3.257771000000000186e+02
3.258909499999999753e+02
3.259623500000000149e+02
3.260291000000000281e+02
3.260857500000000186e+02
3.261118500000000040e+02
3.261168999999999869e+02
3.261182000000000016e+02
3.261553999999999860e+02
3.261802500000000009e+02
3.262314499999999953e+02
3.262378499999999804e+02
3.263215000000000146e+02
3.263659999999999854e+02
3.263736000000000104e+02
3.264689999999999941e+02
3.264723999999999933e+02
3.265002000000000066e+02
3.265024000000000228e+02
3.265166500000000269e+02
3.265239000000000260e+02
3.265284500000000207e+02
3.265321500000000015e+02
3.265821000000000254e+02
3.267133999999999787e+02
3.267244999999999777e+02
3.267318500000000085e+02
3.267925500000000056e+02
3.267964999999999804e+02
3.268056500000000142e+02
3.268582499999999982e+02
3.268672000000000253e+02
3.269547000000000025e+02
3.269703499999999963e+02
3.270088999999999828e+02
3.270217499999999973e+02
3.270255500000000097e+02
3.270945500000000266e+02
3.271754000000000246e+02
3.271905499999999734e+02
3.272126000000000090e+02
3.272660500000000070e+02
3.274166000000000167e+02
3.275028500000000236e+02
3.275046500000000265e+02
3.275870499999999765e+02
3.276082999999999856e+02
3.276123000000000047e+02
3.276454499999999825e+02
3.277715000000000032e+02
3.279096000000000117e+02
3.279407499999999800e+02
3.279710000000000036e+02
3.279903499999999781e+02
3.280678500000000213e+02
3.280714500000000271e+02
3.281331999999999880e+02
3.281600500000000125e+02
3.282742000000000075e+02
3.282826499999999896e+02
3.282925000000000182e+02
3.283627500000000055e+02
3.283823499999999740e+02
3.284242499999999723e+02
3.284919499999999744e+02
3.285031000000000176e+02
3.285380000000000109e+02
3.285430999999999813e+02
3.286825499999999920e+02
3.287744000000000142e+02
3.287833499999999844e+02
3.288266499999999724e+02
3.288964500000000157e+02
3.289110999999999763e+02
3.289447999999999865e+02
3.289565999999999804e+02
3.291213999999999942e+02
3.291241999999999734e+02
3.292289999999999850e+02
3.294589500000000157e+02
3.294757500000000050e+02
3.295455999999999790e+02
3.295915499999999838e+02
3.296148499999999899e+02
3.296178499999999758e+02
3.296557000000000244e+02
3.297484499999999912e+02
3.298878000000000270e+02
3.300621499999999742e+02
3.300647500000000036e+02
3.300701500000000124e+02
3.303700499999999920e+02
3.305142000000000166e+02
3.305194999999999936e+02
3.305260000000000105e+02
3.305613000000000170e+02
3.305638999999999896e+02
3.305916000000000281e+02
3.305998999999999910e+02
3.306794499999999744e+02
3.306816000000000031e+02
3.306854500000000030e+02
3.307404000000000224e+02
3.307560500000000161e+02
3.310484500000000025e+02
3.316644999999999754e+02
3.318795999999999822e+02
3.319638499999999794e+02
3.324215500000000247e+02
3.359046999999999912e+02
3.372947500000000218e+02
3.372980999999999767e+02
3.374700000000000273e+02
3.381128499999999804e+02
3.381197999999999979e+02
3.381225000000000023e+02
3.381268499999999904e+02
3.381284499999999866e+02
3.384984999999999786e+02
3.388933499999999981e+02
3.389805000000000064e+02
3.396408500000000004e+02
3.398583499999999731e+02
3.399653999999999883e+02
3.401636500000000183e+02
3.402284500000000094e+02
3.403798499999999763e+02
3.406777999999999906e+02
3.417591499999999769e+02
3.421445499999999811e+02
3.421862499999999727e+02
3.439170500000000175e+02
3.441545499999999720e+02
3.449820500000000152e+02
3.449893999999999892e+02
3.451390499999999975e+02
3.454048500000000104e+02
3.459257999999999811e+02
3.459303499999999758e+02
3.460865999999999758e+02
3.461410000000000196e+02
3.461849000000000274e+02
3.461924500000000080e+02
3.462574999999999932e+02
3.463813499999999976e+02
3.463916500000000269e+02
3.463932500000000232e+02
3.464021500000000060e+02
3.464791000000000167e+02
3.465570999999999913e+02
3.466678999999999746e+02
3.467337499999999864e+02
3.467537500000000250e+02
3.468045000000000186e+02
3.468129000000000133e+02
3.468182499999999777e+02
3.468217999999999961e+02
3.468281999999999812e+02
3.468319500000000062e+02
3.468719500000000266e+02
3.469122499999999718e+02
3.470187999999999988e+02
3.470249499999999898e+02
3.470326000000000022e+02
3.470349499999999807e+02
3.470638999999999896e+02
3.470983499999999822e+02
3.471066000000000145e+02
3.471134000000000128e+02
3.471187499999999773e+02
3.472102499999999736e+02
3.473892999999999915e+02
3.474037000000000148e+02
3.475106000000000108e+02
3.475677999999999770e+02
3.476027500000000146e+02
3.476103499999999826e+02
3.476425500000000284e+02
3.476456000000000017e+02
3.477092000000000098e+02
3.477241500000000087e+02
3.477277000000000271e+02
3.477653500000000122e+02
3.477715999999999781e+02
3.478265000000000100e+02
3.478382500000000164e+02
3.479508999999999901e+02
3.481460500000000025e+02
3.481476499999999987e+02
3.481523500000000126e+02
3.481557000000000244e+02
3.481892000000000280e+02
3.482767000000000053e+02
3.482794999999999845e+02
3.482918999999999983e+02
3.483029000000000224e+02
3.483058500000000208e+02
3.483658500000000231e+02
3.484239999999999782e+02
3.484295000000000186e+02
3.484420999999999822e+02
3.484655000000000200e+02
3.484694499999999948e+02
3.485083999999999946e+02
3.486134500000000003e+02
3.486278500000000236e+02
3.486890500000000088e+02
3.486933999999999969e+02
3.487139999999999986e+02
3.488505499999999984e+02
3.489100500000000125e+02
3.489502499999999827e+02
3.490752499999999827e+02
3.491358000000000175e+02
3.491549999999999727e+02
3.491720500000000129e+02
3.491952499999999873e+02
3.492829500000000280e+02
3.493596000000000004e+02
3.494225000000000136e+02
3.494888500000000136e+02
3.495670000000000073e+02
3.495720000000000027e+02
3.495794000000000210e+02
3.495839500000000157e+02
3.496070500000000152e+02
3.496496500000000083e+02
3.496569499999999948e+02
3.496598000000000184e+02
3.496769499999999766e+02
3.496794499999999744e+02
3.497426500000000260e+02
3.498077000000000112e+02
3.498186000000000035e+02
3.498643999999999892e+02
3.502022000000000048e+02
3.502383500000000254e+02
3.502429999999999950e+02
3.502660000000000196e+02
3.502748000000000275e+02
3.502764999999999986e+02
3.503134499999999889e+02
3.503391500000000178e+02
3.503440499999999815e+02
3.505708000000000197e+02
3.507203999999999837e+02
3.507238500000000272e+02
3.507939499999999953e+02
3.511970499999999902e+02
3.520962999999999852e+02
3.521111500000000092e+02
3.523901500000000055e+02
3.525509000000000128e+02
3.525543499999999995e+02
3.525557499999999891e+02
3.530971999999999866e+02
3.533369000000000142e+02
3.534907999999999788e+02
3.535391999999999939e+02
3.537023500000000240e+02
3.540109499999999798e+02
3.567740000000000009e+02
3.570523000000000025e+02
3.570576500000000237e+02
3.572341499999999996e+02
3.572356500000000210e+02
3.582021500000000174e+02
3.587900999999999954e+02
3.595037500000000250e+02
3.597970500000000129e+02
3.610004500000000007e+02
3.614463999999999828e+02
3.620279499999999757e+02
3.620303999999999860e+02
3.620597500000000082e+02
3.622550499999999829e+02
3.623902499999999804e+02
3.626474499999999921e+02
3.627887000000000057e+02
3.628568000000000211e+02
3.630079000000000065e+02
3.630190000000000055e+02
3.630469499999999812e+02
3.630953999999999837e+02
3.631078499999999849e+02
3.632103000000000179e+02
3.634087999999999852e+02
3.635513000000000261e+02
3.635896000000000186e+02
3.636383500000000026e+02
3.636552500000000236e+02
3.637887999999999806e+02
3.640117500000000064e+02
3.640138999999999783e+02
3.640226499999999987e+02
3.644516499999999724e+02
3.644566500000000246e+02
3.651916499999999814e+02
3.651936499999999910e+02
3.653127499999999941e+02
3.653383999999999787e+02
3.654098999999999933e+02
3.655656000000000176e+02
3.655687500000000227e+02
3.655699000000000183e+02
3.672791000000000281e+02
3.672830500000000029e+02
3.675274000000000001e+02
3.676752000000000180e+02
3.683569499999999834e+02
3.691224000000000274e+02
3.695441999999999894e+02
3.695473999999999819e+02
3.696553000000000111e+02
3.700024000000000228e+02
3.700146500000000174e+02
3.702719000000000165e+02
3.708614000000000033e+02
3.712864000000000146e+02
3.714698999999999955e+02
3.714742499999999836e+02
3.714755999999999858e+02
3.721451999999999884e+02
3.727102499999999736e+02
3.727112500000000068e+02
3.729585999999999899e+02
3.730304499999999734e+02
3.732934500000000071e+02
3.732989999999999782e+02
3.736567000000000007e+02
3.736973499999999717e+02
3.737369499999999789e+02
3.739118000000000279e+02
3.740661000000000058e+02
3.741659500000000094e+02
3.744028000000000134e+02
3.744762499999999932e+02
3.744834500000000048e+02
3.744889999999999759e+02
3.746650999999999954e+02
3.746915500000000065e+02
3.747832999999999970e+02
3.748220999999999776e+02
3.748514499999999998e+02
3.748733500000000163e+02
3.749202000000000226e+02
3.749214999999999804e+02
3.750065999999999917e+02
3.750103500000000167e+02
3.750541000000000054e+02
3.750568499999999972e+02
3.750774999999999864e+02
3.751501000000000090e+02
3.753595000000000255e+02
3.753833999999999946e+02
3.757728500000000054e+02
3.757751000000000090e+02
3.760242000000000075e+02
3.764250999999999863e+02
3.764290500000000179e+02
3.764313000000000216e+02
3.766213500000000067e+02
3.769056499999999801e+02
3.772685000000000173e+02
3.772717999999999847e+02
3.774413000000000125e+02
3.779523500000000240e+02
3.785656999999999925e+02
3.785713999999999828e+02
3.792936500000000137e+02
3.792955000000000041e+02
3.795566999999999780e+02
3.795598499999999831e+02
3.801080999999999790e+02
3.802833999999999719e+02
3.802864000000000146e+02
3.808106000000000222e+02
3.809024999999999750e+02
3.809402000000000044e+02
3.819988500000000045e+02
3.822324499999999716e+02
3.823606500000000210e+02
3.830520000000000209e+02
3.830535499999999729e+02
3.839057999999999993e+02
3.839187999999999761e+02
3.844354999999999905e+02
3.854975499999999897e+02
3.859339499999999816e+02
3.861804000000000201e+02
3.861831000000000245e+02
3.861848499999999831e+02
3.870841500000000224e+02
3.872605500000000234e+02
3.874061500000000251e+02
3.880031000000000176e+02
3.880047000000000139e+02
3.880221999999999980e+02
3.885517500000000268e+02
3.890425000000000182e+02
3.890480000000000018e+02
3.893324499999999944e+02
3.893355999999999995e+02
3.893365499999999884e+02
3.895187999999999988e+02
3.914202999999999975e+02
3.914221000000000004e+02
3.924048999999999978e+02
3.924171000000000049e+02
3.942410499999999729e+02
3.943139499999999771e+02
3.943863499999999931e+02
3.944021999999999935e+02
3.946904499999999985e+02
3.949409999999999741e+02
3.949635999999999854e+02
3.949802500000000123e+02
3.957370999999999981e+02
3.958098499999999831e+02
3.958906000000000063e+02
3.960917499999999905e+02
3.974220000000000255e+02
3.974253499999999804e+02
3.977851999999999748e+02
3.977875500000000102e+02
3.984607500000000186e+02
3.984828999999999724e+02
3.985756499999999960e+02
3.992971000000000004e+02
3.999247500000000173e+02
4.000882500000000164e+02
4.000894000000000119e+02
4.001135499999999752e+02
4.002525499999999852e+02
4.002581999999999880e+02
4.002649499999999989e+02
4.007580500000000256e+02
4.007815499999999815e+02
4.018040500000000179e+02
4.020184499999999730e+02
4.020289999999999964e+02
4.025015500000000088e+02
4.025037500000000250e+02
4.046988000000000056e+02
4.068441000000000258e+02
4.071564500000000066e+02
4.072438000000000216e+02
4.075074000000000183e+02
4.075379500000000235e+02
4.076424499999999966e+02
4.076435500000000047e+02
4.076467000000000098e+02
4.076487999999999943e+02
4.076509500000000230e+02
4.077503500000000258e+02
4.079098000000000184e+02
4.079120500000000220e+02
4.079196999999999775e+02
4.080451499999999783e+02
4.080527999999999906e+02
4.080541499999999928e+02
4.081967000000000212e+02
4.082645999999999731e+02
4.082931500000000256e+02
4.083171500000000265e+02
4.083207499999999754e+02
4.083310000000000173e+02
4.083745999999999867e+02
4.083854499999999916e+02
4.085020000000000095e+02
4.085615999999999985e+02
4.085636499999999955e+02
4.085693499999999858e+02
4.086288000000000125e+02
4.086347999999999843e+02
4.086854000000000156e+02
4.086965500000000020e+02
4.087472500000000082e+02
4.087497999999999934e+02
4.087952000000000226e+02
4.088023000000000025e+02
4.090611999999999853e+02
4.090649500000000103e+02
4.090680500000000279e+02
4.091927000000000021e+02
4.098120499999999993e+02
4.098208500000000072e+02
4.107774499999999875e+02
4.107812000000000126e+02
4.115801999999999907e+02
4.117487499999999727e+02
4.119088499999999726e+02
4.119135999999999740e+02
4.119175999999999931e+02
4.121759999999999877e+02
4.130665000000000191e+02
4.134071999999999889e+02
4.136683499999999754e+02
4.136725000000000136e+02
4.136735499999999774e+02
4.136747500000000173e+02
4.141627500000000168e+02
4.141911000000000058e+02
4.144098500000000058e+02
4.149599000000000046e+02
4.150278999999999883e+02
4.150412499999999909e+02
4.154995499999999993e+02
4.158518500000000131e+02
4.160086999999999762e+02
4.162296999999999798e+02
4.163013000000000261e+02
4.163278500000000122e+02
4.163288000000000011e+02
4.163340999999999781e+02
4.165397500000000264e+02
4.165412499999999909e+02
4.166073999999999842e+02
4.167232000000000198e+02
4.167265499999999747e+02
4.167281500000000278e+02
4.167611999999999739e+02
4.168389999999999986e+02
4.168673999999999751e+02
4.169454999999999814e+02
4.169480500000000234e+02
4.169703999999999837e+02
4.169945999999999913e+02
4.169956500000000119e+02
4.170076999999999998e+02
4.170163499999999885e+02
4.171435500000000047e+02
4.171601499999999874e+02
4.171624499999999784e+02
4.172418499999999995e+02
4.172443499999999972e+02
4.174354999999999905e+02
4.174399999999999977e+02
4.175737500000000182e+02
4.176775000000000091e+02
4.176965500000000020e+02
4.177293999999999983e+02
4.178048999999999751e+02
4.179494500000000130e+02
4.179879999999999995e+02
4.179912499999999795e+02
4.180344999999999800e+02
4.181035499999999843e+02
4.181692499999999768e+02
4.181703999999999724e+02
4.182119500000000016e+02
4.182572000000000116e+02
4.183464500000000044e+02
4.184610500000000002e+02
4.185665500000000065e+02
4.186748999999999796e+02
4.187074999999999818e+02
4.188068499999999972e+02
4.189842499999999745e+02
4.189943000000000097e+02
4.190405000000000086e+02
4.193104500000000030e+02
4.194212499999999864e+02
4.199307999999999765e+02
4.202165499999999838e+02
4.206634000000000242e+02
4.209544500000000085e+02
4.220386500000000183e+02
4.224336500000000001e+02
4.227300500000000056e+02
4.227334000000000174e+02
4.227513000000000147e+02
4.240697499999999991e+02
4.243678499999999758e+02
4.243914500000000203e+02
4.244180000000000064e+02
4.250079499999999939e+02
4.250106499999999983e+02
4.251247500000000059e+02
4.261378500000000145e+02
4.267001500000000078e+02
4.267032500000000255e+02
4.271410999999999945e+02
4.275432999999999879e+02
4.279816500000000019e+02
4.279847500000000196e+02
4.282689500000000180e+02
4.284883500000000254e+02
4.286440499999999929e+02
4.287487499999999727e+02
4.296090500000000247e+02
4.296961000000000013e+02
4.310493999999999915e+02
4.313308499999999981e+02
4.316590499999999793e+02
4.316647500000000264e+02
4.316717499999999745e+02
4.320523499999999899e+02
4.321879000000000133e+02
4.323627000000000180e+02
4.326850000000000023e+02
4.333025000000000091e+02
4.341537500000000023e+02
4.350491499999999974e+02
4.353213000000000079e+02
4.357359500000000025e+02
4.358435499999999934e+02
4.384871999999999730e+02
4.394458999999999946e+02
4.398097999999999956e+02
4.399481999999999857e+02
4.402284500000000094e+02
4.409279000000000224e+02
4.412829500000000280e+02
4.412850999999999999e+02
4.414918000000000120e+02
4.415199499999999944e+02
4.418693999999999846e+02
4.418724000000000274e+02
4.418744500000000244e+02
4.420151500000000055e+02
4.424207999999999856e+02
4.431833500000000186e+02
4.431997499999999945e+02
4.442493499999999926e+02
4.444879000000000246e+02
4.447259500000000116e+02
4.454581000000000017e+02
4.456360500000000116e+02
4.459764499999999998e+02
4.460413500000000226e+02
4.460593000000000075e+02
4.462226499999999874e+02
4.462804499999999734e+02
4.463057000000000016e+02
4.468278999999999996e+02
4.468301999999999907e+02
4.468324499999999944e+02
4.468458499999999844e+02
4.468867000000000189e+02
4.468893499999999790e+02
4.471247999999999934e+02
4.471272000000000162e+02
4.471342500000000086e+02
4.481173499999999876e+02
4.481818000000000097e+02
4.484203499999999849e+02
4.492533000000000243e+02
4.492667000000000144e+02
4.495020499999999970e+02
4.496930500000000279e+02
4.497036499999999819e+02
4.497092499999999973e+02
4.499272000000000276e+02
4.499476500000000101e+02
4.502364499999999907e+02
4.511788000000000238e+02
4.512597499999999968e+02
4.514035999999999831e+02
4.514049999999999727e+02
4.517459000000000060e+02
4.519864000000000033e+02
4.520269999999999868e+02
4.530088999999999828e+02
4.530235999999999876e+02
4.533478000000000065e+02
4.537257000000000176e+02
4.546110499999999774e+02
4.546949000000000183e+02
4.550516499999999951e+02
4.550567500000000223e+02
4.572466499999999883e+02
4.576093500000000063e+02
4.577475499999999897e+02
4.589230499999999893e+02
4.591492000000000075e+02
4.599571000000000254e+02
4.605370500000000220e+02
4.605938499999999749e+02
4.605975500000000125e+02
4.606401000000000181e+02
4.610545999999999935e+02
4.612590000000000146e+02
4.620102499999999850e+02
4.631574499999999830e+02
4.635686999999999784e+02
4.637269999999999754e+02
4.637307000000000130e+02
4.637814999999999941e+02
4.640917999999999779e+02
4.643285500000000070e+02
4.645921000000000163e+02
4.654195000000000277e+02
4.654250999999999863e+02
4.660541999999999803e+02
4.663040500000000179e+02
4.663133000000000266e+02
4.666496500000000083e+02
4.667393999999999892e+02
4.681981000000000108e+02
4.686902499999999918e+02
4.687445500000000038e+02
4.690885499999999979e+02
4.693464000000000169e+02
4.700962499999999977e+02
4.706675500000000056e+02
4.710368500000000154e+02
4.719460000000000264e+02
4.725862999999999943e+02
4.726843499999999949e+02
4.726963999999999828e+02
4.728568500000000085e+02
4.730212000000000216e+02
4.730735999999999990e+02
4.731725500000000011e+02
4.744855000000000018e+02
4.750356499999999755e+02
4.750922499999999786e+02
4.752821999999999889e+02
4.752837999999999852e+02
4.753106500000000096e+02
4.764014000000000237e+02
4.775382500000000050e+02
4.781875499999999874e+02
4.792341999999999871e+02
4.792582499999999754e+02
4.792595499999999902e+02
4.793700000000000045e+02
4.793730499999999779e+02
4.793756500000000074e+02
4.793816499999999792e+02
4.794217499999999745e+02
4.794273000000000025e+02
4.794307999999999765e+02
4.794714000000000169e+02
4.794744999999999777e+02
4.795093499999999835e+02
4.795894000000000119e+02
4.796423500000000217e+02
4.798278000000000247e+02
4.798906000000000063e+02
4.800128500000000145e+02
4.800676500000000146e+02
4.800711499999999887e+02
4.801981499999999983e+02
4.802019999999999982e+02
4.802081999999999766e+02
4.802198500000000081e+02
4.803036500000000046e+02
4.803113500000000045e+02
4.803641000000000076e+02
4.804383000000000266e+02
4.804868000000000166e+02
4.806533499999999890e+02
4.807309999999999945e+02
4.807463999999999942e+02
4.808266499999999724e+02
4.808288499999999885e+02
4.808465499999999793e+02
4.809223999999999819e+02
4.809617000000000075e+02
4.809654499999999757e+02
4.810012500000000273e+02
4.810341000000000236e+02
4.810360999999999763e+02
4.810595999999999890e+02
4.811129500000000121e+02
4.811802000000000135e+02
4.811825000000000045e+02
4.811872999999999934e+02
4.812624000000000137e+02
4.814141000000000190e+02
4.814344500000000266e+02
4.814521500000000174e+02
4.814541500000000269e+02
4.814551000000000158e+02
4.814647499999999809e+02
4.814997500000000059e+02
4.815112500000000182e+02
4.815165000000000077e+02
4.816447000000000003e+02
4.817742999999999824e+02
4.817775500000000193e+02
4.817810999999999808e+02
4.818086000000000126e+02
4.818415499999999838e+02
4.818498500000000035e+02
4.818698999999999728e+02
4.819409499999999866e+02
4.819797500000000241e+02
4.819934999999999832e+02
4.819959000000000060e+02
4.820033000000000243e+02
4.820613000000000170e+02
4.820914500000000089e+02
4.820975999999999999e+02
4.821073499999999967e+02
4.821125999999999863e+02
4.823622500000000173e+02
4.824039500000000089e+02
4.824057500000000118e+02
4.824349000000000274e+02
4.824401500000000169e+02
4.826347499999999968e+02
4.826671000000000049e+02
4.828061500000000024e+02
4.828562999999999761e+02
4.828605000000000018e+02
4.829153999999999769e+02
4.829991999999999734e+02
4.830019500000000221e+02
4.830033000000000243e+02
4.831354000000000042e+02
4.832888500000000249e+02
4.838310999999999922e+02
4.843303999999999974e+02
4.844562500000000114e+02
4.848523999999999887e+02
4.851848499999999831e+02
4.852672999999999774e+02
4.858411500000000274e+02
4.859207999999999856e+02
4.859571000000000254e+02
4.859645499999999743e+02
4.866374999999999886e+02
4.867527499999999918e+02
4.868919999999999959e+02
4.872797499999999786e+02
4.872819999999999823e+02
4.876426999999999907e+02
4.877368000000000166e+02
4.878140999999999963e+02
4.880457000000000107e+02
4.880498000000000047e+02
4.889055000000000177e+02
4.889566500000000246e+02
4.891599499999999807e+02
4.895004000000000133e+02
4.900491499999999974e+02
4.909388500000000022e+02
4.912463500000000067e+02
4.912592999999999961e+02
4.916508499999999913e+02
4.916537500000000023e+02
4.928023000000000025e+02
4.928835500000000138e+02
4.931328500000000190e+02
4.933564000000000078e+02
4.938541500000000042e+02
4.939379999999999882e+02
4.941818000000000097e+02
4.941833500000000186e+02
4.948084999999999809e+02
4.948145000000000095e+02
4.949561499999999796e+02
4.955624500000000126e+02
4.963197999999999865e+02
4.963283999999999878e+02
4.963305500000000166e+02
4.966999000000000137e+02
4.967024999999999864e+02
4.967051500000000033e+02
4.969105999999999881e+02
4.973883000000000152e+02
4.988735500000000229e+02
4.991734999999999900e+02
4.991777999999999906e+02
4.996068999999999960e+02
4.996739999999999782e+02
5.000865499999999884e+02
5.000915499999999838e+02
5.000929499999999734e+02
5.006508499999999913e+02
5.011325499999999806e+02
5.019606999999999744e+02
5.019653500000000008e+02
5.021567999999999756e+02
5.021587999999999852e+02
5.021723499999999945e+02
5.022263500000000249e+02
5.023333000000000084e+02
5.027695499999999811e+02
5.027716500000000224e+02
5.029259500000000003e+02
5.033054999999999950e+02
5.033075000000000045e+02
5.037734500000000253e+02
5.040507499999999936e+02
5.043879499999999894e+02
5.043914500000000203e+02
5.043975500000000238e+02
5.044014500000000112e+02
5.047334500000000048e+02
5.047372500000000173e+02
5.047388500000000136e+02
5.049035000000000082e+02
5.049064999999999941e+02
5.049114500000000021e+02
5.050443500000000085e+02
5.051433000000000106e+02
5.052092999999999847e+02
5.053430500000000052e+02
5.053450500000000147e+02
5.054959999999999809e+02
5.055859500000000253e+02
5.057787000000000148e+02
5.062102499999999736e+02
5.063261499999999842e+02
5.066973499999999717e+02
5.073011500000000069e+02
5.073041499999999928e+02
5.073065500000000156e+02
5.073099500000000148e+02
5.073130499999999756e+02
5.077944499999999834e+02
5.078748499999999808e+02
5.081218999999999824e+02
5.081234000000000037e+02
5.086449499999999944e+02
5.090025999999999726e+02
5.090065500000000043e+02
5.093415499999999838e+02
5.094111500000000206e+02
5.095733000000000175e+02
5.095765499999999975e+02
5.099338000000000193e+02
5.106426000000000158e+02
5.113412999999999897e+02
5.117239000000000146e+02
5.117983500000000276e+02
5.120148000000000366e+02
5.120179000000000542e+02
5.122608000000000175e+02
5.122853000000000065e+02
5.129267499999999700e+02
5.130520500000000084e+02
5.131975999999999658e+02
5.136956000000000131e+02
5.152131000000000540e+02
5.152146999999999935e+02
5.152192000000000007e+02
5.155958500000000413e+02
5.155987999999999829e+02
5.156675500000000056e+02
5.156731499999999642e+02
5.166043499999999540e+02
5.181231999999999971e+02
5.182530500000000302e+02
5.182803499999999985e+02
5.187603500000000167e+02
5.187619499999999562e+02
5.187664999999999509e+02
5.193246500000000196e+02
5.194361000000000104e+02
5.202127500000000282e+02
5.204687999999999874e+02
5.204770999999999503e+02
5.206609499999999571e+02
5.206734000000000151e+02
5.211604999999999563e+02
5.211641499999999496e+02
5.212184499999999616e+02
5.212271500000000515e+02
5.215711000000000013e+02
5.215742500000000064e+02
5.217654499999999871e+02
5.218563000000000329e+02
5.218605499999999893e+02
5.222767499999999927e+02
5.224753500000000486e+02
5.232005000000000337e+02
5.232038499999999885e+02
5.233405999999999949e+02
5.234614000000000260e+02
5.234655999999999949e+02
5.235695500000000493e+02
5.243325999999999567e+02
5.243428499999999985e+02
5.243600000000000136e+02
5.247532999999999674e+02
5.249038000000000466e+02
5.249059999999999491e+02
5.249474500000000035e+02
5.251643500000000131e+02
5.260205999999999449e+02
5.261508000000000038e+02
5.266227499999999964e+02
5.267558999999999969e+02
5.268026999999999589e+02
5.269011000000000422e+02
5.270662499999999682e+02
5.276006999999999607e+02
5.277318000000000211e+02
5.279908000000000357e+02
5.285858500000000504e+02
5.294352999999999838e+02
5.294449499999999489e+02
5.294577500000000327e+02
5.299941499999999905e+02
5.300809500000000298e+02
5.305267499999999927e+02
5.305302500000000236e+02
5.307141000000000304e+02
5.312965000000000373e+02
5.319523500000000240e+02
5.320226000000000113e+02
5.335520500000000084e+02
5.339677500000000236e+02
5.339773500000000013e+02
5.341929499999999962e+02
5.351809500000000526e+02
5.363759999999999764e+02
5.363900499999999738e+02
5.363993000000000393e+02
5.370698999999999614e+02
5.373457499999999527e+02
5.379736000000000331e+02
5.379782999999999902e+02
5.380507000000000062e+02
5.380785499999999502e+02
5.385212000000000216e+02
5.387350999999999885e+02
5.387456499999999551e+02
5.389527000000000498e+02
5.389545000000000528e+02
5.390208499999999958e+02
5.393858500000000049e+02
5.393882499999999709e+02
5.395855000000000246e+02
5.395930499999999483e+02
5.395977000000000317e+02
5.397438499999999522e+02
5.397849999999999682e+02
5.398487999999999829e+02
5.400997499999999718e+02
5.401006999999999607e+02
5.402114000000000260e+02
5.402396999999999707e+02
5.402547499999999445e+02
5.403375999999999522e+02
5.403405999999999949e+02
5.403900999999999613e+02
5.403986999999999625e+02
5.407100500000000238e+02
5.408423999999999978e+02
5.409052000000000362e+02
5.410170000000000528e+02
5.410199499999999944e+02
5.410528500000000349e+02
5.413028500000000349e+02
5.413402999999999565e+02
5.413598500000000513e+02
5.414162000000000035e+02
5.417246000000000095e+02
5.417753999999999905e+02
5.418510499999999865e+02
5.419035999999999831e+02
5.421459499999999707e+02
5.421772499999999582e+02
5.421896000000000413e+02
5.422421500000000378e+02
5.422657000000000380e+02
5.422667500000000018e+02
5.423311499999999796e+02
5.425051499999999578e+02
5.425766499999999724e+02
5.427677499999999782e+02
5.429945000000000164e+02
5.429971000000000458e+02
5.430005499999999756e+02
5.430076000000000249e+02
5.430307000000000244e+02
5.430327999999999520e+02
5.430551000000000386e+02
5.430996499999999969e+02
5.431235500000000229e+02
5.431253000000000384e+02
5.432373000000000047e+02
5.434312999999999647e+02
5.434333000000000311e+02
5.434349499999999580e+02
5.438334499999999707e+02
5.438546000000000049e+02
5.438579999999999472e+02
5.438884500000000344e+02
5.438952000000000453e+02
5.439258999999999560e+02
5.439410000000000309e+02
5.441136000000000195e+02
5.441726499999999760e+02
5.441762499999999818e+02
5.441773500000000467e+02
5.441884000000000015e+02
5.442062499999999545e+02
5.442432499999999891e+02
5.442933500000000322e+02
5.446264999999999645e+02
5.447661500000000387e+02
5.447980000000000018e+02
5.450771999999999480e+02
5.450789999999999509e+02
5.451010999999999740e+02
5.451046499999999924e+02
5.451096000000000004e+02
5.454313499999999522e+02
5.454557499999999663e+02
5.456349000000000160e+02
5.456408500000000004e+02
5.457797500000000355e+02
5.457863999999999578e+02
5.461482499999999618e+02
5.463273000000000366e+02
5.464796000000000049e+02
5.465626999999999498e+02
5.469653499999999440e+02
5.473821000000000367e+02
5.476522999999999683e+02
5.479578000000000202e+02
5.479637999999999920e+02
5.480756499999999960e+02
5.483750000000000000e+02
5.484697499999999764e+02
5.485685999999999467e+02
5.485751000000000204e+02
5.488566499999999451e+02
5.488591000000000122e+02
5.488722000000000207e+02
5.488950999999999567e+02
5.489002000000000407e+02
5.490826499999999442e+02
5.496286999999999807e+02
5.496299500000000080e+02
5.496337999999999511e+02
5.496393500000000358e+02
5.498597999999999502e+02
5.511196999999999662e+02
5.512403000000000475e+02
5.515293500000000222e+02
5.515342500000000427e+02
5.519341500000000451e+02
5.521678500000000440e+02
5.525172499999999900e+02
5.525757499999999709e+02
5.525813500000000431e+02
5.530048000000000457e+02
5.537372000000000298e+02
5.541385000000000218e+02
5.541715500000000247e+02
5.544625499999999647e+02
5.551466500000000224e+02
5.557073000000000320e+02
5.557156999999999698e+02
5.561629000000000360e+02
5.565730999999999540e+02
5.574185499999999820e+02
5.579506999999999834e+02
5.580177499999999782e+02
5.580794499999999516e+02
5.580841500000000224e+02
5.580852999999999611e+02
5.583510999999999740e+02
5.585582500000000437e+02
5.585673500000000331e+02
5.586675000000000182e+02
5.591594499999999925e+02
5.591618499999999585e+02
5.597437999999999647e+02
5.601245499999999993e+02
5.606427999999999656e+02
5.608780500000000302e+02
5.612463999999999942e+02
5.612647500000000491e+02
5.612879500000000235e+02
5.618823499999999740e+02
5.620036999999999807e+02
5.635103500000000167e+02
5.637940999999999576e+02
5.640440499999999702e+02
5.641802500000000009e+02
5.641815500000000156e+02
5.642041000000000395e+02
5.642809499999999616e+02
5.643184999999999718e+02
5.649138000000000375e+02
5.649157000000000153e+02
5.649198000000000093e+02
5.650372999999999593e+02
5.651636999999999489e+02
5.653652499999999463e+02
5.653853000000000293e+02
5.654682500000000118e+02
5.656042499999999791e+02
5.656135000000000446e+02
5.658556999999999562e+02
5.661066499999999451e+02
5.663310999999999922e+02
5.664461499999999887e+02
5.665587500000000318e+02
5.666105000000000018e+02
5.669492999999999938e+02
5.674348499999999831e+02
5.674457999999999629e+02
5.677797500000000355e+02
5.683467000000000553e+02
5.684442999999999984e+02
5.686103000000000520e+02
5.687607000000000426e+02
5.687681499999999915e+02
5.688826500000000124e+02
5.690154999999999745e+02
5.691069499999999834e+02
5.691096499999999878e+02
5.692133499999999913e+02
5.695461000000000240e+02
5.698728499999999713e+02
5.702578499999999622e+02
5.706464999999999463e+02
5.712280500000000529e+02
5.715296499999999469e+02
5.720973000000000184e+02
5.728994500000000016e+02
5.729024500000000444e+02
5.730959500000000162e+02
5.742190000000000509e+02
5.746583000000000538e+02
