7.822650000000000325e+00
7.984950000000000436e+00
7.991349999999999731e+00
7.995750000000000135e+00
8.130050000000000665e+00
8.561099999999999710e+00
8.570050000000000168e+00
8.573949999999999960e+00
8.578649999999999665e+00
8.585499999999999687e+00
8.638949999999999463e+00
8.643399999999999750e+00
8.687649999999999650e+00
8.800549999999999429e+00
8.937549999999999883e+00
8.983999999999999986e+00
9.273250000000000881e+00
1.142764999999999986e+01
1.165295000000000059e+01
1.166275000000000084e+01
1.225740000000000052e+01
1.231610000000000049e+01
1.249310000000000009e+01
1.284624999999999950e+01
1.308254999999999946e+01
1.308549999999999969e+01
1.308994999999999997e+01
1.310214999999999996e+01
1.310565000000000069e+01
1.310645000000000060e+01
1.312330000000000041e+01
1.312809999999999988e+01
1.312914999999999921e+01
1.313369999999999926e+01
1.313439999999999941e+01
1.313654999999999973e+01
1.313824999999999932e+01
1.314530000000000065e+01
1.314625000000000021e+01
1.315010000000000012e+01
1.315310000000000024e+01
1.315709999999999980e+01
1.316119999999999912e+01
1.316510000000000069e+01
1.317200000000000060e+01
1.317384999999999984e+01
1.317515000000000036e+01
1.318629999999999924e+01
1.318934999999999924e+01
1.319405000000000072e+01
1.320950000000000024e+01
1.321219999999999928e+01
1.321954999999999991e+01
1.322589999999999932e+01
1.322959999999999958e+01
1.323424999999999940e+01
1.323879999999999946e+01
1.325740000000000052e+01
1.325835000000000008e+01
1.326210000000000022e+01
1.327389999999999937e+01
1.328030000000000044e+01
1.328204999999999991e+01
1.328475000000000072e+01
1.328674999999999962e+01
1.329649999999999999e+01
1.329865000000000030e+01
1.330214999999999925e+01
1.330349999999999966e+01
1.331320000000000014e+01
1.331584999999999930e+01
1.332254999999999967e+01
1.332545000000000002e+01
1.334304999999999986e+01
1.334944999999999915e+01
1.335190000000000055e+01
1.335539999999999949e+01
1.340204999999999913e+01
1.342109999999999914e+01
1.344369999999999976e+01
1.347569999999999979e+01
1.349264999999999937e+01
1.349355000000000082e+01
1.549469999999999992e+01
1.550075000000000003e+01
1.631234999999999857e+01
1.631605000000000061e+01
1.631765000000000043e+01
1.750935000000000130e+01
1.758040000000000092e+01
1.758579999999999899e+01
1.769875000000000043e+01
1.831935000000000002e+01
1.868100000000000094e+01
1.882710000000000150e+01
1.950294999999999845e+01
1.962950000000000017e+01
1.971124999999999972e+01
1.988029999999999831e+01
1.991270000000000095e+01
2.004244999999999877e+01
2.004510000000000147e+01
2.073545000000000016e+01
2.074089999999999989e+01
2.074589999999999890e+01
2.079110000000000014e+01
2.096334999999999837e+01
2.109069999999999823e+01
2.182424999999999926e+01
2.190135000000000076e+01
2.190390000000000015e+01
2.258800000000000097e+01
2.283719999999999928e+01
2.309475000000000122e+01
2.309795000000000087e+01
2.313759999999999906e+01
2.314365000000000094e+01
2.350049999999999883e+01
2.435229999999999961e+01
2.464564999999999984e+01
2.465034999999999954e+01
2.466120000000000090e+01
2.466694999999999993e+01
2.564420000000000144e+01
2.596065000000000111e+01
2.596590000000000131e+01
2.597080000000000055e+01
2.661680000000000135e+01
2.685895000000000010e+01
2.686469999999999914e+01
2.687454999999999927e+01
2.789324999999999832e+01
2.789405000000000001e+01
2.825499999999999901e+01
2.826089999999999947e+01
2.826539999999999964e+01
2.895090000000000074e+01
2.897149999999999892e+01
2.957359999999999900e+01
2.959080000000000155e+01
2.960004999999999953e+01
3.045414999999999850e+01
3.045795000000000030e+01
3.046634999999999849e+01
3.050339999999999918e+01
3.107199999999999918e+01
3.110330000000000084e+01
3.172354999999999947e+01
3.218520000000000181e+01
3.299689999999999657e+01
3.373154999999999859e+01
3.385190000000000055e+01
3.386970000000000169e+01
3.418365000000000009e+01
3.418710000000000093e+01
3.418979999999999819e+01
3.430995000000000061e+01
3.484830000000000183e+01
3.485345000000000226e+01
3.486310000000000286e+01
3.564639999999999986e+01
3.565935000000000343e+01
3.570649999999999835e+01
3.635524999999999807e+01
3.648830000000000240e+01
3.671959999999999980e+01
3.672489999999999810e+01
3.721860000000000213e+01
3.771329999999999671e+01
3.998295000000000243e+01
3.999969999999999715e+01
4.016765000000000185e+01
4.017249999999999943e+01
4.083155000000000001e+01
4.089475000000000193e+01
4.106909999999999883e+01
4.147254999999999825e+01
4.209375000000000000e+01
4.229820000000000135e+01
4.268104999999999905e+01
4.281649999999999778e+01
4.427409999999999712e+01
4.463689999999999714e+01
4.498845000000000027e+01
4.499465000000000003e+01
4.520974999999999966e+01
4.562675000000000125e+01
4.564070000000000249e+01
4.572384999999999877e+01
4.573035000000000139e+01
4.602830000000000155e+01
4.639920000000000044e+01
4.650704999999999956e+01
4.651655000000000229e+01
4.652239999999999753e+01
4.665944999999999965e+01
4.666414999999999935e+01
4.702000000000000313e+01
4.712380000000000280e+01
4.712830000000000297e+01
4.713269999999999982e+01
4.714135000000000275e+01
4.729044999999999987e+01
4.825045000000000073e+01
4.831795000000000329e+01
4.895519999999999783e+01
4.896139999999999759e+01
4.993135000000000190e+01
5.028640000000000043e+01
5.055409999999999826e+01
5.057169999999999987e+01
5.070835000000000292e+01
5.111925000000000097e+01
5.112474999999999881e+01
5.114410000000000167e+01
5.268789999999999907e+01
5.315890000000000271e+01
5.325345000000000084e+01
5.325849999999999795e+01
5.326324999999999932e+01
5.326910000000000167e+01
5.343925000000000125e+01
5.345644999999999669e+01
5.345785000000000053e+01
5.452929999999999922e+01
5.530510000000000304e+01
5.531445000000000078e+01
5.531989999999999696e+01
5.585305000000000319e+01
5.602705000000000268e+01
5.687595000000000312e+01
5.688094999999999857e+01
5.688555000000000206e+01
5.689050000000000296e+01
5.725659999999999883e+01
5.907495000000000118e+01
5.909964999999999691e+01
5.928934999999999889e+01
5.929469999999999885e+01
5.929950000000000188e+01
5.968350000000000222e+01
5.971690000000000254e+01
5.978654999999999831e+01
6.043084999999999951e+01
6.071685000000000088e+01
6.090155000000000030e+01
6.219454999999999956e+01
6.276604999999999990e+01
6.325265000000000271e+01
6.325784999999999769e+01
6.783020000000000493e+01
6.810129999999999484e+01
6.895125000000000171e+01
6.897939999999999827e+01
6.909390000000000498e+01
6.909929999999999950e+01
6.923605000000000587e+01
7.039364999999999384e+01
7.063665000000000305e+01
7.064355000000000473e+01
7.066845000000000709e+01
7.127039999999999509e+01
7.147490000000000521e+01
7.148454999999999870e+01
7.160904999999999632e+01
7.201800000000000068e+01
7.217109999999999559e+01
7.268689999999999429e+01
7.293949999999999534e+01
7.337555000000000405e+01
7.465444999999999709e+01
7.465890000000000271e+01
7.466445000000000221e+01
7.507025000000000148e+01
7.626139999999999475e+01
7.643054999999999666e+01
7.658379999999999654e+01
7.658634999999999593e+01
7.660415000000000418e+01
7.661360000000000525e+01
7.711034999999999684e+01
7.715465000000000373e+01
7.728714999999999691e+01
7.730540000000000589e+01
7.809369999999999834e+01
7.810745000000000005e+01
7.811254999999999882e+01
7.811759999999999593e+01
7.812324999999999875e+01
7.866715000000000657e+01
7.974635000000000673e+01
8.008015000000000327e+01
8.012175000000000580e+01
8.012664999999999793e+01
8.040585000000000093e+01
8.049089999999999634e+01
8.049575000000000102e+01
8.095624999999999716e+01
8.162224999999999397e+01
8.232399999999999807e+01
8.233129999999999882e+01
8.233844999999999459e+01
8.233939999999999770e+01
8.234470000000000312e+01
8.276919999999999789e+01
8.303170000000000073e+01
8.327065000000000339e+01
8.366174999999999784e+01
8.366674999999999329e+01
8.417504999999999882e+01
8.417995000000000516e+01
8.484959999999999525e+01
8.493829999999999814e+01
8.512520000000000664e+01
8.513015000000000043e+01
8.588100000000000023e+01
8.640964999999999918e+01
8.641525000000000034e+01
8.642064999999999486e+01
8.713845000000000596e+01
8.741885000000000616e+01
8.742359999999999332e+01
8.744584999999999297e+01
8.760025000000000261e+01
8.843155000000000143e+01
8.849795000000000300e+01
8.863705000000000211e+01
8.925860000000000127e+01
8.937569999999999482e+01
8.967555000000000121e+01
8.980535000000000423e+01
9.012435000000000684e+01
9.013205000000000666e+01
9.111875000000000568e+01
9.121505000000000507e+01
9.269894999999999641e+01
9.270390000000000441e+01
9.274599999999999511e+01
9.275194999999999368e+01
9.275645000000000095e+01
9.295274999999999466e+01
9.355509999999999593e+01
9.511275000000000546e+01
9.558910000000000196e+01
9.588734999999999786e+01
9.610835000000000150e+01
9.611384999999999934e+01
9.614114999999999611e+01
9.627769999999999584e+01
9.648385000000000389e+01
9.648645000000000493e+01
9.692090000000000316e+01
9.724845000000000539e+01
9.750769999999999982e+01
9.817340000000000089e+01
9.838044999999999618e+01
9.838439999999999941e+01
9.860299999999999443e+01
9.860784999999999911e+01
9.912855000000000416e+01
9.931605000000000416e+01
9.931974999999999909e+01
9.948260000000000502e+01
9.974660000000000082e+01
1.005264499999999970e+02
1.005501500000000021e+02
1.005516999999999967e+02
1.005562500000000057e+02
1.005616500000000002e+02
1.008680999999999983e+02
1.009568000000000012e+02
1.035610000000000070e+02
1.036865999999999985e+02
1.039718500000000034e+02
1.051738500000000016e+02
1.057456999999999994e+02
1.057921999999999940e+02
1.058268499999999932e+02
1.058322000000000003e+02
1.058392500000000069e+02
1.058555499999999938e+02
1.069131500000000017e+02
1.069298000000000002e+02
1.074299500000000052e+02
1.086187500000000057e+02
1.091308499999999952e+02
1.091473000000000013e+02
1.091513999999999953e+02
1.091637499999999932e+02
1.091688999999999936e+02
1.093816999999999950e+02
1.095516499999999951e+02
1.095638000000000005e+02
1.097184000000000026e+02
1.102326999999999941e+02
1.104762499999999932e+02
1.107874999999999943e+02
1.107926999999999964e+02
1.109662500000000023e+02
1.109997500000000059e+02
1.110038499999999999e+02
1.110156000000000063e+02
1.110397499999999980e+02
1.112600500000000068e+02
1.113260999999999967e+02
1.113770999999999987e+02
1.113864499999999964e+02
1.113910000000000053e+02
1.114097000000000008e+02
1.114626499999999965e+02
1.114789499999999975e+02
1.114831499999999949e+02
1.114912999999999954e+02
1.114943999999999988e+02
1.114975500000000039e+02
1.115001500000000050e+02
1.115042499999999990e+02
1.115066000000000059e+02
1.115087999999999937e+02
1.115126499999999936e+02
1.115275500000000051e+02
1.115354499999999973e+02
1.115365500000000054e+02
1.115401999999999987e+02
1.115438999999999936e+02
1.115477000000000061e+02
1.115545999999999935e+02
1.115602999999999980e+02
1.115678500000000071e+02
1.115814000000000021e+02
1.116017999999999972e+02
1.116330499999999972e+02
1.116376999999999953e+02
1.116938499999999976e+02
1.116962999999999937e+02
1.117057999999999964e+02
1.117091499999999940e+02
1.117179500000000019e+02
1.118574500000000000e+02
1.121422500000000042e+02
1.122917999999999950e+02
1.123066500000000048e+02
1.123876000000000062e+02
1.123914999999999935e+02
1.124044499999999971e+02
1.130608500000000021e+02
1.131148000000000025e+02
1.131296499999999980e+02
1.131580500000000029e+02
1.131645500000000055e+02
1.131772500000000008e+02
1.132660000000000053e+02
1.136206499999999977e+02
1.136308499999999952e+02
1.136583499999999987e+02
1.136628999999999934e+02
1.136721500000000020e+02
1.138212000000000046e+02
1.138292000000000002e+02
1.140485000000000042e+02
1.145519000000000034e+02
1.146282499999999942e+02
1.146324000000000041e+02
1.147610499999999973e+02
1.147874000000000052e+02
1.152056000000000040e+02
1.152119500000000016e+02
1.152188500000000033e+02
1.152736500000000035e+02
1.153038499999999971e+02
1.155704000000000065e+02
1.155780000000000030e+02
1.155877499999999998e+02
1.156056499999999971e+02
1.158605000000000018e+02
1.160828999999999951e+02
1.160882500000000022e+02
1.186772500000000008e+02
1.186889000000000038e+02
1.186944500000000033e+02
1.187903500000000037e+02
1.187960999999999956e+02
1.190284500000000065e+02
1.195858000000000061e+02
1.195910999999999973e+02
1.195961499999999944e+02
1.197755499999999955e+02
1.199369499999999960e+02
1.199410500000000042e+02
1.199574499999999944e+02
1.205798499999999933e+02
1.205845000000000056e+02
1.209338000000000051e+02
1.209385000000000048e+02
1.209531499999999937e+02
1.209809999999999945e+02
1.222947499999999934e+02
1.224454999999999956e+02
1.224501499999999936e+02
1.224543500000000051e+02
1.224592499999999973e+02
1.225545500000000061e+02
1.226217999999999932e+02
1.226274499999999961e+02
1.229145000000000039e+02
1.230549000000000035e+02
1.234888499999999993e+02
1.260130500000000069e+02
1.266492499999999950e+02
1.266574999999999989e+02
1.266641999999999939e+02
1.266685499999999962e+02
1.272405499999999989e+02
1.275441500000000019e+02
1.279547000000000025e+02
1.280909499999999923e+02
1.290816499999999962e+02
1.292831500000000062e+02
1.292891999999999939e+02
1.293077499999999986e+02
1.293413500000000056e+02
1.295084500000000105e+02
1.297451000000000079e+02
1.301365999999999872e+02
1.303282499999999970e+02
1.303333499999999958e+02
1.303396500000000060e+02
1.303465500000000077e+02
1.307492000000000019e+02
1.307792499999999905e+02
1.308948499999999910e+02
1.310398500000000013e+02
1.319799999999999898e+02
1.319865499999999940e+02
1.323615499999999940e+02
1.327395500000000084e+02
1.327507500000000107e+02
1.329007000000000005e+02
1.332901999999999987e+02
1.332948499999999967e+02
1.334624499999999898e+02
1.334648500000000126e+02
1.339920500000000061e+02
1.344027000000000100e+02
1.344799999999999898e+02
1.345247500000000116e+02
1.360025500000000136e+02
1.360476999999999919e+02
1.388440500000000100e+02
1.390276499999999942e+02
1.397374499999999955e+02
1.397415000000000020e+02
1.402375999999999863e+02
1.412088500000000124e+02
1.412119000000000142e+02
1.412220499999999959e+02
1.414238000000000000e+02
1.424724999999999966e+02
1.426040000000000134e+02
1.435797000000000025e+02
1.435850000000000080e+02
1.436148499999999899e+02
1.438886500000000126e+02
1.438953500000000076e+02
1.439216999999999871e+02
1.441683500000000038e+02
1.442376500000000021e+02
1.442463500000000067e+02
1.442508500000000140e+02
1.443533999999999935e+02
1.444722999999999900e+02
1.444742500000000121e+02
1.445134500000000060e+02
1.445205499999999859e+02
1.447966499999999996e+02
1.450758500000000026e+02
1.450831000000000017e+02
1.457859500000000139e+02
1.457904000000000053e+02
1.459410000000000025e+02
1.462238999999999862e+02
1.464040999999999997e+02
1.466229500000000030e+02
1.466372000000000071e+02
1.466434999999999889e+02
1.471980000000000075e+02
1.472011500000000126e+02
1.472045500000000118e+02
1.476747499999999889e+02
1.482007499999999993e+02
1.488641499999999951e+02
1.490111499999999864e+02
1.492134000000000071e+02
1.492238999999999862e+02
1.495055000000000121e+02
1.495083500000000072e+02
1.496185999999999865e+02
1.496981000000000108e+02
1.500980999999999881e+02
1.505883000000000038e+02
1.511329000000000065e+02
1.511382000000000119e+02
1.511430499999999881e+02
1.512110500000000002e+02
1.512462500000000034e+02
1.512637000000000000e+02
1.520577000000000112e+02
1.520617000000000019e+02
1.520729499999999916e+02
1.523822000000000116e+02
1.526151000000000124e+02
1.531123499999999922e+02
1.531175000000000068e+02
1.532187000000000126e+02
1.532248500000000035e+02
1.532575999999999965e+02
1.536821500000000071e+02
1.537886499999999899e+02
1.537935999999999979e+02
1.537990499999999940e+02
1.538048499999999876e+02
1.538093499999999949e+02
1.538222000000000094e+02
1.543056500000000142e+02
1.543095999999999890e+02
1.554653000000000134e+02
1.562315499999999986e+02
1.562468499999999949e+02
1.563988999999999976e+02
1.564043499999999938e+02
1.565469500000000096e+02
1.585558000000000050e+02
1.588222000000000094e+02
1.592495999999999867e+02
1.592550999999999988e+02
1.592857999999999947e+02
1.595010499999999922e+02
1.596764499999999884e+02
1.597699000000000069e+02
1.597827499999999930e+02
1.597868499999999869e+02
1.600348999999999933e+02
1.603924000000000092e+02
1.605174499999999966e+02
1.605230999999999995e+02
1.605296999999999912e+02
1.609853500000000111e+02
1.610002000000000066e+02
1.610053000000000054e+02
1.610764000000000067e+02
1.611394500000000107e+02
1.614479000000000042e+02
1.617622499999999945e+02
1.618656499999999880e+02
1.620117500000000064e+02
1.620187999999999988e+02
1.620515000000000043e+02
1.620570999999999913e+02
1.621720500000000129e+02
1.631285499999999900e+02
1.632278499999999894e+02
1.632293500000000108e+02
1.636398499999999956e+02
1.636598500000000058e+02
1.636623500000000035e+02
1.638262499999999875e+02
1.640261000000000138e+02
1.640790499999999952e+02
1.654624000000000024e+02
1.654671500000000037e+02
1.654706999999999937e+02
1.656570000000000107e+02
1.662162500000000023e+02
1.675156000000000063e+02
1.675287999999999897e+02
1.680293499999999938e+02
1.681627499999999884e+02
1.681980499999999950e+02
1.682940000000000111e+02
1.682948499999999967e+02
1.683107500000000130e+02
1.684631500000000131e+02
1.687960500000000081e+02
1.689139999999999873e+02
1.689180000000000064e+02
1.693456999999999937e+02
1.693495000000000061e+02
1.694045999999999879e+02
1.694092499999999859e+02
1.694130000000000109e+02
1.694175500000000056e+02
1.695413499999999942e+02
1.697099000000000046e+02
1.697143499999999960e+02
1.697902499999999861e+02
1.700064000000000135e+02
1.705310000000000059e+02
1.705443500000000085e+02
1.705757499999999993e+02
1.712233999999999980e+02
1.712398499999999899e+02
1.712469000000000108e+02
1.721892499999999870e+02
1.721941500000000076e+02
1.722946499999999901e+02
1.728281499999999937e+02
1.729085499999999911e+02
1.740101500000000101e+02
1.740552999999999884e+02
1.745598500000000115e+02
1.748341499999999940e+02
1.748494499999999903e+02
1.748759000000000015e+02
1.749273000000000025e+02
1.749442999999999984e+02
1.749725999999999999e+02
1.753755999999999915e+02
1.754447000000000116e+02
1.754548499999999933e+02
1.758019500000000050e+02
1.758080500000000086e+02
1.765110999999999990e+02
1.770295000000000130e+02
1.770342499999999859e+02
1.772504000000000133e+02
1.774508500000000026e+02
1.774816999999999894e+02
1.775975999999999999e+02
1.782576999999999998e+02
1.787590500000000020e+02
1.790133500000000026e+02
1.790265499999999861e+02
1.796920499999999947e+02
1.797117000000000075e+02
1.798963500000000124e+02
1.800930500000000052e+02
1.806151000000000124e+02
1.815493500000000040e+02
1.820531499999999880e+02
1.822014499999999941e+02
1.822343500000000063e+02
1.824507999999999868e+02
1.824644499999999994e+02
1.826468999999999880e+02
1.826527000000000100e+02
1.827923999999999864e+02
1.828001999999999896e+02
1.829174999999999898e+02
1.829841000000000122e+02
1.829860500000000059e+02
1.830245999999999924e+02
1.831582999999999970e+02
1.833438999999999908e+02
1.833745499999999993e+02
1.834681999999999960e+02
1.839260500000000036e+02
1.839310499999999990e+02
1.839345999999999890e+02
1.839389999999999930e+02
1.839549000000000092e+02
1.841336000000000013e+02
1.841418999999999926e+02
1.843647499999999866e+02
1.844691500000000133e+02
1.850197000000000003e+02
1.852095999999999947e+02
1.854010499999999979e+02
1.854061000000000092e+02
1.855332500000000095e+02
1.862057000000000073e+02
1.864655999999999949e+02
1.874397999999999911e+02
1.874553999999999974e+02
1.874652000000000100e+02
1.874681999999999960e+02
1.878085000000000093e+02
1.879462000000000046e+02
1.882468000000000075e+02
1.882504500000000007e+02
1.883720000000000141e+02
1.883937999999999988e+02
1.889113499999999988e+02
1.893660999999999888e+02
1.895643000000000029e+02
1.895694499999999891e+02
1.895704499999999939e+02
1.896170500000000061e+02
1.902444000000000131e+02
1.908106999999999971e+02
1.908214000000000112e+02
1.908549500000000023e+02
1.909653500000000008e+02
1.909690999999999974e+02
1.910161999999999978e+02
1.912420500000000061e+02
1.916930000000000121e+02
1.919205000000000041e+02
1.925093500000000120e+02
1.925136500000000126e+02
1.937948000000000093e+02
1.940284000000000049e+02
1.940329999999999870e+02
1.946839999999999975e+02
1.947901999999999987e+02
1.949029500000000041e+02
1.949071000000000140e+02
1.949521000000000015e+02
1.949601999999999862e+02
1.954357500000000130e+02
1.954860999999999933e+02
1.954906000000000006e+02
1.955215499999999906e+02
1.956788500000000113e+02
1.961889500000000055e+02
1.962105999999999995e+02
1.965473000000000070e+02
1.968355500000000120e+02
1.968364500000000135e+02
1.968430999999999926e+02
1.968473500000000058e+02
1.970037499999999966e+02
1.970104000000000042e+02
1.970649500000000103e+02
1.972708499999999958e+02
1.984469499999999869e+02
1.984686499999999967e+02
1.986670499999999890e+02
1.986773000000000025e+02
1.990423999999999864e+02
1.990473000000000070e+02
1.990517499999999984e+02
1.990553500000000042e+02
1.990981500000000040e+02
1.994547499999999900e+02
1.994608499999999935e+02
1.998383499999999913e+02
1.998443499999999915e+02
1.999519500000000107e+02
1.999688500000000033e+02
2.005714499999999987e+02
2.006641500000000065e+02
2.006768500000000017e+02
2.006783499999999947e+02
2.006896000000000129e+02
2.009761499999999899e+02
2.009815000000000111e+02
2.009876999999999896e+02
2.018112000000000137e+02
2.018982499999999902e+02
2.019972500000000082e+02
2.021855500000000063e+02
2.032511000000000081e+02
2.039331999999999994e+02
2.039420000000000073e+02
2.039430999999999869e+02
2.040469500000000096e+02
2.041927000000000021e+02
2.042075000000000102e+02
2.049957499999999868e+02
2.054133500000000083e+02
2.059359000000000037e+02
2.064790500000000009e+02
2.064807999999999879e+02
2.069504000000000019e+02
2.072662500000000136e+02
2.075266000000000020e+02
2.076508499999999913e+02
2.077432499999999891e+02
2.079029999999999916e+02
2.079988999999999919e+02
2.081122499999999889e+02
2.086225499999999897e+02
2.087178499999999985e+02
2.090808000000000106e+02
2.092504500000000007e+02
2.092519000000000062e+02
2.092618500000000097e+02
2.100622999999999934e+02
2.100667500000000132e+02
2.111020000000000039e+02
2.111036499999999876e+02
2.118840999999999894e+02
2.119044499999999971e+02
2.119088500000000010e+02
2.119634000000000071e+02
2.119681500000000085e+02
2.120377499999999884e+02
2.122162500000000023e+02
2.122931499999999971e+02
2.123983000000000061e+02
2.124980500000000063e+02
2.125043000000000006e+02
2.125067999999999984e+02
2.128532500000000027e+02
2.128565999999999860e+02
2.129350499999999897e+02
2.132056499999999915e+02
2.134533500000000004e+02
2.140949500000000114e+02
2.140977499999999907e+02
2.141013499999999965e+02
2.146792000000000087e+02
2.148415500000000122e+02
2.149558000000000106e+02
2.149611999999999910e+02
2.151354499999999916e+02
2.155989500000000021e+02
2.161201499999999953e+02
2.161630499999999984e+02
2.161639000000000124e+02
2.161752999999999929e+02
2.162395500000000084e+02
2.165794999999999959e+02
2.165834499999999991e+02
2.165870500000000050e+02
2.167003499999999860e+02
2.169024499999999875e+02
2.169467999999999961e+02
2.171218000000000075e+02
2.174312500000000057e+02
2.178367499999999950e+02
2.180314500000000066e+02
2.181339000000000112e+02
2.189719499999999925e+02
2.190073999999999899e+02
2.191286499999999933e+02
2.191337499999999920e+02
2.194142999999999972e+02
2.194424500000000080e+02
2.194446000000000083e+02
2.196520500000000027e+02
2.196579999999999870e+02
2.196677500000000123e+02
2.197767000000000053e+02
2.197923000000000116e+02
2.206160000000000139e+02
2.207699499999999944e+02
2.207769999999999868e+02
2.213573499999999967e+02
2.215837500000000091e+02
2.221227499999999964e+02
2.221262999999999863e+02
2.224700499999999863e+02
2.225645499999999970e+02
2.229646999999999935e+02
2.231460999999999899e+02
2.240318499999999915e+02
2.240372500000000002e+02
2.244874000000000080e+02
2.249008499999999913e+02
2.250576000000000079e+02
2.251748499999999922e+02
2.255677499999999895e+02
2.255816000000000088e+02
2.255853999999999928e+02
2.260296999999999912e+02
2.260364999999999895e+02
2.265813499999999863e+02
2.266197999999999979e+02
2.269396999999999878e+02
2.271819000000000131e+02
2.271865999999999985e+02
2.275902499999999975e+02
2.281202499999999986e+02
2.281382499999999993e+02
2.284613999999999976e+02
2.286776000000000124e+02
2.286820500000000038e+02
2.286898500000000070e+02
2.286918499999999881e+02
2.292001999999999953e+02
2.292216500000000110e+02
2.293066000000000031e+02
2.293112000000000137e+02
2.295238500000000101e+02
2.296288999999999874e+02
2.296342999999999961e+02
2.297273999999999887e+02
2.298662999999999954e+02
2.301395500000000141e+02
2.301973000000000127e+02
2.304140999999999906e+02
2.304187499999999886e+02
2.310488499999999874e+02
2.310537999999999954e+02
2.310851999999999862e+02
2.310929500000000019e+02
2.312611499999999864e+02
2.312651999999999930e+02
2.312693999999999903e+02
2.313102499999999964e+02
2.313345999999999947e+02
2.313397999999999968e+02
2.313447999999999922e+02
2.314242000000000132e+02
2.314285999999999888e+02
2.320767999999999915e+02
2.320795500000000118e+02
2.320846999999999980e+02
2.323708499999999901e+02
2.323868999999999971e+02
2.326287499999999966e+02
2.327793000000000063e+02
2.327923999999999864e+02
2.329500999999999920e+02
2.329643499999999960e+02
2.329687500000000000e+02
2.329730999999999881e+02
2.329758999999999958e+02
2.330729000000000042e+02
2.330776500000000055e+02
2.334764000000000124e+02
2.337632499999999993e+02
2.341545500000000004e+02
2.342440499999999872e+02
2.342479500000000030e+02
2.352076999999999884e+02
2.352346499999999878e+02
2.363094000000000108e+02
2.364319500000000005e+02
2.366542000000000030e+02
2.369210500000000081e+02
2.373550500000000056e+02
2.376790499999999895e+02
2.378497000000000128e+02
2.379596999999999980e+02
2.379656500000000108e+02
2.383043000000000120e+02
2.385545500000000061e+02
2.385794500000000085e+02
2.385844500000000039e+02
2.387698000000000036e+02
2.389027499999999975e+02
2.389344499999999982e+02
2.389679500000000019e+02
2.389857499999999959e+02
2.392522500000000036e+02
2.392574999999999932e+02
2.399439500000000010e+02
2.404698500000000081e+02
2.410097499999999968e+02
2.418241500000000030e+02
2.419686499999999967e+02
2.422342999999999904e+02
2.422409000000000106e+02
2.422457499999999868e+02
2.423553499999999872e+02
2.426243000000000052e+02
2.427675500000000000e+02
2.427775499999999909e+02
2.427806500000000085e+02
2.428588499999999897e+02
2.428815500000000043e+02
2.428891999999999882e+02
2.432489999999999952e+02
2.432606000000000108e+02
2.432667500000000018e+02
2.440128499999999860e+02
2.442236499999999921e+02
2.442295499999999890e+02
2.442427000000000135e+02
2.442649499999999989e+02
2.442900500000000079e+02
2.448039499999999862e+02
2.448471000000000117e+02
2.449065500000000100e+02
2.449089500000000044e+02
2.449110499999999888e+02
2.449162000000000035e+02
2.449946500000000071e+02
2.450049999999999955e+02
2.451547999999999945e+02
2.454224000000000103e+02
2.457949999999999875e+02
2.457990499999999940e+02
2.458144499999999937e+02
2.466513500000000079e+02
2.468741499999999860e+02
2.469105000000000132e+02
2.469149500000000046e+02
2.469748999999999910e+02
2.469825500000000034e+02
2.469913999999999987e+02
2.476901499999999885e+02
2.476935000000000002e+02
2.476954000000000065e+02
2.477077500000000043e+02
2.486042999999999950e+02
2.491473000000000013e+02
2.491530999999999949e+02
2.502719999999999914e+02
2.505468500000000063e+02
2.505723000000000127e+02
2.506261499999999955e+02
2.507769499999999994e+02
2.507883999999999958e+02
2.507989499999999907e+02
2.510035000000000025e+02
2.510235000000000127e+02
2.510404000000000053e+02
2.511294499999999914e+02
2.515964500000000044e+02
2.516727999999999952e+02
2.518401499999999942e+02
2.519763499999999965e+02
2.519920500000000061e+02
2.519963500000000067e+02
2.524154499999999928e+02
2.532751000000000090e+02
2.534154000000000053e+02
2.535636000000000081e+02
2.537877000000000010e+02
2.540698999999999899e+02
2.544322500000000105e+02
2.544460500000000138e+02
2.546142999999999859e+02
2.547310999999999979e+02
2.547364000000000033e+02
2.548373499999999865e+02
2.550211999999999932e+02
2.550246999999999957e+02
2.557225500000000125e+02
2.567930499999999938e+02
2.574089500000000044e+02
2.574757999999999925e+02
2.575333499999999844e+02
2.575466999999999871e+02
2.575493999999999915e+02
2.577426500000000260e+02
2.579163500000000226e+02
2.579205999999999790e+02
2.581499999999999773e+02
2.581972499999999968e+02
2.582582499999999754e+02
2.583354499999999803e+02
2.583412999999999897e+02
2.583447499999999764e+02
2.585077499999999873e+02
2.585214000000000283e+02
2.585837000000000216e+02
2.585947499999999764e+02
2.589064000000000192e+02
2.589382499999999823e+02
2.589612000000000194e+02
2.596890000000000214e+02
2.596995000000000005e+02
2.597037000000000262e+02
2.597995500000000106e+02
2.598068999999999846e+02
2.598145999999999844e+02
2.598187500000000227e+02
2.598243499999999813e+02
2.598464000000000169e+02
2.602302999999999997e+02
2.602382499999999936e+02
2.606310500000000161e+02
2.606345000000000027e+02
2.606465000000000032e+02
2.608877499999999827e+02
2.614214999999999804e+02
2.614259500000000003e+02
2.614306000000000267e+02
2.614389499999999771e+02
2.620124999999999886e+02
2.620174000000000092e+02
2.621225000000000023e+02
2.622875000000000227e+02
2.623127499999999941e+02
2.625945500000000266e+02
2.627664500000000203e+02
2.627984500000000025e+02
2.628161000000000058e+02
2.630751500000000078e+02
2.636277000000000044e+02
2.639909999999999854e+02
2.639999000000000251e+02
2.641722500000000196e+02
2.643754999999999882e+02
2.644964499999999816e+02
2.645007499999999823e+02
2.645233499999999935e+02
2.646721499999999878e+02
2.646759999999999877e+02
2.647575499999999806e+02
2.647648500000000240e+02
2.647763499999999794e+02
2.647794000000000096e+02
2.649605999999999995e+02
2.649662500000000023e+02
2.651008499999999799e+02
2.652873999999999910e+02
2.652994499999999789e+02
2.655418500000000108e+02
2.656016500000000065e+02
2.656134000000000128e+02
2.658879499999999894e+02
2.661189499999999839e+02
2.661283500000000117e+02
2.662657500000000255e+02
2.663063500000000090e+02
2.665505499999999870e+02
2.666786999999999921e+02
2.666897999999999911e+02
2.667752500000000282e+02
2.667794000000000096e+02
2.668542499999999791e+02
2.669108499999999822e+02
2.670386500000000183e+02
2.670539999999999736e+02
2.671335500000000138e+02
2.671370499999999879e+02
2.671422999999999774e+02
2.672217499999999859e+02
2.672557499999999777e+02
2.680192999999999870e+02
2.680446999999999775e+02
2.680692000000000235e+02
2.681707000000000107e+02
2.689819499999999834e+02
2.691442999999999870e+02
2.691727500000000077e+02
2.691753499999999804e+02
2.691799500000000194e+02
2.695144999999999982e+02
2.697755000000000223e+02
2.699445999999999799e+02
2.699703000000000088e+02
2.700013500000000022e+02
2.700453999999999724e+02
2.700495999999999981e+02
2.700564499999999839e+02
2.700572500000000105e+02
2.700602999999999838e+02
2.702436000000000149e+02
2.703381499999999846e+02
2.704434999999999718e+02
2.706754999999999995e+02
2.709059500000000185e+02
2.709160499999999843e+02
2.712106499999999869e+02
2.712882500000000050e+02
2.712952999999999975e+02
2.712989499999999907e+02
2.713027000000000157e+02
2.723013500000000136e+02
2.724343999999999824e+02
2.730704499999999939e+02
2.733555999999999813e+02
2.733883500000000026e+02
2.735330999999999904e+02
2.737761499999999728e+02
2.738716999999999757e+02
2.738801000000000272e+02
2.741148999999999774e+02
2.742760999999999854e+02
2.742810999999999808e+02
2.743777000000000044e+02
2.743829999999999814e+02
2.748989000000000260e+02
2.749277999999999906e+02
2.754642000000000053e+02
2.762239999999999895e+02
2.767644000000000233e+02
2.768190999999999917e+02
2.768870499999999879e+02
2.771129500000000121e+02
2.771193499999999972e+02
2.771254500000000007e+02
2.776728499999999826e+02
2.776763000000000261e+02
2.777088499999999840e+02
2.780820499999999811e+02
2.782237499999999955e+02
2.782393999999999892e+02
2.782734500000000253e+02
2.782784500000000207e+02
2.783605000000000018e+02
2.784961000000000126e+02
2.785395500000000197e+02
2.790009999999999764e+02
2.791642499999999814e+02
2.791782000000000039e+02
2.793725999999999772e+02
2.793835000000000264e+02
2.795876499999999965e+02
2.796492499999999950e+02
2.796892000000000280e+02
2.798521499999999946e+02
2.799164499999999975e+02
2.802138499999999794e+02
2.802768500000000245e+02
2.804289499999999862e+02
2.804826499999999783e+02
2.804912499999999795e+02
2.806564999999999941e+02
2.806659999999999968e+02
2.810360499999999888e+02
2.811071999999999775e+02
2.813309499999999730e+02
2.818596999999999753e+02
2.824680000000000177e+02
2.825339999999999918e+02
2.825378999999999792e+02
2.827510500000000206e+02
2.827565500000000043e+02
2.829875000000000114e+02
2.830434500000000071e+02
2.830484000000000151e+02
2.830673499999999763e+02
2.831222000000000207e+02
2.831275499999999852e+02
2.836567999999999756e+02
2.842368999999999915e+02
2.843165500000000065e+02
2.843253000000000270e+02
2.843328500000000076e+02
2.843504500000000235e+02
2.843579500000000166e+02
2.843738999999999919e+02
2.845009499999999889e+02
2.846643500000000131e+02
2.846709500000000048e+02
2.846852499999999964e+02
2.849271499999999833e+02
2.849790499999999724e+02
2.850559000000000083e+02
2.850595999999999890e+02
2.850697999999999865e+02
2.850711499999999887e+02
2.850773500000000240e+02
2.850837000000000216e+02
2.851967999999999961e+02
2.852085000000000150e+02
2.852679999999999723e+02
2.856653999999999769e+02
2.858088500000000067e+02
2.858527000000000271e+02
2.858600000000000136e+02
2.862644000000000233e+02
2.862663999999999760e+02
2.862710000000000150e+02
2.864163500000000226e+02
2.867465500000000134e+02
2.870781000000000063e+02
2.872921499999999924e+02
2.874205000000000041e+02
2.875360499999999888e+02
2.881161000000000172e+02
2.889456500000000005e+02
2.893099000000000274e+02
2.893149000000000228e+02
2.894159000000000219e+02
2.895910000000000082e+02
2.895955999999999904e+02
2.896081500000000233e+02
2.896098999999999819e+02
2.896233500000000163e+02
2.896279499999999985e+02
2.898416500000000156e+02
2.899609500000000253e+02
2.899633999999999787e+02
2.900919999999999845e+02
2.903106500000000096e+02
2.904744999999999777e+02
2.906279999999999859e+02
2.909062500000000000e+02
2.909108499999999822e+02
2.912663499999999885e+02
2.917504999999999882e+02
2.917903000000000020e+02
2.918905500000000188e+02
2.920013999999999896e+02
2.920606999999999971e+02
2.920650999999999726e+02
2.921662000000000035e+02
2.921922500000000014e+02
2.923025000000000091e+02
2.925634999999999764e+02
2.932764000000000237e+02
2.933431499999999801e+02
2.933473999999999933e+02
2.933593500000000063e+02
2.933636500000000069e+02
2.934094999999999800e+02
2.938550000000000182e+02
2.939580000000000268e+02
2.941979499999999916e+02
2.942327999999999975e+02
2.944631999999999721e+02
2.944669499999999971e+02
2.947244999999999777e+02
2.947264000000000124e+02
2.947314999999999827e+02
2.948886499999999842e+02
2.950794999999999959e+02
2.952024000000000115e+02
2.952199499999999830e+02
2.959569999999999936e+02
2.959617999999999824e+02
2.960134499999999775e+02
2.960351499999999874e+02
2.961569000000000074e+02
2.967255499999999984e+02
2.971049499999999739e+02
2.971098999999999819e+02
2.971953500000000190e+02
2.973016000000000076e+02
2.974773500000000013e+02
2.980835500000000025e+02
2.981804000000000201e+02
2.981874500000000126e+02
2.982653000000000247e+02
2.982705500000000143e+02
2.983621499999999855e+02
2.983720999999999890e+02
2.985402000000000271e+02
3.000668999999999755e+02
3.007187000000000126e+02
3.012423000000000002e+02
3.014040499999999838e+02
3.014082000000000221e+02
3.016021499999999946e+02
3.023520500000000197e+02
3.028425500000000170e+02
3.035876499999999965e+02
3.057139500000000112e+02
3.070061999999999784e+02
3.076313000000000102e+02
3.076372999999999820e+02
3.078466500000000110e+02
3.078511500000000183e+02
3.078867500000000064e+02
3.084031499999999824e+02
3.107366499999999974e+02
3.117783000000000015e+02
3.163407000000000266e+02
3.164698000000000206e+02
3.181661500000000160e+02
3.199626000000000090e+02
3.222237000000000080e+02
3.229375499999999874e+02
3.237922500000000241e+02
3.246261000000000081e+02
3.247734500000000253e+02
3.253853500000000167e+02
3.254248499999999922e+02
3.266429999999999723e+02
3.268464500000000044e+02
3.281716999999999871e+02
3.304468499999999835e+02
3.304612000000000194e+02
3.308831000000000131e+02
3.308843499999999835e+02
3.310893500000000245e+02
3.311117499999999723e+02
3.317387499999999818e+02
3.317628000000000270e+02
3.317683000000000106e+02
3.321041999999999916e+02
3.324051999999999794e+02
3.324084500000000162e+02
3.326484500000000253e+02
3.326890999999999963e+02
3.327825000000000273e+02
3.338697999999999979e+02
3.343967000000000098e+02
3.344021500000000060e+02
3.358482999999999947e+02
3.358557000000000130e+02
3.364585500000000025e+02
3.378747999999999934e+02
3.378811000000000035e+02
3.389470999999999776e+02
3.409417000000000257e+02
3.415274999999999750e+02
3.419076999999999771e+02
3.422149999999999750e+02
3.433632000000000062e+02
3.442500000000000000e+02
3.446018500000000131e+02
3.447615000000000123e+02
3.447676500000000033e+02
3.449566500000000246e+02
3.451265999999999963e+02
3.457604999999999791e+02
3.458468500000000176e+02
3.458518000000000256e+02
3.469667999999999779e+02
3.471486499999999751e+02
3.483200499999999806e+02
3.511805499999999824e+02
3.513779000000000110e+02
3.513859499999999798e+02
3.513993500000000267e+02
3.514053499999999985e+02
3.516037499999999909e+02
3.516939499999999725e+02
3.519316499999999905e+02
3.519495000000000005e+02
3.522794499999999971e+02
3.536293999999999755e+02
3.544392500000000155e+02
3.544667000000000030e+02
3.544846000000000004e+02
3.546206500000000119e+02
3.549695500000000266e+02
3.555728500000000167e+02
3.555819999999999936e+02
3.555871500000000083e+02
3.555906499999999824e+02
3.557379000000000246e+02
3.559712499999999977e+02
3.560973500000000058e+02
3.563822000000000116e+02
3.566671499999999924e+02
3.567094500000000039e+02
3.567232500000000073e+02
3.568305500000000166e+02
3.579682999999999993e+02
3.580261499999999728e+02
3.580445500000000152e+02
3.584198000000000093e+02
3.584350000000000023e+02
3.596191999999999780e+02
3.596943499999999858e+02
3.597010500000000093e+02
3.597120499999999765e+02
3.601475500000000238e+02
3.607666500000000269e+02
3.608929999999999723e+02
3.612026000000000181e+02
3.613668000000000120e+02
3.615192000000000121e+02
3.626808500000000208e+02
3.644350499999999897e+02
3.648741499999999860e+02
3.648792500000000132e+02
3.655842000000000098e+02
3.656028499999999894e+02
3.660387499999999932e+02
3.664121000000000095e+02
3.664740499999999770e+02
3.664790499999999724e+02
3.665119500000000130e+02
3.676279999999999859e+02
3.678224500000000035e+02
3.678272999999999797e+02
3.679922500000000127e+02
3.680009499999999889e+02
3.680058000000000220e+02
3.681357499999999732e+02
3.683666000000000054e+02
3.683706000000000245e+02
3.683756999999999948e+02
3.683849000000000160e+02
3.685636000000000081e+02
3.688199999999999932e+02
3.688233999999999924e+02
3.693972499999999854e+02
3.694431999999999903e+02
3.695580499999999802e+02
3.696322499999999991e+02
3.697211500000000228e+02
3.699933500000000208e+02
3.700208499999999958e+02
3.713716000000000008e+02
3.715517500000000268e+02
3.718045000000000186e+02
3.720337499999999977e+02
3.720359000000000265e+02
3.720634499999999889e+02
3.722353499999999826e+02
3.722759500000000230e+02
3.722803999999999860e+02
3.723136499999999955e+02
3.725174000000000092e+02
3.729395499999999970e+02
3.729467500000000086e+02
3.729516499999999724e+02
3.729669000000000096e+02
3.738800499999999829e+02
3.744510999999999967e+02
3.756270000000000095e+02
3.757431500000000142e+02
3.760144999999999982e+02
3.763605000000000018e+02
3.771107499999999959e+02
3.772438000000000216e+02
3.772961999999999989e+02
3.775721500000000219e+02
3.778478000000000065e+02
3.783793499999999881e+02
3.786464500000000157e+02
3.787733000000000061e+02
3.787862000000000080e+02
3.787965500000000247e+02
3.788024500000000216e+02
3.792639500000000226e+02
3.800305500000000052e+02
3.805406500000000278e+02
3.807128000000000156e+02
3.807173999999999978e+02
3.809400999999999726e+02
3.809738500000000272e+02
3.813023999999999774e+02
3.817143500000000245e+02
3.818004999999999995e+02
3.818020000000000209e+02
3.818067500000000223e+02
3.818179000000000087e+02
3.825708000000000197e+02
3.827773000000000252e+02
3.829084500000000162e+02
3.829203999999999724e+02
3.830364999999999895e+02
3.838581500000000233e+02
3.847232000000000198e+02
3.849349500000000148e+02
3.849585999999999899e+02
3.850514000000000010e+02
3.854051999999999794e+02
3.856397999999999797e+02
3.856409499999999753e+02
3.856485999999999876e+02
3.857731999999999744e+02
3.858192500000000109e+02
3.860721500000000219e+02
3.860769000000000233e+02
3.865540500000000179e+02
3.875108500000000049e+02
3.877689500000000180e+02
3.889514500000000226e+02
3.889763500000000249e+02
3.902812500000000000e+02
3.909366499999999860e+02
3.910829499999999825e+02
3.914724499999999807e+02
3.920914999999999964e+02
3.920926999999999794e+02
3.920985999999999763e+02
3.921024499999999762e+02
3.922946999999999775e+02
3.928199999999999932e+02
3.929451500000000124e+02
3.934746999999999844e+02
3.934763500000000249e+02
3.934840500000000247e+02
3.939993499999999926e+02
3.940054000000000087e+02
3.943168000000000006e+02
3.945763000000000034e+02
3.945869500000000016e+02
3.948337500000000091e+02
3.949217499999999745e+02
3.950208999999999833e+02
3.950346499999999992e+02
3.952388000000000261e+02
3.953940999999999804e+02
3.957105999999999995e+02
3.957143500000000245e+02
3.957151000000000067e+02
3.960142500000000041e+02
3.961693000000000211e+02
3.962203000000000088e+02
3.962325000000000159e+02
3.963260500000000093e+02
3.964307000000000016e+02
3.972046000000000276e+02
3.972092499999999973e+02
3.973636000000000195e+02
3.973677999999999884e+02
3.981981499999999983e+02
4.001689999999999827e+02
4.001717499999999745e+02
4.011866999999999734e+02
4.016006499999999733e+02
4.018113500000000045e+02
4.022762999999999920e+02
4.022855999999999881e+02
4.024180999999999813e+02
4.024331500000000119e+02
4.027555500000000279e+02
4.045728500000000167e+02
4.047058499999999981e+02
4.049028500000000008e+02
4.049393499999999904e+02
4.049859500000000025e+02
4.059619000000000142e+02
4.059667499999999905e+02
4.063618000000000166e+02
4.085316000000000258e+02
4.085323500000000081e+02
4.099676000000000045e+02
4.100912000000000148e+02
4.108641000000000076e+02
4.108693999999999846e+02
4.113759499999999889e+02
4.114770500000000197e+02
4.117629000000000019e+02
4.125087500000000205e+02
4.125265499999999861e+02
4.129084500000000162e+02
4.131562000000000126e+02
4.134889000000000010e+02
4.135099500000000035e+02
4.135199499999999944e+02
4.147744500000000016e+02
4.165634999999999764e+02
4.191068000000000211e+02
4.196193000000000097e+02
4.196278500000000236e+02
4.197724000000000046e+02
4.200414000000000101e+02
4.213548999999999864e+02
4.214805499999999938e+02
4.216157499999999914e+02
4.217789500000000089e+02
4.221469999999999914e+02
4.221536500000000274e+02
4.221644499999999880e+02
4.225923999999999978e+02
4.225978000000000065e+02
4.226290500000000065e+02
4.227038999999999760e+02
4.231428500000000099e+02
4.231465499999999906e+02
4.231478000000000179e+02
4.231694499999999834e+02
4.236446500000000128e+02
4.240366999999999962e+02
4.240473000000000070e+02
4.241557999999999993e+02
4.244196499999999901e+02
4.244352000000000089e+02
4.246909499999999866e+02
4.251886499999999955e+02
4.251965000000000146e+02
4.252083499999999958e+02
4.256206500000000119e+02
4.258002500000000055e+02
4.259925000000000068e+02
4.262241500000000087e+02
4.265407000000000153e+02
4.271854500000000030e+02
4.271877000000000066e+02
4.274010000000000105e+02
4.275980500000000006e+02
4.280176000000000158e+02
4.281136999999999944e+02
4.288523500000000013e+02
4.295550499999999943e+02
4.297174999999999727e+02
4.297893500000000131e+02
4.298176000000000272e+02
4.300645000000000095e+02
4.300711000000000013e+02
4.301336499999999887e+02
4.303464500000000044e+02
4.304485999999999990e+02
4.304802999999999997e+02
4.304857999999999834e+02
4.310305999999999926e+02
4.311791999999999803e+02
4.311870000000000118e+02
4.316598999999999933e+02
4.326401500000000055e+02
4.326635999999999740e+02
4.326682000000000130e+02
4.326732999999999834e+02
4.334614500000000135e+02
4.336995999999999754e+02
4.341859999999999786e+02
4.341890500000000088e+02
4.343992999999999824e+02
4.344148000000000138e+02
4.344183499999999754e+02
4.345062500000000227e+02
4.346082000000000107e+02
4.346195500000000038e+02
4.346292500000000132e+02
4.361186000000000149e+02
4.363442499999999882e+02
4.364882999999999811e+02
4.366258000000000266e+02
4.366349500000000035e+02
4.369594000000000165e+02
4.372887499999999932e+02
4.374232000000000085e+02
4.376207999999999743e+02
4.376246499999999742e+02
4.377722499999999854e+02
4.377775500000000193e+02
4.381397499999999923e+02
4.386933500000000095e+02
4.394596999999999980e+02
4.408448500000000081e+02
4.411999500000000012e+02
4.412032500000000255e+02
4.414671000000000163e+02
4.414918499999999995e+02
4.416442999999999870e+02
4.416599499999999807e+02
4.425425500000000056e+02
4.443614999999999782e+02
4.445622999999999934e+02
4.449863000000000284e+02
4.454651000000000067e+02
4.467108000000000061e+02
4.468317000000000121e+02
4.482257500000000050e+02
4.488472499999999741e+02
4.489590000000000032e+02
4.491957499999999754e+02
4.493048999999999751e+02
4.496116999999999848e+02
4.497752500000000282e+02
4.497853000000000065e+02
4.499547499999999900e+02
4.503031500000000165e+02
4.503267000000000166e+02
4.504432499999999777e+02
4.510061000000000035e+02
4.510120000000000005e+02
4.510617500000000177e+02
4.511614000000000146e+02
4.511899000000000228e+02
4.513104999999999905e+02
4.517468499999999949e+02
4.517535500000000184e+02
4.521759500000000003e+02
4.521811000000000149e+02
4.521857499999999845e+02
4.522981500000000210e+02
4.523014999999999759e+02
4.523133000000000266e+02
4.525658500000000117e+02
4.530606000000000222e+02
4.530683500000000095e+02
4.534995499999999993e+02
4.539313999999999965e+02
4.539530500000000188e+02
4.541143000000000143e+02
4.544807500000000005e+02
4.546781500000000165e+02
4.551179000000000201e+02
4.554291000000000054e+02
4.558709499999999935e+02
4.564147500000000264e+02
4.576576999999999771e+02
4.579683499999999867e+02
4.581697500000000218e+02
4.593040500000000179e+02
4.593352499999999736e+02
4.594517999999999915e+02
4.596231999999999971e+02
4.596258500000000140e+02
4.599605000000000246e+02
4.612956500000000233e+02
4.613037499999999795e+02
4.613106999999999971e+02
4.614963500000000067e+02
4.616705000000000041e+02
4.616732000000000085e+02
4.628279999999999745e+02
4.628306000000000040e+02
4.638596000000000004e+02
4.640110500000000116e+02
4.640145499999999856e+02
4.640167000000000144e+02
4.640222499999999854e+02
4.642584499999999821e+02
4.644316000000000031e+02
4.645270499999999743e+02
4.645346999999999866e+02
4.646417500000000018e+02
4.657604499999999916e+02
4.660045499999999947e+02
4.661759500000000003e+02
4.665747499999999945e+02
4.666046499999999924e+02
4.667115000000000009e+02
4.668625499999999988e+02
4.672122499999999832e+02
4.679419500000000198e+02
4.693488500000000272e+02
4.697500999999999749e+02
4.699220500000000129e+02
4.699259000000000128e+02
4.703582999999999856e+02
4.704518499999999790e+02
4.704566500000000246e+02
4.714635000000000105e+02
4.714729500000000257e+02
4.714775999999999954e+02
4.714822500000000218e+02
4.714866499999999974e+02
4.714907000000000039e+02
4.715164500000000203e+02
4.715495500000000106e+02
4.715767999999999915e+02
4.715779999999999745e+02
4.715964000000000169e+02
4.735674999999999955e+02
4.736349500000000035e+02
4.739479499999999916e+02
4.747364999999999782e+02
4.749356000000000222e+02
4.749399000000000228e+02
4.752691500000000246e+02
4.761947000000000116e+02
4.767665499999999952e+02
4.783020999999999958e+02
4.783070000000000164e+02
4.788279999999999745e+02
4.797919499999999857e+02
4.799385500000000206e+02
4.803768999999999778e+02
4.816240500000000111e+02
4.832966499999999996e+02
4.833018999999999892e+02
4.835335999999999785e+02
4.835386500000000183e+02
4.838791499999999814e+02
4.846654500000000212e+02
4.867511000000000081e+02
4.869534499999999753e+02
4.869696000000000140e+02
4.872221499999999992e+02
4.872275000000000205e+02
4.882006000000000085e+02
4.882172499999999786e+02
4.882183999999999742e+02
4.883732999999999720e+02
4.884854000000000269e+02
4.884879500000000121e+02
4.884982999999999720e+02
4.885296000000000163e+02
4.885430499999999938e+02
4.885443999999999960e+02
4.885502000000000180e+02
4.885561999999999898e+02
4.885627000000000066e+02
4.885733500000000049e+02
4.888319500000000062e+02
4.890894499999999994e+02
4.894106499999999755e+02
4.901764000000000010e+02
4.908297999999999774e+02
4.916630000000000109e+02
4.916782999999999788e+02
4.922628500000000145e+02
4.922667000000000144e+02
4.922716500000000224e+02
4.924574000000000069e+02
4.927352999999999952e+02
4.930548499999999876e+02
4.939635000000000105e+02
4.943142000000000280e+02
4.945993500000000154e+02
4.947079499999999825e+02
4.947318000000000211e+02
4.947390500000000202e+02
4.947466499999999883e+02
4.965335499999999911e+02
4.967278499999999894e+02
4.972444499999999721e+02
4.978094500000000266e+02
4.978124000000000251e+02
4.978272999999999797e+02
4.978554500000000189e+02
4.985833499999999958e+02
4.985880000000000223e+02
4.986009500000000116e+02
4.990334500000000162e+02
4.992194000000000074e+02
4.994929000000000201e+02
4.996018500000000131e+02
4.996134000000000128e+02
5.001745500000000106e+02
5.001788000000000238e+02
5.015914999999999964e+02
5.017179499999999734e+02
5.022126499999999965e+02
5.024078999999999837e+02
5.032665499999999952e+02
5.036021999999999821e+02
5.056225999999999772e+02
5.060452999999999975e+02
5.075575999999999794e+02
5.075697999999999865e+02
5.078882500000000277e+02
5.080329500000000280e+02
5.082550499999999829e+02
5.090609999999999786e+02
5.096489000000000260e+02
5.097425000000000068e+02
5.098390499999999861e+02
5.098471999999999866e+02
5.100289999999999964e+02
5.100380999999999858e+02
5.102764000000000237e+02
5.102812500000000000e+02
5.103256999999999834e+02
5.105239500000000135e+02
5.116590499999999793e+02
5.126326500000000124e+02
5.127380500000000438e+02
5.127531000000000176e+02
5.127539000000000442e+02
5.129469500000000153e+02
5.136971499999999651e+02
5.137077500000000327e+02
5.143194499999999607e+02
5.143238999999999805e+02
5.143699000000000296e+02
5.146438000000000557e+02
5.146564499999999498e+02
5.146627499999999600e+02
5.146720000000000255e+02
5.156079499999999598e+02
5.158003999999999678e+02
5.158469499999999925e+02
5.162048499999999649e+02
5.164249499999999671e+02
5.164296500000000378e+02
5.175128499999999576e+02
5.175236999999999625e+02
5.175537500000000364e+02
5.176795499999999493e+02
5.176974999999999909e+02
5.177259000000000242e+02
5.181865999999999985e+02
5.181925999999999704e+02
5.185815000000000055e+02
5.190262999999999920e+02
5.197018000000000484e+02
5.212626999999999953e+02
5.212790499999999838e+02
5.216340500000000020e+02
5.216357000000000426e+02
5.220044000000000324e+02
5.220084500000000389e+02
5.220118999999999687e+02
5.220802499999999782e+02
5.220854000000000497e+02
5.226909500000000435e+02
5.226992000000000189e+02
5.227082000000000335e+02
5.227151000000000067e+02
5.227217000000000553e+02
5.229392000000000280e+02
5.253301999999999907e+02
5.258398499999999558e+02
5.265348000000000184e+02
5.265393000000000256e+02
5.266849499999999580e+02
5.278437000000000126e+02
5.290241499999999633e+02
5.290874999999999773e+02
5.296495999999999640e+02
5.296737500000000409e+02
5.299224500000000262e+02
5.300611000000000104e+02
5.300742500000000064e+02
5.303546999999999798e+02
5.306526999999999816e+02
5.306675000000000182e+02
5.306732500000000528e+02
5.308858500000000049e+02
5.309039999999999964e+02
5.309649500000000444e+02
5.310267999999999802e+02
5.311260999999999513e+02
5.312689500000000180e+02
5.325276999999999816e+02
5.325351000000000568e+02
5.325404999999999518e+02
5.331169999999999618e+02
5.335493999999999915e+02
5.337217500000000427e+02
5.342685500000000047e+02
5.342887500000000500e+02
5.342921999999999798e+02
5.342939000000000078e+02
5.342997500000000173e+02
5.344241500000000542e+02
5.360005499999999756e+02
5.364370499999999993e+02
5.366551500000000487e+02
5.368652499999999463e+02
5.396550499999999602e+02
5.396590499999999793e+02
5.409624000000000024e+02
5.409741500000000087e+02
5.425313499999999749e+02
5.429376499999999623e+02
5.432088999999999714e+02
5.443608000000000402e+02
5.481358999999999924e+02
5.493153499999999667e+02
5.495749499999999443e+02
5.501913500000000568e+02
5.503636999999999944e+02
5.504021000000000186e+02
5.506681499999999687e+02
5.506860000000000355e+02
5.508427000000000362e+02
5.527857000000000198e+02
5.527884500000000116e+02
5.536459499999999707e+02
5.541888000000000147e+02
5.558360999999999876e+02
5.560146999999999480e+02
5.560182999999999538e+02
5.560218499999999722e+02
5.560271000000000186e+02
5.565759500000000344e+02
5.565963000000000420e+02
5.574675499999999602e+02
5.574917500000000246e+02
5.575024499999999534e+02
5.583509500000000116e+02
5.589589999999999463e+02
5.589617500000000518e+02
5.597617000000000189e+02
5.614681000000000495e+02
5.620687500000000227e+02
5.623939500000000180e+02
5.625407500000000027e+02
5.625575499999999920e+02
5.635270500000000311e+02
5.639480999999999540e+02
5.642251999999999725e+02
5.654586000000000467e+02
5.672984000000000151e+02
5.696888500000000022e+02
5.698542999999999665e+02
5.698694000000000415e+02
5.702595000000000027e+02
5.703710499999999683e+02
5.707225499999999556e+02
5.711485000000000127e+02
5.715004500000000007e+02
5.723803000000000338e+02
5.724370999999999867e+02
5.731857999999999720e+02
5.733369000000000142e+02
5.734156000000000404e+02
5.738582000000000107e+02
5.740855000000000246e+02
5.742965000000000373e+02
5.743344499999999471e+02
5.743390000000000555e+02
5.743451499999999896e+02
5.747342499999999745e+02
5.749491500000000315e+02
