8.403650000000000730e+00
1.141249999999999964e+01
1.361025000000000063e+01
1.374419999999999931e+01
1.394415000000000049e+01
1.683374999999999844e+01
1.833674999999999855e+01
1.833885000000000076e+01
1.864310000000000045e+01
1.887389999999999901e+01
2.014440000000000097e+01
2.014730000000000132e+01
2.188550000000000040e+01
2.209975000000000023e+01
2.216094999999999970e+01
2.220495000000000019e+01
2.220974999999999966e+01
2.274490000000000123e+01
2.274699999999999989e+01
2.287859999999999872e+01
2.587184999999999846e+01
2.604795000000000016e+01
2.622439999999999927e+01
2.664969999999999928e+01
2.684019999999999939e+01
2.998704999999999998e+01
3.191805000000000092e+01
3.196379999999999910e+01
3.215635000000000332e+01
3.484420000000000073e+01
3.502944999999999709e+01
3.816814999999999714e+01
3.864034999999999798e+01
4.014065000000000083e+01
4.067325000000000301e+01
4.067669999999999675e+01
4.626010000000000133e+01
4.763875000000000171e+01
4.786939999999999884e+01
4.942094999999999771e+01
4.942895000000000039e+01
5.007925000000000182e+01
5.046065000000000111e+01
5.211825000000000330e+01
5.320035000000000025e+01
5.458330000000000126e+01
5.649884999999999735e+01
5.723955000000000126e+01
5.777179999999999893e+01
5.935365000000000180e+01
5.943350000000000222e+01
6.082159999999999656e+01
6.129545000000000243e+01
6.159855000000000302e+01
6.165245000000000175e+01
6.168045000000000044e+01
6.185555000000000092e+01
6.242000000000000171e+01
6.258335000000000292e+01
6.286990000000000123e+01
6.293854999999999933e+01
6.327145000000000152e+01
6.402979999999999450e+01
6.407335000000000491e+01
6.450235000000000696e+01
6.500865000000000293e+01
6.515755000000000052e+01
6.516700000000000159e+01
6.529609999999999559e+01
6.538264999999999816e+01
6.541160000000000707e+01
6.589740000000000464e+01
6.606494999999999607e+01
6.622785000000000366e+01
6.653404999999999347e+01
6.753955000000000553e+01
6.959534999999999627e+01
6.975539999999999452e+01
7.007399999999999807e+01
7.244455000000000666e+01
7.418009999999999593e+01
7.419299999999999784e+01
7.440869999999999607e+01
7.473754999999999882e+01
7.479160000000000252e+01
7.479455000000000098e+01
7.772814999999999941e+01
7.773029999999999973e+01
8.296089999999999520e+01
8.297599999999999909e+01
8.503414999999999679e+01
8.558305000000000007e+01
8.605814999999999770e+01
8.909449999999999648e+01
9.149694999999999823e+01
9.433454999999999302e+01
9.547490000000000521e+01
9.560495000000000232e+01
9.713949999999999818e+01
9.719025000000000603e+01
9.724519999999999698e+01
9.935099999999999909e+01
9.951794999999999902e+01
9.951949999999999363e+01
1.033789500000000032e+02
1.081735000000000042e+02
1.088323000000000036e+02
1.092133000000000038e+02
1.092279000000000053e+02
1.106282000000000068e+02
1.122605999999999966e+02
1.168817999999999984e+02
1.212360500000000059e+02
1.228687000000000040e+02
1.246945999999999941e+02
1.310444999999999993e+02
1.337383000000000095e+02
1.359880499999999870e+02
1.364507499999999993e+02
1.368930000000000007e+02
1.377305000000000064e+02
1.390269000000000119e+02
1.400045499999999947e+02
1.401350999999999942e+02
1.407592500000000086e+02
1.443360000000000127e+02
1.494979500000000030e+02
1.546868000000000052e+02
1.551378499999999860e+02
1.600766500000000008e+02
1.627959999999999923e+02
1.674250999999999863e+02
1.688058000000000050e+02
1.691776999999999873e+02
1.741875000000000000e+02
1.774857499999999959e+02
1.788413999999999930e+02
1.788444000000000074e+02
1.788471499999999992e+02
1.819327999999999861e+02
1.847426499999999976e+02
1.931679000000000030e+02
1.931753999999999962e+02
1.933498500000000035e+02
1.935335000000000036e+02
1.935482000000000085e+02
1.935661499999999933e+02
1.936562500000000000e+02
1.959880499999999870e+02
1.964487000000000023e+02
1.978615499999999940e+02
1.984742500000000121e+02
2.025887999999999920e+02
2.025913500000000056e+02
2.025928999999999860e+02
2.029577500000000043e+02
2.029666499999999871e+02
2.030583499999999901e+02
2.030636499999999955e+02
2.030654999999999859e+02
2.030680499999999995e+02
2.030706000000000131e+02
2.031608500000000106e+02
2.031672499999999957e+02
2.032980000000000018e+02
2.033044999999999902e+02
2.034715999999999951e+02
2.072484000000000037e+02
2.072548500000000047e+02
2.096836500000000001e+02
2.120166000000000111e+02
2.121606999999999914e+02
2.121650500000000079e+02
2.121676999999999964e+02
2.122328500000000133e+02
2.125373500000000035e+02
2.125466000000000122e+02
2.125943499999999915e+02
2.126269499999999937e+02
2.126295000000000073e+02
2.126751999999999896e+02
2.126777500000000032e+02
2.147957000000000107e+02
2.152105500000000120e+02
2.152128500000000031e+02
2.154990500000000111e+02
2.156233499999999879e+02
2.161340500000000020e+02
2.161366500000000030e+02
2.162871499999999969e+02
2.182753500000000031e+02
2.188159499999999866e+02
2.188237499999999898e+02
2.190244999999999891e+02
2.190269999999999868e+02
2.193936999999999955e+02
2.195388499999999965e+02
2.202954499999999882e+02
2.209593999999999880e+02
2.210750500000000045e+02
2.218142499999999870e+02
2.218173500000000047e+02
2.219435499999999877e+02
2.220817000000000121e+02
2.221071000000000026e+02
2.222826499999999896e+02
2.230026499999999885e+02
2.244596999999999980e+02
2.247854000000000099e+02
2.248591000000000122e+02
2.248632000000000062e+02
2.248667000000000087e+02
2.249514499999999941e+02
2.249554500000000132e+02
2.249690500000000100e+02
2.250533499999999947e+02
2.251051999999999964e+02
2.251076500000000067e+02
2.256869499999999960e+02
2.257083000000000084e+02
2.269455499999999972e+02
2.274490999999999872e+02
2.277418000000000120e+02
2.277464999999999975e+02
2.277880499999999984e+02
2.277908999999999935e+02
2.280629000000000133e+02
2.280678000000000054e+02
2.281673000000000116e+02
2.281971499999999935e+02
2.282000999999999920e+02
2.283463500000000010e+02
2.283604499999999859e+02
2.283804000000000087e+02
2.288504000000000076e+02
2.288703500000000020e+02
2.288819000000000017e+02
2.289876500000000021e+02
2.300094499999999869e+02
2.300118999999999971e+02
2.301165000000000020e+02
2.301269000000000062e+02
2.301373000000000104e+02
2.304088999999999885e+02
2.304264499999999884e+02
2.304304500000000075e+02
2.304542500000000018e+02
2.304573499999999910e+02
2.308600500000000011e+02
2.309369000000000085e+02
2.310676499999999862e+02
2.311136999999999944e+02
2.312026999999999930e+02
2.323333499999999958e+02
2.325485999999999933e+02
2.325508499999999970e+02
2.329631500000000131e+02
2.329675000000000011e+02
2.329712499999999977e+02
2.330774999999999864e+02
2.332046499999999867e+02
2.332187999999999874e+02
2.332212000000000103e+02
2.332236499999999921e+02
2.332861000000000047e+02
2.333095999999999890e+02
2.333287500000000136e+02
2.333343500000000006e+02
2.337227000000000032e+02
2.337335999999999956e+02
2.338790500000000065e+02
2.339459999999999980e+02
2.339516500000000008e+02
2.339541999999999859e+02
2.340715999999999894e+02
2.345508499999999970e+02
2.346235499999999945e+02
2.346257999999999981e+02
2.348099499999999864e+02
2.353728000000000122e+02
2.356171999999999969e+02
2.356192499999999939e+02
2.357709999999999866e+02
2.357728500000000054e+02
2.359640499999999861e+02
2.360226000000000113e+02
2.360255500000000097e+02
2.361886499999999955e+02
2.366132000000000062e+02
2.366154999999999973e+02
2.366204500000000053e+02
2.366217499999999916e+02
2.366229500000000030e+02
2.366243000000000052e+02
2.366267499999999870e+02
2.366356000000000108e+02
2.367038499999999885e+02
2.367064000000000021e+02
2.367089499999999873e+02
2.370742500000000064e+02
2.370777999999999963e+02
2.371257500000000107e+02
2.371277000000000044e+02
2.371300500000000113e+02
2.373606000000000051e+02
2.373693499999999972e+02
2.373795000000000073e+02
2.376612000000000080e+02
2.376655000000000086e+02
2.378067000000000064e+02
2.380535500000000013e+02
2.382408499999999947e+02
2.382432000000000016e+02
2.383515999999999906e+02
2.384842500000000030e+02
2.384868500000000040e+02
2.384893999999999892e+02
2.388949000000000069e+02
2.390703499999999906e+02
2.395197000000000003e+02
2.395269999999999868e+02
2.396542499999999905e+02
2.396560000000000059e+02
2.399517500000000041e+02
2.400221500000000106e+02
2.400284499999999923e+02
2.400319000000000074e+02
2.401729499999999859e+02
2.415772499999999923e+02
2.420311000000000092e+02
2.420361000000000047e+02
2.422180500000000052e+02
2.422293500000000108e+02
2.422350000000000136e+02
2.423660999999999888e+02
2.424536999999999978e+02
2.424754000000000076e+02
2.427741499999999917e+02
2.427779999999999916e+02
2.428031499999999880e+02
2.428054999999999950e+02
2.428241500000000030e+02
2.428470499999999959e+02
2.428957499999999925e+02
2.429099999999999966e+02
2.433548499999999990e+02
2.433575500000000034e+02
2.433805499999999995e+02
2.435895999999999901e+02
2.436005499999999984e+02
2.436074000000000126e+02
2.438733499999999879e+02
2.438756999999999948e+02
2.438783999999999992e+02
2.439583499999999958e+02
2.439610999999999876e+02
2.440078499999999906e+02
2.447035500000000070e+02
2.447958500000000015e+02
2.449267000000000110e+02
2.450295999999999879e+02
2.455489499999999907e+02
2.459505499999999927e+02
2.459554500000000132e+02
2.461416499999999985e+02
2.461548500000000104e+02
2.465301000000000045e+02
2.465443999999999960e+02
2.470324999999999989e+02
2.470522499999999866e+02
2.470770500000000141e+02
2.470794500000000085e+02
2.470828999999999951e+02
2.471812500000000057e+02
2.473506500000000017e+02
2.474627000000000123e+02
2.474659000000000049e+02
2.474695000000000107e+02
2.476485999999999876e+02
2.478328500000000076e+02
2.481317999999999984e+02
2.481371499999999912e+02
2.489907000000000039e+02
2.493181500000000028e+02
2.495091999999999928e+02
2.498211499999999887e+02
2.498401499999999942e+02
2.505822499999999877e+02
2.511971499999999935e+02
2.515696499999999958e+02
2.515719499999999869e+02
2.515742500000000064e+02
2.515766000000000133e+02
2.516400500000000022e+02
2.517238999999999862e+02
2.518153499999999951e+02
2.519655999999999949e+02
2.519763499999999965e+02
2.521036000000000001e+02
2.521098499999999945e+02
2.521127500000000055e+02
2.521220000000000141e+02
2.521252000000000066e+02
2.521359500000000082e+02
2.521699500000000000e+02
2.526373000000000104e+02
2.526395500000000141e+02
2.526419500000000085e+02
2.529519500000000107e+02
2.529858000000000118e+02
2.529884500000000003e+02
2.530481499999999926e+02
2.530545500000000061e+02
2.532756500000000131e+02
2.536939999999999884e+02
2.537039000000000044e+02
2.547129500000000064e+02
2.551721000000000004e+02
2.551828500000000020e+02
2.551894499999999937e+02
2.551923999999999921e+02
2.551955499999999972e+02
2.553153000000000077e+02
2.555219500000000039e+02
2.555256500000000131e+02
2.561004500000000235e+02
2.565676000000000272e+02
2.567142000000000053e+02
2.567174499999999853e+02
2.567194999999999823e+02
2.567225500000000125e+02
2.567256499999999733e+02
2.567881499999999733e+02
2.574159500000000094e+02
2.574226499999999760e+02
2.574322000000000230e+02
2.582280499999999961e+02
2.582311000000000263e+02
2.582715999999999781e+02
2.588639999999999759e+02
2.589560999999999922e+02
2.610944499999999948e+02
2.611970999999999776e+02
2.614052500000000236e+02
2.614060499999999934e+02
2.616394500000000107e+02
2.616419000000000210e+02
2.616432500000000232e+02
2.616505500000000097e+02
2.616599499999999807e+02
2.617836500000000228e+02
2.621027000000000271e+02
2.621180499999999824e+02
2.623956499999999892e+02
2.628306499999999915e+02
2.629003500000000031e+02
2.634198000000000093e+02
2.637733499999999935e+02
2.641378500000000145e+02
2.641400499999999738e+02
2.641486499999999751e+02
2.641583999999999719e+02
2.642325000000000159e+02
2.642502999999999815e+02
2.643460999999999785e+02
2.643539499999999975e+02
2.643586500000000115e+02
2.643616000000000099e+02
2.648591999999999871e+02
2.659739999999999895e+02
2.660770499999999856e+02
2.660823500000000195e+02
2.664940500000000156e+02
2.674230999999999767e+02
2.674513000000000034e+02
2.685258000000000038e+02
2.686125499999999988e+02
2.687644500000000107e+02
2.687674999999999841e+02
2.688224000000000160e+02
2.688311499999999796e+02
2.688340000000000032e+02
2.688367000000000075e+02
2.703326000000000136e+02
2.706777000000000157e+02
2.732254500000000235e+02
2.733767000000000280e+02
2.737343500000000063e+02
2.743278999999999996e+02
2.743471000000000117e+02
2.743616999999999848e+02
2.764427499999999895e+02
2.764460500000000138e+02
2.764514500000000226e+02
2.765332999999999970e+02
2.765407999999999902e+02
2.765857500000000186e+02
2.766132000000000062e+02
2.766155999999999722e+02
2.766182999999999765e+02
2.766209499999999935e+02
2.787624999999999886e+02
2.788903000000000247e+02
2.798457000000000221e+02
2.800898000000000252e+02
2.805719500000000153e+02
2.810511000000000195e+02
2.815676500000000146e+02
2.817823000000000206e+02
2.828480000000000132e+02
2.828498999999999910e+02
2.831034999999999968e+02
2.835654999999999859e+02
2.835813499999999863e+02
2.857015999999999849e+02
2.858156000000000176e+02
2.873432000000000244e+02
2.882474000000000274e+02
2.889644000000000119e+02
2.889666000000000281e+02
2.889732999999999947e+02
2.890443500000000085e+02
2.890778000000000247e+02
2.895637500000000273e+02
2.897074000000000069e+02
2.899044999999999845e+02
2.899080999999999904e+02
2.901924500000000080e+02
2.902421499999999810e+02
2.902654499999999871e+02
2.913931000000000040e+02
2.955110000000000241e+02
2.958885000000000218e+02
2.958971999999999980e+02
2.959006499999999846e+02
2.959543499999999767e+02
2.959602499999999736e+02
2.960079499999999939e+02
2.960106999999999857e+02
3.020471000000000004e+02
3.020531500000000165e+02
3.055488500000000158e+02
3.061752000000000180e+02
3.066522499999999809e+02
3.081190000000000282e+02
3.082736499999999751e+02
3.084377499999999941e+02
3.087955999999999790e+02
3.088703499999999735e+02
3.096844500000000266e+02
3.132699000000000069e+02
3.142284000000000219e+02
3.143016999999999825e+02
3.143093499999999949e+02
3.143350500000000238e+02
3.146191999999999780e+02
3.148448000000000206e+02
3.151753499999999804e+02
3.172809500000000185e+02
3.174126999999999725e+02
3.192715499999999906e+02
3.195595999999999890e+02
3.198181999999999903e+02
3.198396500000000060e+02
3.198897000000000048e+02
3.199440000000000168e+02
3.199569000000000187e+02
3.200223500000000172e+02
3.204515000000000100e+02
3.205372499999999718e+02
3.209019499999999994e+02
3.212595000000000027e+02
3.212669999999999959e+02
3.213142500000000155e+02
3.213334500000000276e+02
3.214003000000000156e+02
3.214195500000000152e+02
3.214817499999999768e+02
3.216636500000000183e+02
3.217197499999999764e+02
3.217212000000000103e+02
3.218070999999999913e+02
3.219161500000000160e+02
3.219729500000000257e+02
3.219839000000000055e+02
3.220539999999999736e+02
3.221381499999999960e+02
3.222253999999999792e+02
3.225448499999999967e+02
3.225509500000000003e+02
3.227504000000000133e+02
3.234191500000000019e+02
3.234422000000000139e+02
3.264560999999999922e+02
3.265606000000000222e+02
3.265788000000000011e+02
3.268125499999999874e+02
3.268938499999999863e+02
3.269410500000000184e+02
3.272672000000000025e+02
3.274739500000000021e+02
3.276972499999999968e+02
3.278216499999999769e+02
3.278587999999999738e+02
3.282119000000000142e+02
3.282887499999999932e+02
3.284738500000000272e+02
3.285149000000000115e+02
3.288376999999999839e+02
3.289658000000000015e+02
3.290261499999999728e+02
3.292452999999999861e+02
3.293623499999999922e+02
3.295176000000000158e+02
3.308993500000000267e+02
3.312198500000000081e+02
3.324527499999999804e+02
3.364379999999999882e+02
3.375470500000000129e+02
3.379331000000000245e+02
3.429900499999999965e+02
3.429932000000000016e+02
3.444741999999999962e+02
3.458213499999999954e+02
3.460301499999999919e+02
3.463384500000000230e+02
3.465225500000000238e+02
3.465443000000000211e+02
3.465497500000000173e+02
3.465942999999999756e+02
3.466555500000000052e+02
3.468036999999999921e+02
3.468654500000000098e+02
3.469524000000000115e+02
3.471086500000000115e+02
3.471585499999999911e+02
3.472314499999999953e+02
3.474223499999999945e+02
3.475153000000000247e+02
3.475260499999999979e+02
3.478360999999999876e+02
3.479025500000000193e+02
3.481544000000000096e+02
3.483727999999999838e+02
3.484341499999999883e+02
3.485568999999999846e+02
3.486751499999999737e+02
3.488739499999999794e+02
3.491306999999999903e+02
3.493557000000000130e+02
3.493745000000000118e+02
3.493758000000000266e+02
3.495931499999999801e+02
3.496542000000000030e+02
3.497452999999999861e+02
3.497499500000000126e+02
3.498303500000000099e+02
3.498335000000000150e+02
3.499254000000000246e+02
3.499317500000000223e+02
3.500026500000000169e+02
3.500904499999999757e+02
3.500957500000000095e+02
3.502332499999999982e+02
3.506200000000000045e+02
3.520466000000000122e+02
3.540084499999999821e+02
3.544918999999999869e+02
3.595785000000000196e+02
3.597961000000000240e+02
3.598784999999999741e+02
3.608944500000000062e+02
3.624080999999999904e+02
3.626564000000000192e+02
3.626930500000000279e+02
3.627617500000000064e+02
3.629818000000000211e+02
3.630814500000000180e+02
3.631037999999999784e+02
3.632128999999999905e+02
3.633423500000000104e+02
3.635215999999999781e+02
3.644540499999999952e+02
3.644615999999999758e+02
3.647355000000000018e+02
3.681576000000000022e+02
3.684762999999999806e+02
3.689983500000000163e+02
3.690013500000000022e+02
3.705924999999999727e+02
3.707205500000000029e+02
3.732968000000000188e+02
3.735529999999999973e+02
3.737778000000000134e+02
3.739578000000000202e+02
3.741659000000000219e+02
3.742909000000000219e+02
3.748059999999999832e+02
3.748156000000000176e+02
3.748412999999999897e+02
3.750527999999999906e+02
3.751301500000000146e+02
3.758226000000000226e+02
3.758267500000000041e+02
3.824691500000000133e+02
3.836486499999999751e+02
3.836512999999999920e+02
3.836529499999999757e+02
3.841599499999999807e+02
3.872617000000000189e+02
3.872669500000000085e+02
3.876822999999999979e+02
3.897402500000000032e+02
3.917155500000000075e+02
3.917207000000000221e+02
3.952423499999999876e+02
3.957355499999999893e+02
3.964199499999999716e+02
4.016725500000000011e+02
4.035757500000000277e+02
4.060720000000000027e+02
4.079250999999999863e+02
4.082357000000000085e+02
4.084129500000000235e+02
4.085154999999999745e+02
4.085168499999999767e+02
4.085218499999999722e+02
4.086028999999999769e+02
4.087597999999999843e+02
4.088365999999999758e+02
4.089221499999999878e+02
4.103247999999999820e+02
4.131309999999999718e+02
4.154060499999999934e+02
4.164758499999999799e+02
4.165322499999999764e+02
4.167280499999999961e+02
4.168191499999999792e+02
4.173025000000000091e+02
4.175087500000000205e+02
4.175329500000000280e+02
4.175339500000000044e+02
4.176947000000000116e+02
4.179456999999999880e+02
4.180366500000000087e+02
4.180876499999999965e+02
4.181270499999999970e+02
4.183521999999999821e+02
4.185230999999999995e+02
4.207926499999999805e+02
4.209526999999999930e+02
4.238566999999999894e+02
4.352953999999999724e+02
4.356782499999999914e+02
4.363926500000000033e+02
4.387257000000000176e+02
4.422887999999999806e+02
4.462384999999999877e+02
4.462527499999999918e+02
4.468942499999999995e+02
4.481970000000000027e+02
4.482033999999999878e+02
4.496400499999999738e+02
4.529130499999999984e+02
4.534053000000000111e+02
4.543697999999999979e+02
4.606009000000000242e+02
4.710876499999999965e+02
4.750733000000000175e+02
4.763535499999999843e+02
4.796057500000000005e+02
4.797640499999999975e+02
4.800837500000000091e+02
4.802103999999999928e+02
4.802903499999999894e+02
4.803920499999999834e+02
4.806471000000000231e+02
4.806591999999999985e+02
4.814503000000000270e+02
4.815532000000000039e+02
4.816100000000000136e+02
4.824537500000000136e+02
4.837638499999999908e+02
4.888752000000000066e+02
4.906301500000000146e+02
4.965471000000000004e+02
4.974741000000000213e+02
4.975993000000000279e+02
4.978421000000000163e+02
4.996621000000000095e+02
4.998337999999999965e+02
5.000689499999999725e+02
5.021844500000000266e+02
5.051657000000000153e+02
5.063669499999999744e+02
5.063697999999999979e+02
5.063728500000000281e+02
5.126551500000000487e+02
5.126590499999999793e+02
5.168111999999999853e+02
5.168135999999999513e+02
5.184375499999999874e+02
5.198522500000000264e+02
5.207662500000000136e+02
5.220030000000000427e+02
5.249492500000000064e+02
5.252485500000000229e+02
5.294421999999999571e+02
5.299927999999999884e+02
5.300428000000000566e+02
5.302755499999999529e+02
5.303931999999999789e+02
5.335929499999999734e+02
5.348208499999999503e+02
5.352200000000000273e+02
5.404334000000000060e+02
5.410596500000000333e+02
5.411853499999999713e+02
5.413280999999999494e+02
5.413320999999999685e+02
5.414991499999999860e+02
5.420329500000000280e+02
5.422882499999999482e+02
5.425731500000000551e+02
5.425928000000000111e+02
5.432323999999999842e+02
5.432504000000000133e+02
5.433082000000000562e+02
5.433631000000000313e+02
5.440195499999999811e+02
5.442980999999999767e+02
5.444579999999999700e+02
5.453707000000000562e+02
5.459699500000000398e+02
5.463307499999999663e+02
5.465565500000000156e+02
5.467708499999999958e+02
5.510067500000000109e+02
5.515054999999999836e+02
5.521847999999999956e+02
5.537033000000000129e+02
5.544380499999999756e+02
5.577059500000000298e+02
5.577107999999999493e+02
5.618209000000000515e+02
5.627391999999999825e+02
5.631962999999999511e+02
5.643792999999999438e+02
5.643824499999999489e+02
5.650643499999999904e+02
5.653881499999999960e+02
5.669983499999999594e+02
5.678726000000000340e+02
5.683528499999999894e+02
5.716615500000000338e+02
