8.583949999999999747e+00
1.230514999999999937e+01
2.203190000000000026e+01
2.310099999999999909e+01
2.690074999999999861e+01
3.752790000000000248e+01
3.900444999999999851e+01
3.900730000000000075e+01
3.992699999999999960e+01
5.010354999999999848e+01
5.016675000000000040e+01
5.065169999999999817e+01
5.098570000000000135e+01
5.109040000000000248e+01
5.435544999999999760e+01
5.435819999999999652e+01
5.436175000000000068e+01
5.514339999999999975e+01
6.454614999999999725e+01
6.459300000000000352e+01
6.568099999999999739e+01
6.647589999999999577e+01
7.026175000000000637e+01
7.030695000000000050e+01
7.256225000000000591e+01
7.256539999999999679e+01
7.285609999999999786e+01
7.456435000000000457e+01
8.232075000000000387e+01
8.232529999999999859e+01
8.423350000000000648e+01
8.423789999999999623e+01
9.668165000000000475e+01
9.668465000000000487e+01
9.711180000000000234e+01
9.763384999999999536e+01
9.916724999999999568e+01
1.023022500000000008e+02
1.023058500000000066e+02
1.053889499999999941e+02
1.117403999999999940e+02
1.133657000000000039e+02
1.138393499999999960e+02
1.165982000000000056e+02
1.177192500000000024e+02
1.232083999999999975e+02
1.232112000000000052e+02
1.232144499999999994e+02
1.237886500000000041e+02
1.245258500000000055e+02
1.301905500000000018e+02
1.339752499999999884e+02
1.345037000000000091e+02
1.345081999999999880e+02
1.348680500000000109e+02
1.363854499999999916e+02
1.368016499999999951e+02
1.369650000000000034e+02
1.375775500000000022e+02
1.376624500000000069e+02
1.409029500000000041e+02
1.417142499999999927e+02
1.420939500000000066e+02
1.420977499999999907e+02
1.432163500000000056e+02
1.440398999999999887e+02
1.454288999999999987e+02
1.504838000000000022e+02
1.512185499999999934e+02
1.528633000000000095e+02
1.542023000000000081e+02
1.599228999999999985e+02
1.599273499999999899e+02
1.610305999999999926e+02
1.624844500000000096e+02
1.643634999999999877e+02
1.653228499999999883e+02
1.659534500000000037e+02
1.685120499999999879e+02
1.774243500000000040e+02
1.790326499999999896e+02
1.790350500000000125e+02
1.790376500000000135e+02
1.793500500000000102e+02
1.810443999999999960e+02
1.810478999999999985e+02
1.878928999999999974e+02
1.878959499999999991e+02
1.878993000000000109e+02
1.887819000000000074e+02
1.935976499999999874e+02
1.950691500000000076e+02
1.950719499999999869e+02
1.965812500000000114e+02
1.965841499999999940e+02
1.979962500000000034e+02
1.979995999999999867e+02
1.985544500000000028e+02
1.985578500000000020e+02
1.990745499999999879e+02
2.026396499999999889e+02
2.026424499999999966e+02
2.026457000000000050e+02
2.035059500000000128e+02
2.035091500000000053e+02
2.039649499999999875e+02
2.066643500000000131e+02
2.071840500000000134e+02
2.071875499999999874e+02
2.076088000000000022e+02
2.082307999999999879e+02
2.110575000000000045e+02
2.110616499999999860e+02
2.122506999999999948e+02
2.122543000000000006e+02
2.122798999999999978e+02
2.128352500000000020e+02
2.128381500000000131e+02
2.128420500000000004e+02
2.138707499999999868e+02
2.146415000000000077e+02
2.146445500000000095e+02
2.161393500000000074e+02
2.169853500000000111e+02
2.169881000000000029e+02
2.169913500000000113e+02
2.174827500000000100e+02
2.174856000000000051e+02
2.191015500000000031e+02
2.192413999999999987e+02
2.202398000000000025e+02
2.207204000000000121e+02
2.218055500000000109e+02
2.218079500000000053e+02
2.218110000000000070e+02
2.224187499999999886e+02
2.224210999999999956e+02
2.224242000000000132e+02
2.241917500000000132e+02
2.241944000000000017e+02
2.241978499999999883e+02
2.248428000000000111e+02
2.248448999999999955e+02
2.248471000000000117e+02
2.248497500000000002e+02
2.251673999999999864e+02
2.251697000000000060e+02
2.251721499999999878e+02
2.258965499999999906e+02
2.258994000000000142e+02
2.271442499999999995e+02
2.271465499999999906e+02
2.271490499999999884e+02
2.271522500000000093e+02
2.284716500000000110e+02
2.284747000000000128e+02
2.289320999999999913e+02
2.289359499999999912e+02
2.301548999999999978e+02
2.301574500000000114e+02
2.301603499999999940e+02
2.306727500000000077e+02
2.306752999999999929e+02
2.306781000000000006e+02
2.308919999999999959e+02
2.308960500000000025e+02
2.310896999999999935e+02
2.316848999999999990e+02
2.319772499999999980e+02
2.319800999999999931e+02
2.319833999999999889e+02
2.325880500000000097e+02
2.325903500000000008e+02
2.325927499999999952e+02
2.325960499999999911e+02
2.334241499999999974e+02
2.334273499999999899e+02
2.337104999999999961e+02
2.337137500000000045e+02
2.339228999999999985e+02
2.345448000000000093e+02
2.345473499999999945e+02
2.354028999999999883e+02
2.354051499999999919e+02
2.354074500000000114e+02
2.354103000000000065e+02
2.358006499999999903e+02
2.358032499999999914e+02
2.358062999999999931e+02
2.363305499999999881e+02
2.363327500000000043e+02
2.363350499999999954e+02
2.363377499999999998e+02
2.367470000000000141e+02
2.367495000000000118e+02
2.367525500000000136e+02
2.376365999999999872e+02
2.376392500000000041e+02
2.376426999999999907e+02
2.379780000000000086e+02
2.385067999999999984e+02
2.385095000000000027e+02
2.385126500000000078e+02
2.389287500000000080e+02
2.389321500000000071e+02
2.392697499999999877e+02
2.392740000000000009e+02
2.397972499999999911e+02
2.397998000000000047e+02
2.398027500000000032e+02
2.400868000000000109e+02
2.400894000000000119e+02
2.400920999999999879e+02
2.405989500000000021e+02
2.406029000000000053e+02
2.413780500000000018e+02
2.413805499999999995e+02
2.413831500000000005e+02
2.416733499999999992e+02
2.416771500000000117e+02
2.420269999999999868e+02
2.423571499999999901e+02
2.423598000000000070e+02
2.423625999999999863e+02
2.429039500000000089e+02
2.429069000000000074e+02
2.437127499999999998e+02
2.437153500000000008e+02
2.437181500000000085e+02
2.439455000000000098e+02
2.439486499999999864e+02
2.448563499999999920e+02
2.448593500000000063e+02
2.456032500000000027e+02
2.456066999999999894e+02
2.460178999999999974e+02
2.460211999999999932e+02
2.475081000000000131e+02
2.479714500000000044e+02
2.479745499999999936e+02
2.481586000000000070e+02
2.483973000000000013e+02
2.489595999999999947e+02
2.489620999999999924e+02
2.489650499999999909e+02
2.496487500000000068e+02
2.496518000000000086e+02
2.496556999999999960e+02
2.500670499999999947e+02
2.500695000000000050e+02
2.500720499999999902e+02
2.504955999999999960e+02
2.504991499999999860e+02
2.509041499999999871e+02
2.509079000000000121e+02
2.523788999999999874e+02
2.523814500000000010e+02
2.523841500000000053e+02
2.526720500000000129e+02
2.528040000000000020e+02
2.528076499999999953e+02
2.537606499999999983e+02
2.537631499999999960e+02
2.537695999999999970e+02
2.540351499999999874e+02
2.544594999999999914e+02
2.544622999999999990e+02
2.553847499999999968e+02
2.553882499999999993e+02
2.559412000000000091e+02
2.559435000000000002e+02
2.559459999999999980e+02
2.559490999999999872e+02
2.562275500000000079e+02
2.562302000000000248e+02
2.562331500000000233e+02
2.567782000000000266e+02
2.567805500000000052e+02
2.567831499999999778e+02
2.575317499999999882e+02
2.575344499999999925e+02
2.575567500000000223e+02
2.580240999999999758e+02
2.580265999999999735e+02
2.580292999999999779e+02
2.582555500000000279e+02
2.582592000000000212e+02
2.588920499999999834e+02
2.588953999999999951e+02
2.594542999999999893e+02
2.594633999999999787e+02
2.602186500000000251e+02
2.610645999999999844e+02
2.610668499999999881e+02
2.610690999999999917e+02
2.610719000000000278e+02
2.618516999999999939e+02
2.618542499999999791e+02
2.618569499999999834e+02
2.623990999999999758e+02
2.628439000000000192e+02
2.634836999999999989e+02
2.634867499999999723e+02
2.643170999999999822e+02
2.643204999999999814e+02
2.645413500000000226e+02
2.648350500000000238e+02
2.648374499999999898e+02
2.648399999999999750e+02
2.648432000000000244e+02
2.649832499999999982e+02
2.649877000000000180e+02
2.662844999999999800e+02
2.662873999999999910e+02
2.662905999999999835e+02
2.672285999999999717e+02
2.672324499999999716e+02
2.676488499999999817e+02
2.688709999999999809e+02
2.688734499999999912e+02
2.688759999999999764e+02
2.689079500000000280e+02
2.693664999999999736e+02
2.693694499999999721e+02
2.693731999999999971e+02
2.703182499999999777e+02
2.703211999999999762e+02
2.707466499999999883e+02
2.707494500000000244e+02
2.707527999999999793e+02
2.709580500000000143e+02
2.709625500000000216e+02
2.714341000000000008e+02
2.714377999999999815e+02
2.721671000000000049e+02
2.739185499999999820e+02
2.744538999999999760e+02
2.744572499999999877e+02
2.747738499999999817e+02
2.753007000000000062e+02
2.753034000000000106e+02
2.753060500000000275e+02
2.761090500000000247e+02
2.761123000000000047e+02
2.766691000000000145e+02
2.784049499999999853e+02
2.784075500000000147e+02
2.784103499999999940e+02
2.791956500000000005e+02
2.795761999999999716e+02
2.796701499999999783e+02
2.807667999999999893e+02
2.807692499999999995e+02
2.807731499999999869e+02
2.816588499999999726e+02
2.816628499999999917e+02
2.828661000000000172e+02
2.835164500000000203e+02
2.835206000000000017e+02
2.841039000000000101e+02
2.853586000000000240e+02
2.872660500000000070e+02
2.879218000000000188e+02
2.885810999999999922e+02
2.885841500000000224e+02
2.902030500000000188e+02
2.902063999999999737e+02
2.907046000000000276e+02
2.907085999999999899e+02
2.913326999999999884e+02
2.913355999999999995e+02
2.940625499999999874e+02
2.949091500000000110e+02
2.954633499999999913e+02
2.954673000000000229e+02
2.960874999999999773e+02
2.960920499999999720e+02
2.964613499999999817e+02
2.988508499999999799e+02
2.993943499999999744e+02
2.993975500000000238e+02
3.010973000000000184e+02
3.020793499999999767e+02
3.027707500000000209e+02
3.030762500000000159e+02
3.031511499999999728e+02
3.032982000000000085e+02
3.033648999999999774e+02
3.036111500000000092e+02
3.038051500000000260e+02
3.038455999999999904e+02
3.040687500000000227e+02
3.042839999999999918e+02
3.043532999999999902e+02
3.045720999999999776e+02
3.046182499999999891e+02
3.047031999999999812e+02
3.049704500000000280e+02
3.052823999999999955e+02
3.059079500000000280e+02
3.063187500000000227e+02
3.079105999999999881e+02
3.081322000000000116e+02
3.081406999999999812e+02
3.081729500000000144e+02
3.083295499999999834e+02
3.085356499999999755e+02
3.085786499999999819e+02
3.087282500000000027e+02
3.087914999999999850e+02
3.088076500000000237e+02
3.089288500000000113e+02
3.090233999999999810e+02
3.090619500000000244e+02
3.092142000000000053e+02
3.092515500000000088e+02
3.092890499999999747e+02
3.098539999999999850e+02
3.130339000000000169e+02
3.142062000000000239e+02
3.142563000000000102e+02
3.146459500000000276e+02
3.147524500000000103e+02
3.150149000000000115e+02
3.150715000000000146e+02
3.152262000000000057e+02
3.152660500000000070e+02
3.152696500000000128e+02
3.152752500000000282e+02
3.153172500000000014e+02
3.164759000000000242e+02
3.179689500000000066e+02
3.179719499999999925e+02
3.184467999999999961e+02
3.189012999999999920e+02
3.194927000000000135e+02
3.195393500000000131e+02
3.198913000000000011e+02
3.200009000000000015e+02
3.200710500000000138e+02
3.201506999999999721e+02
3.201864499999999794e+02
3.203705499999999802e+02
3.211954000000000065e+02
3.213169500000000198e+02
3.213428000000000111e+02
3.215647999999999911e+02
3.219572999999999752e+02
3.221017499999999814e+02
3.262334500000000048e+02
3.263626499999999737e+02
3.264623500000000149e+02
3.265129499999999894e+02
3.267169499999999971e+02
3.269485999999999990e+02
3.270126000000000204e+02
3.271003000000000043e+02
3.272411999999999921e+02
3.273285999999999945e+02
3.274658000000000015e+02
3.275228500000000054e+02
3.275578499999999735e+02
3.278813000000000102e+02
3.282908499999999776e+02
3.283552000000000248e+02
3.283668499999999995e+02
3.284985500000000229e+02
3.285732499999999732e+02
3.286283000000000243e+02
3.291458000000000084e+02
3.292505499999999756e+02
3.292647000000000048e+02
3.293161000000000058e+02
3.293485000000000014e+02
3.299424999999999955e+02
3.300722499999999968e+02
3.316701499999999783e+02
3.323197999999999865e+02
3.461373500000000263e+02
3.461895999999999844e+02
3.462551000000000272e+02
3.463253500000000145e+02
3.463874000000000137e+02
3.464399999999999977e+02
3.467136499999999728e+02
3.468065500000000156e+02
3.468770999999999844e+02
3.469178999999999746e+02
3.470866500000000201e+02
3.471243999999999801e+02
3.471981999999999857e+02
3.472988000000000284e+02
3.473992999999999824e+02
3.475623499999999808e+02
3.476512999999999920e+02
3.477574999999999932e+02
3.478670999999999935e+02
3.479281500000000165e+02
3.479848499999999945e+02
3.483618999999999915e+02
3.484268500000000017e+02
3.486213000000000193e+02
3.491658499999999776e+02
3.492674999999999841e+02
3.494578000000000202e+02
3.494867499999999723e+02
3.495396000000000072e+02
3.496978500000000167e+02
3.497151999999999816e+02
3.497470500000000015e+02
3.499209000000000174e+02
3.500542500000000246e+02
3.502110500000000002e+02
3.502726499999999987e+02
3.622669000000000210e+02
3.623799999999999955e+02
3.626431499999999915e+02
3.626766000000000076e+02
3.627922500000000241e+02
3.629082500000000095e+02
3.630923999999999978e+02
3.631461499999999774e+02
3.631930500000000279e+02
3.632862999999999829e+02
3.633283999999999878e+02
3.634053999999999860e+02
3.634587500000000091e+02
3.635799999999999841e+02
3.636424999999999841e+02
3.639593499999999722e+02
3.726301000000000272e+02
3.737425999999999817e+02
3.738301500000000033e+02
3.741293999999999755e+02
3.743051500000000260e+02
3.744773000000000138e+02
3.748337500000000091e+02
3.748489500000000021e+02
3.748912500000000136e+02
3.749159999999999968e+02
3.749399000000000228e+02
3.749759000000000242e+02
3.752188499999999749e+02
3.753044499999999744e+02
3.753548999999999864e+02
3.754778000000000020e+02
3.757271999999999821e+02
3.839659500000000207e+02
3.880063499999999976e+02
4.073322499999999877e+02
4.079134999999999991e+02
4.079637999999999920e+02
4.080240000000000009e+02
4.080486999999999966e+02
4.080590500000000134e+02
4.082995999999999981e+02
4.083722500000000082e+02
4.084970500000000015e+02
4.085668000000000006e+02
4.086270999999999844e+02
4.086820000000000164e+02
4.090456500000000233e+02
4.093442499999999882e+02
4.094075500000000147e+02
4.098143499999999904e+02
4.121655999999999835e+02
4.141257499999999823e+02
4.161411499999999819e+02
4.163785500000000184e+02
4.164110499999999888e+02
4.164703000000000088e+02
4.165335000000000036e+02
4.167205500000000029e+02
4.167884999999999991e+02
4.168426000000000045e+02
4.169296499999999810e+02
4.169583999999999833e+02
4.170595999999999890e+02
4.171031500000000278e+02
4.171400499999999738e+02
4.171649499999999762e+02
4.175204499999999825e+02
4.176302999999999770e+02
4.177307500000000005e+02
4.177774000000000001e+02
4.179227000000000203e+02
4.179628000000000156e+02
4.179762000000000057e+02
4.180306499999999801e+02
4.181201500000000237e+02
4.181719499999999812e+02
4.182096500000000106e+02
4.183540499999999724e+02
4.199337499999999750e+02
4.224352000000000089e+02
4.261334499999999821e+02
4.384900499999999965e+02
4.436575000000000273e+02
4.452373000000000047e+02
4.468228500000000167e+02
4.471282499999999800e+02
4.499589500000000157e+02
4.499618500000000267e+02
4.530156999999999812e+02
4.530190000000000055e+02
4.554959999999999809e+02
4.554997500000000059e+02
4.576870999999999867e+02
4.576913499999999999e+02
4.614839999999999804e+02
4.680033500000000117e+02
4.680070000000000050e+02
4.688987999999999943e+02
4.701175999999999817e+02
4.744666500000000156e+02
4.750382999999999925e+02
4.794685999999999808e+02
4.799216000000000122e+02
4.799282499999999914e+02
4.800288499999999772e+02
4.800632499999999823e+02
4.800741499999999746e+02
4.801064999999999827e+02
4.801894500000000221e+02
4.802158499999999890e+02
4.804100500000000125e+02
4.804428500000000213e+02
4.806499000000000024e+02
4.807518999999999778e+02
4.808428000000000111e+02
4.808847499999999968e+02
4.809264000000000010e+02
4.810292499999999905e+02
4.810393000000000256e+02
4.811272000000000162e+02
4.811895999999999844e+02
4.812511999999999830e+02
4.813410000000000082e+02
4.814311000000000149e+02
4.814583999999999833e+02
4.816347499999999968e+02
4.817370500000000106e+02
4.819979999999999905e+02
4.820759499999999775e+02
4.821099500000000262e+02
4.823593999999999937e+02
4.824067499999999882e+02
4.824173499999999990e+02
4.826389500000000226e+02
4.828629500000000121e+02
4.830218499999999722e+02
4.844614000000000260e+02
4.844639999999999986e+02
4.844674499999999853e+02
4.848535499999999843e+02
4.859598500000000172e+02
4.867859000000000265e+02
4.872927000000000248e+02
4.872964999999999804e+02
4.899875999999999863e+02
4.899916000000000054e+02
4.907766500000000178e+02
4.941795999999999935e+02
4.998481499999999755e+02
5.037359000000000151e+02
5.037394499999999766e+02
5.051227999999999838e+02
5.066709000000000174e+02
5.066741999999999848e+02
5.076437999999999988e+02
5.076468499999999722e+02
5.085357999999999947e+02
5.194760999999999740e+02
5.195859500000000253e+02
5.259043500000000222e+02
5.259075500000000147e+02
5.267602000000000544e+02
5.267630500000000211e+02
5.267665500000000520e+02
5.270766999999999598e+02
5.276040000000000418e+02
5.300837999999999965e+02
5.302460999999999558e+02
5.342893000000000256e+02
5.342933000000000447e+02
5.351080500000000484e+02
5.351111499999999523e+02
5.353017499999999700e+02
5.353074000000000296e+02
5.387377999999999929e+02
5.401025499999999511e+02
5.402382000000000062e+02
5.404008499999999913e+02
5.407037000000000262e+02
5.410987000000000080e+02
5.412587999999999511e+02
5.415625499999999874e+02
5.415842499999999973e+02
5.418544000000000551e+02
5.419073499999999513e+02
5.422631999999999834e+02
5.423323000000000320e+02
5.425357000000000198e+02
5.429568500000000313e+02
5.430021000000000413e+02
5.431158500000000231e+02
5.431562000000000126e+02
5.439448499999999740e+02
5.440831500000000460e+02
5.450991000000000213e+02
5.451820000000000164e+02
5.461535000000000082e+02
5.461935499999999593e+02
5.477892500000000382e+02
5.477924500000000307e+02
5.483796999999999571e+02
5.483845999999999776e+02
5.498557499999999436e+02
5.508122499999999491e+02
5.536988499999999931e+02
5.550601000000000340e+02
5.555365000000000464e+02
5.612708499999999958e+02
5.641923500000000331e+02
5.641951999999999998e+02
5.641986000000000558e+02
5.650346500000000560e+02
5.650940500000000384e+02
5.674469000000000278e+02
5.674511999999999716e+02
5.688653500000000349e+02
5.702476500000000215e+02
5.702510999999999513e+02
