7.174000000000000377e+00
8.044549999999999201e+00
1.047204999999999941e+01
1.056300000000000061e+01
1.077229999999999954e+01
1.123380000000000045e+01
1.124820000000000064e+01
1.129069999999999929e+01
1.294510000000000005e+01
1.300300000000000011e+01
1.303084999999999916e+01
1.303224999999999945e+01
1.348249999999999993e+01
1.523295000000000066e+01
1.571155000000000079e+01
1.658239999999999981e+01
1.658439999999999870e+01
1.694729999999999848e+01
1.694944999999999879e+01
1.707724999999999937e+01
1.807250000000000156e+01
1.811939999999999884e+01
1.868114999999999881e+01
1.925035000000000096e+01
1.965334999999999965e+01
2.090549999999999997e+01
2.149380000000000024e+01
2.173430000000000106e+01
2.183194999999999908e+01
2.204700000000000060e+01
2.212434999999999974e+01
2.228610000000000113e+01
2.230900000000000105e+01
2.239549999999999841e+01
2.265775000000000006e+01
2.270485000000000042e+01
2.280399999999999849e+01
2.293615000000000137e+01
2.342855000000000132e+01
2.343104999999999905e+01
2.404854999999999876e+01
2.419290000000000163e+01
2.477730000000000032e+01
2.542255000000000109e+01
2.615200000000000102e+01
2.648819999999999908e+01
2.650219999999999843e+01
2.685845000000000127e+01
2.790269999999999939e+01
2.851300000000000168e+01
2.951780000000000115e+01
2.977775000000000105e+01
2.981070000000000064e+01
3.052775000000000105e+01
3.053344999999999843e+01
3.104639999999999844e+01
3.117980000000000018e+01
3.178849999999999909e+01
3.197879999999999967e+01
3.233624999999999972e+01
3.278869999999999862e+01
3.297885000000000133e+01
3.358460000000000178e+01
3.383030000000000115e+01
3.405554999999999666e+01
3.409620000000000317e+01
3.435079999999999956e+01
3.591190000000000282e+01
3.609214999999999662e+01
3.611979999999999791e+01
3.778399999999999892e+01
3.849410000000000309e+01
3.868260000000000076e+01
3.915859999999999985e+01
3.944785000000000252e+01
4.007970000000000255e+01
4.438230000000000075e+01
4.568675000000000352e+01
4.659024999999999750e+01
4.660869999999999891e+01
4.677315000000000111e+01
4.725224999999999653e+01
4.795405000000000229e+01
4.795889999999999986e+01
4.921240000000000236e+01
4.996520000000000294e+01
4.999150000000000205e+01
5.036755000000000138e+01
5.043699999999999761e+01
5.076955000000000240e+01
5.087265000000000015e+01
5.130210000000000292e+01
5.180400000000000205e+01
5.379404999999999859e+01
5.397500000000000142e+01
5.471405000000000030e+01
5.546864999999999668e+01
5.662154999999999916e+01
5.676585000000000036e+01
5.684275000000000233e+01
5.778179999999999694e+01
6.054894999999999783e+01
6.121634999999999849e+01
6.165485000000000326e+01
6.183285000000000053e+01
6.335605000000000331e+01
6.364170000000000016e+01
6.372220000000000084e+01
6.379825000000000301e+01
6.409045000000000414e+01
6.436865000000000236e+01
6.456945000000000334e+01
6.471014999999999873e+01
6.515510000000000446e+01
6.516155000000000541e+01
6.540909999999999513e+01
6.548489999999999611e+01
6.555070000000000618e+01
6.626930000000000121e+01
6.663415000000000532e+01
6.762139999999999418e+01
6.793224999999999625e+01
6.801444999999999652e+01
6.881815000000000282e+01
6.884999999999999432e+01
6.891289999999999338e+01
6.927655000000000030e+01
6.950879999999999370e+01
6.951069999999999993e+01
6.962949999999999307e+01
7.020010000000000616e+01
7.058384999999999820e+01
7.061679999999999779e+01
7.078149999999999409e+01
7.131945000000000334e+01
7.146510000000000673e+01
7.183140000000000214e+01
7.196335000000000548e+01
7.213795000000000357e+01
7.293800000000000239e+01
7.327889999999999304e+01
7.363370000000000459e+01
7.391320000000000334e+01
7.403204999999999814e+01
7.431369999999999720e+01
7.432099999999999795e+01
7.518899999999999295e+01
7.670929999999999893e+01
7.804000000000000625e+01
7.832675000000000409e+01
7.904425000000000523e+01
7.904930000000000234e+01
7.985099999999999909e+01
7.985250000000000625e+01
8.037919999999999732e+01
8.038145000000000095e+01
8.089855000000000018e+01
8.101614999999999611e+01
8.143099999999999739e+01
8.143300000000000693e+01
8.154165000000000418e+01
8.270425000000000182e+01
8.298510000000000275e+01
8.299899999999999523e+01
8.300735000000000241e+01
8.301094999999999402e+01
8.313654999999999973e+01
8.318845000000000312e+01
8.319745000000000346e+01
8.352195000000000391e+01
8.542164999999999964e+01
8.762850000000000250e+01
8.765460000000000207e+01
8.883565000000000111e+01
8.883849999999999625e+01
8.983299999999999841e+01
8.983625000000000682e+01
8.990104999999999791e+01
8.997769999999999868e+01
9.007654999999999745e+01
9.010219999999999629e+01
9.108344999999999914e+01
9.123590000000000089e+01
9.234310000000000684e+01
9.269185000000000230e+01
9.351614999999999611e+01
9.366025000000000489e+01
9.513930000000000575e+01
9.557059999999999889e+01
9.569674999999999443e+01
9.657949999999999591e+01
1.003017499999999984e+02
1.019219999999999970e+02
1.024598000000000013e+02
1.024646999999999935e+02
1.069419000000000040e+02
1.080126000000000062e+02
1.088363999999999976e+02
1.089818499999999943e+02
1.089846500000000020e+02
1.135368500000000012e+02
1.135529999999999973e+02
1.135558000000000050e+02
1.139905499999999989e+02
1.139916999999999945e+02
1.142320500000000010e+02
1.145480500000000035e+02
1.197202999999999946e+02
1.204115000000000038e+02
1.207972000000000037e+02
1.211984499999999940e+02
1.219022999999999968e+02
1.242814999999999941e+02
1.254709500000000020e+02
1.262656999999999954e+02
1.267289999999999992e+02
1.271595999999999975e+02
1.293317999999999870e+02
1.300381500000000017e+02
1.312421500000000094e+02
1.322362500000000125e+02
1.322383000000000095e+02
1.325226499999999987e+02
1.325357500000000073e+02
1.337497500000000059e+02
1.350523499999999899e+02
1.365788000000000011e+02
1.368763500000000022e+02
1.371935000000000002e+02
1.375415500000000009e+02
1.375457000000000107e+02
1.398512499999999932e+02
1.406305000000000121e+02
1.406351500000000101e+02
1.407869499999999903e+02
1.409182000000000130e+02
1.421691999999999894e+02
1.422879499999999950e+02
1.422992500000000007e+02
1.429420499999999947e+02
1.434687000000000126e+02
1.448080999999999960e+02
1.454307000000000016e+02
1.455083500000000072e+02
1.456288499999999999e+02
1.497206500000000062e+02
1.506308999999999969e+02
1.518329500000000110e+02
1.538625000000000114e+02
1.548632499999999936e+02
1.548693000000000097e+02
1.565718500000000120e+02
1.572383499999999970e+02
1.594631500000000131e+02
1.595382999999999925e+02
1.600183499999999981e+02
1.637133499999999913e+02
1.638918500000000051e+02
1.664823499999999967e+02
1.679249000000000080e+02
1.687507999999999981e+02
1.748293999999999926e+02
1.779184999999999945e+02
1.779224499999999978e+02
1.779283000000000072e+02
1.779524499999999989e+02
1.789328999999999894e+02
1.789422000000000139e+02
1.812222999999999900e+02
1.839477500000000134e+02
1.839936999999999898e+02
1.874136000000000024e+02
1.878974000000000046e+02
1.886296000000000106e+02
1.897471999999999923e+02
1.903374000000000024e+02
1.907260499999999865e+02
1.913721999999999923e+02
1.918141999999999996e+02
1.918736000000000104e+02
1.918858999999999924e+02
1.918935500000000047e+02
1.930232000000000028e+02
1.931699999999999875e+02
1.933626999999999896e+02
1.935568000000000097e+02
1.947362500000000125e+02
1.968576500000000067e+02
1.971299500000000080e+02
1.971468999999999880e+02
1.971536999999999864e+02
1.971870499999999993e+02
1.979077499999999930e+02
1.997447999999999979e+02
2.002013000000000034e+02
2.002101000000000113e+02
2.008055500000000109e+02
2.009226999999999919e+02
2.009749999999999943e+02
2.009790000000000134e+02
2.010490000000000066e+02
2.011199000000000012e+02
2.011263999999999896e+02
2.053821000000000083e+02
2.054213000000000022e+02
2.055453500000000133e+02
2.060113499999999931e+02
2.060305500000000052e+02
2.060329999999999870e+02
2.064507000000000119e+02
2.107456999999999994e+02
2.108141999999999996e+02
2.120702499999999873e+02
2.124267000000000110e+02
2.124289499999999862e+02
2.124332499999999868e+02
2.125029499999999985e+02
2.125062000000000069e+02
2.125692500000000109e+02
2.149105999999999881e+02
2.149398500000000070e+02
2.150164499999999919e+02
2.150175500000000000e+02
2.150245500000000050e+02
2.150269000000000119e+02
2.151742999999999881e+02
2.151811500000000024e+02
2.151858499999999879e+02
2.152754500000000064e+02
2.188193499999999858e+02
2.190563500000000090e+02
2.190709999999999980e+02
2.191571500000000015e+02
2.193089999999999975e+02
2.193140999999999963e+02
2.206085500000000081e+02
2.207012499999999875e+02
2.207859500000000139e+02
2.208559500000000071e+02
2.210178500000000099e+02
2.220326000000000022e+02
2.220976499999999874e+02
2.221932999999999936e+02
2.222101000000000113e+02
2.222728500000000054e+02
2.222883999999999958e+02
2.235717500000000086e+02
2.244588500000000124e+02
2.245459999999999923e+02
2.247408000000000072e+02
2.248200999999999965e+02
2.248276500000000055e+02
2.249496000000000038e+02
2.258141999999999996e+02
2.262482500000000130e+02
2.263694999999999879e+02
2.263771000000000129e+02
2.264721000000000117e+02
2.265973500000000058e+02
2.267918500000000108e+02
2.276198500000000138e+02
2.283059000000000083e+02
2.285272999999999968e+02
2.285361499999999921e+02
2.285490499999999940e+02
2.288608999999999867e+02
2.299945999999999913e+02
2.307301500000000090e+02
2.326020499999999913e+02
2.327119000000000142e+02
2.327934999999999945e+02
2.330489499999999907e+02
2.337391000000000076e+02
2.338221499999999935e+02
2.338915499999999952e+02
2.338970999999999947e+02
2.339406500000000051e+02
2.344573000000000036e+02
2.345545500000000061e+02
2.346391000000000133e+02
2.346481499999999869e+02
2.347230500000000006e+02
2.361404499999999871e+02
2.366970000000000027e+02
2.373826500000000124e+02
2.373840500000000020e+02
2.379768500000000131e+02
2.382548999999999921e+02
2.389745499999999936e+02
2.394864499999999907e+02
2.394906499999999880e+02
2.396134500000000003e+02
2.396750000000000114e+02
2.400791000000000111e+02
2.403786000000000058e+02
2.416863500000000045e+02
2.423426499999999919e+02
2.424492500000000064e+02
2.424599000000000046e+02
2.425419500000000141e+02
2.425454499999999882e+02
2.426160500000000013e+02
2.426182000000000016e+02
2.426226499999999930e+02
2.426255999999999915e+02
2.426287499999999966e+02
2.426300999999999988e+02
2.426398000000000081e+02
2.428595500000000129e+02
2.434523499999999956e+02
2.438831000000000131e+02
2.440043499999999881e+02
2.440678000000000054e+02
2.440703000000000031e+02
2.453341000000000065e+02
2.465405499999999961e+02
2.465413499999999942e+02
2.482263499999999965e+02
2.526666999999999916e+02
2.529368000000000052e+02
2.529473000000000127e+02
2.529648500000000126e+02
2.530382500000000050e+02
2.531202499999999986e+02
2.531256500000000074e+02
2.531271500000000003e+02
2.531399499999999989e+02
2.532604499999999916e+02
2.533512499999999932e+02
2.536859000000000037e+02
2.543794499999999914e+02
2.550100500000000068e+02
2.550167500000000018e+02
2.551600500000000125e+02
2.554636000000000138e+02
2.554701499999999896e+02
2.562783999999999764e+02
2.563888000000000034e+02
2.567056499999999915e+02
2.574304000000000201e+02
2.575958999999999719e+02
2.580858999999999810e+02
2.580883499999999913e+02
2.580972499999999741e+02
2.584880999999999744e+02
2.584907000000000039e+02
2.610932999999999993e+02
2.611643000000000256e+02
2.613312500000000114e+02
2.613500999999999976e+02
2.614529999999999745e+02
2.616403500000000122e+02
2.616959499999999821e+02
2.617886500000000183e+02
2.639327999999999861e+02
2.640012500000000273e+02
2.640720499999999902e+02
2.645363500000000272e+02
2.645450999999999908e+02
2.647918000000000234e+02
2.648521000000000072e+02
2.657162500000000023e+02
2.658451999999999771e+02
2.659192499999999768e+02
2.659239999999999782e+02
2.664903499999999781e+02
2.700853000000000179e+02
2.708541999999999916e+02
2.732162999999999897e+02
2.732204500000000280e+02
2.732307500000000005e+02
2.732332499999999982e+02
2.732867499999999836e+02
2.732968999999999937e+02
2.733670500000000061e+02
2.760751500000000078e+02
2.789169999999999732e+02
2.797900500000000079e+02
2.797921000000000049e+02
2.797967499999999745e+02
2.799512500000000159e+02
2.799803499999999872e+02
2.808624500000000239e+02
2.808666999999999803e+02
2.814402499999999918e+02
2.831177500000000009e+02
2.835790499999999952e+02
2.837400499999999965e+02
2.837824499999999830e+02
2.837976499999999760e+02
2.837998499999999922e+02
2.839782999999999902e+02
2.861229999999999905e+02
2.863010499999999752e+02
2.879454999999999814e+02
2.956116499999999974e+02
2.958309499999999730e+02
2.958366500000000201e+02
2.958996999999999957e+02
2.959014999999999986e+02
2.959041500000000156e+02
2.959066500000000133e+02
2.959087999999999852e+02
2.959615000000000009e+02
2.960223500000000172e+02
2.960253999999999905e+02
2.960285000000000082e+02
2.960307000000000244e+02
2.960332500000000095e+02
3.013063500000000090e+02
3.013938499999999863e+02
3.076729500000000144e+02
3.088720999999999890e+02
3.127597000000000094e+02
3.132798000000000229e+02
3.135365499999999770e+02
3.135672999999999888e+02
3.136970499999999902e+02
3.140117000000000189e+02
3.142298000000000116e+02
3.142939499999999953e+02
3.148035499999999729e+02
3.156172500000000127e+02
3.156856999999999971e+02
3.164366999999999734e+02
3.164416499999999814e+02
3.172595999999999776e+02
3.173342499999999973e+02
3.187832500000000095e+02
3.193041499999999928e+02
3.193073499999999854e+02
3.194029499999999757e+02
3.194210499999999797e+02
3.197036499999999819e+02
3.202973499999999945e+02
3.204572000000000003e+02
3.205541000000000054e+02
3.206322999999999865e+02
3.208002500000000055e+02
3.209389499999999771e+02
3.210964000000000169e+02
3.212461500000000001e+02
3.214875999999999863e+02
3.217326499999999783e+02
3.221542499999999905e+02
3.223773499999999785e+02
3.229977999999999838e+02
3.244513999999999783e+02
3.253174999999999955e+02
3.260413500000000226e+02
3.260433499999999754e+02
3.262169999999999845e+02
3.262291500000000042e+02
3.264990999999999985e+02
3.268359500000000253e+02
3.269929999999999950e+02
3.270315499999999815e+02
3.270389000000000124e+02
3.270404500000000212e+02
3.272205000000000155e+02
3.275503499999999804e+02
3.276481999999999744e+02
3.278142000000000280e+02
3.288842000000000212e+02
3.291676499999999805e+02
3.292051500000000033e+02
3.292975999999999885e+02
3.293917999999999893e+02
3.293933000000000106e+02
3.304142499999999814e+02
3.305303000000000111e+02
3.306666500000000042e+02
3.325534999999999854e+02
3.328496999999999844e+02
3.329150000000000205e+02
3.331538499999999772e+02
3.333349999999999795e+02
3.336576499999999896e+02
3.343274999999999864e+02
3.346197000000000230e+02
3.356113000000000284e+02
3.362794999999999845e+02
3.364401500000000169e+02
3.365253500000000031e+02
3.368670500000000061e+02
3.373951000000000136e+02
3.374681499999999801e+02
3.375054499999999962e+02
3.376268000000000029e+02
3.379463000000000079e+02
3.384295500000000061e+02
3.385994999999999777e+02
3.392346499999999878e+02
3.393269500000000107e+02
3.401650500000000079e+02
3.402687000000000239e+02
3.402902500000000146e+02
3.410179499999999848e+02
3.410548000000000002e+02
3.410595000000000141e+02
3.416281500000000051e+02
3.420156000000000063e+02
3.425620999999999867e+02
3.428124000000000251e+02
3.430153500000000122e+02
3.437404000000000224e+02
3.437463000000000193e+02
3.437741500000000201e+02
3.444734000000000265e+02
3.449554499999999848e+02
3.450350999999999999e+02
3.453265499999999975e+02
3.460339000000000169e+02
3.460734499999999798e+02
3.462261500000000183e+02
3.462816500000000133e+02
3.462844499999999925e+02
3.463609500000000025e+02
3.464187999999999761e+02
3.464556999999999789e+02
3.465024500000000103e+02
3.465788499999999885e+02
3.467486000000000104e+02
3.468844000000000278e+02
3.468856499999999983e+02
3.469158499999999776e+02
3.470898500000000126e+02
3.471012499999999932e+02
3.474828999999999724e+02
3.479392000000000280e+02
3.481445499999999811e+02
3.482826999999999771e+02
3.483669499999999744e+02
3.484010999999999854e+02
3.487477999999999838e+02
3.488396999999999935e+02
3.489125000000000227e+02
3.490181499999999915e+02
3.491927999999999770e+02
3.493273500000000240e+02
3.493403500000000008e+02
3.495070499999999925e+02
3.496526000000000067e+02
3.497316500000000019e+02
3.505543999999999869e+02
3.506301500000000146e+02
3.524707000000000221e+02
3.524736500000000206e+02
3.527920500000000175e+02
3.527971499999999878e+02
3.530855999999999995e+02
3.535758000000000152e+02
3.541383000000000152e+02
3.543277499999999804e+02
3.546039000000000101e+02
3.547291000000000167e+02
3.550231999999999744e+02
3.550785000000000196e+02
3.551037000000000035e+02
3.552214999999999918e+02
3.560946000000000140e+02
3.561404499999999871e+02
3.567035000000000196e+02
3.567065000000000055e+02
3.575445000000000277e+02
3.578173499999999763e+02
3.578626499999999737e+02
3.585496999999999730e+02
3.592462499999999750e+02
3.595814500000000180e+02
3.609719000000000051e+02
3.614148999999999887e+02
3.622210999999999785e+02
3.625459999999999923e+02
3.625692999999999984e+02
3.626587000000000103e+02
3.628142000000000280e+02
3.628668000000000120e+02
3.628770999999999844e+02
3.628927499999999782e+02
3.629485000000000241e+02
3.631754500000000121e+02
3.633692500000000223e+02
3.635677499999999895e+02
3.651494500000000016e+02
3.651949999999999932e+02
3.653304999999999723e+02
3.660923999999999978e+02
3.664003500000000031e+02
3.665355500000000006e+02
3.667504500000000007e+02
3.668900499999999738e+02
3.670724999999999909e+02
3.671601499999999874e+02
3.682971000000000004e+02
3.684444500000000176e+02
3.688713000000000193e+02
3.689764999999999873e+02
3.691018000000000256e+02
3.691047500000000241e+02
3.691749500000000239e+02
3.693617499999999723e+02
3.696914499999999748e+02
3.707640999999999849e+02
3.721045500000000175e+02
3.722716500000000224e+02
3.732485500000000229e+02
3.737505499999999756e+02
3.738892999999999915e+02
3.739322000000000230e+02
3.741548000000000229e+02
3.743867000000000189e+02
3.744375000000000000e+02
3.745871500000000083e+02
3.746999500000000012e+02
3.750187500000000114e+02
3.752681999999999789e+02
3.753079000000000178e+02
3.760500499999999988e+02
3.767034499999999753e+02
3.768412999999999897e+02
3.772821500000000015e+02
3.783458499999999844e+02
3.785484000000000151e+02
3.789646500000000060e+02
3.796339500000000271e+02
3.799950999999999794e+02
3.802056999999999789e+02
3.802091500000000224e+02
3.805823500000000195e+02
3.813516000000000190e+02
3.813527500000000146e+02
3.815406500000000278e+02
3.815439999999999827e+02
3.816333000000000197e+02
3.817539499999999748e+02
3.823568999999999960e+02
3.827328499999999849e+02
3.827452999999999861e+02
3.834839000000000055e+02
3.841489000000000260e+02
3.845255999999999972e+02
3.846542499999999905e+02
3.850373000000000161e+02
3.850571499999999787e+02
3.855398999999999887e+02
3.864989499999999794e+02
3.865019500000000221e+02
3.885909500000000207e+02
3.888342999999999847e+02
3.898679500000000075e+02
3.909717499999999859e+02
3.921390499999999975e+02
3.935034999999999741e+02
3.935951499999999896e+02
3.944510500000000093e+02
3.944531000000000063e+02
3.949467000000000212e+02
3.949522000000000048e+02
3.950687500000000227e+02
3.968118499999999926e+02
3.975997499999999718e+02
3.993043999999999869e+02
3.999115499999999770e+02
4.000203500000000076e+02
4.005304499999999734e+02
4.005356499999999755e+02
4.006080999999999790e+02
4.014390999999999963e+02
4.019492500000000064e+02
4.027569500000000176e+02
4.031336000000000013e+02
4.041990000000000123e+02
4.044347999999999956e+02
4.047509999999999764e+02
4.048149999999999977e+02
4.063671499999999810e+02
4.063906499999999937e+02
4.074440500000000043e+02
4.077696000000000254e+02
4.078223499999999717e+02
4.079877999999999929e+02
4.082421499999999810e+02
4.086660499999999843e+02
4.091532500000000141e+02
4.091827000000000112e+02
4.092350500000000011e+02
4.094959499999999935e+02
4.101345499999999902e+02
4.106263500000000022e+02
4.108915000000000077e+02
4.114594999999999914e+02
4.122466499999999883e+02
4.124184500000000071e+02
4.124517500000000041e+02
4.141078999999999724e+02
4.146059500000000071e+02
4.146177999999999884e+02
4.146829500000000053e+02
4.147837999999999852e+02
4.161089999999999804e+02
4.161134500000000003e+02
4.162789999999999964e+02
4.165054000000000087e+02
4.166548000000000229e+02
4.167579000000000065e+02
4.168702999999999861e+02
4.168929999999999723e+02
4.168999000000000024e+02
4.169103999999999814e+02
4.169816500000000019e+02
4.169864000000000033e+02
4.172504000000000133e+02
4.173231499999999983e+02
4.173571000000000026e+02
4.173740000000000236e+02
4.175061999999999784e+02
4.175083000000000197e+02
4.175996999999999844e+02
4.177164500000000089e+02
4.177916000000000167e+02
4.179669999999999845e+02
4.181951999999999998e+02
4.184637000000000171e+02
4.185196500000000128e+02
4.186422499999999900e+02
4.187712500000000091e+02
4.188045500000000061e+02
4.194078499999999963e+02
4.201523000000000252e+02
4.201983000000000175e+02
4.213956999999999766e+02
4.217661499999999819e+02
4.218773499999999785e+02
4.220031500000000051e+02
4.220413500000000226e+02
4.221850499999999897e+02
4.230133999999999901e+02
4.232492500000000177e+02
4.237860000000000014e+02
4.238247000000000071e+02
4.242807500000000118e+02
4.245471000000000004e+02
4.246739499999999907e+02
4.247612500000000182e+02
4.250129499999999894e+02
4.267316999999999894e+02
4.268255500000000211e+02
4.268863499999999931e+02
4.269092999999999734e+02
4.270432500000000005e+02
4.294735499999999888e+02
4.295934500000000185e+02
4.316490999999999758e+02
4.317717000000000098e+02
4.343249000000000137e+02
4.345060500000000161e+02
4.348967000000000098e+02
4.351094499999999812e+02
4.357620499999999879e+02
4.364728000000000065e+02
4.391976999999999975e+02
4.392736499999999751e+02
4.396953500000000190e+02
4.404734500000000139e+02
4.405030499999999734e+02
4.410699500000000057e+02
4.414300999999999817e+02
4.456937500000000227e+02
4.461542499999999905e+02
4.462103999999999928e+02
4.475817499999999995e+02
4.481543500000000222e+02
4.482226999999999748e+02
4.493075499999999920e+02
4.498063999999999965e+02
4.502092999999999847e+02
4.506775499999999965e+02
4.506823499999999854e+02
4.511807999999999765e+02
4.514502499999999827e+02
4.514535500000000070e+02
4.514551000000000158e+02
4.514615499999999884e+02
4.523432000000000244e+02
4.530372499999999718e+02
4.533288999999999760e+02
4.534108499999999822e+02
4.536156500000000165e+02
4.536553000000000111e+02
4.569649000000000001e+02
4.569923999999999751e+02
4.581072500000000218e+02
4.631852499999999964e+02
4.653273500000000240e+02
4.673594499999999812e+02
4.673667500000000246e+02
4.680672500000000014e+02
4.698659999999999854e+02
4.707321999999999775e+02
4.707355000000000018e+02
4.708403000000000134e+02
4.731874000000000251e+02
4.743962000000000216e+02
4.756705000000000041e+02
4.757185999999999808e+02
4.787184500000000185e+02
4.787814000000000192e+02
4.792746500000000083e+02
4.794782500000000027e+02
4.797235499999999888e+02
4.807970500000000129e+02
4.808663999999999987e+02
4.813539499999999975e+02
4.814187000000000012e+02
4.815081500000000005e+02
4.816691500000000019e+02
4.817318500000000085e+02
4.829261999999999944e+02
4.832535500000000184e+02
4.837296499999999924e+02
4.843788000000000125e+02
4.848725999999999772e+02
4.851541500000000156e+02
4.851557000000000244e+02
4.851743500000000040e+02
4.852247499999999718e+02
4.871727000000000203e+02
4.873740500000000111e+02
4.882479999999999905e+02
4.884040499999999838e+02
4.886755999999999744e+02
4.887836500000000228e+02
4.891077999999999975e+02
4.891129000000000246e+02
4.900011999999999830e+02
4.900307999999999993e+02
4.910043499999999881e+02
4.910067000000000235e+02
4.916000000000000227e+02
4.916021499999999946e+02
4.918031500000000165e+02
4.918106999999999971e+02
4.918221500000000219e+02
4.926135499999999752e+02
4.926311499999999910e+02
4.927472500000000082e+02
4.941788000000000238e+02
4.942388500000000136e+02
4.948009000000000128e+02
4.975321999999999889e+02
4.982523499999999785e+02
4.988861999999999739e+02
4.990842999999999847e+02
4.996724500000000262e+02
4.998156500000000051e+02
4.998179000000000087e+02
5.003825499999999806e+02
5.003918499999999767e+02
5.009931500000000142e+02
5.034272500000000150e+02
5.050516999999999825e+02
5.055581999999999994e+02
5.057950500000000034e+02
5.062330499999999915e+02
5.066279999999999859e+02
5.066636500000000183e+02
5.072243000000000279e+02
5.072259999999999991e+02
5.072971999999999753e+02
5.074114999999999895e+02
5.075387000000000057e+02
5.084760999999999740e+02
5.084799499999999739e+02
5.092539499999999748e+02
5.093657499999999914e+02
5.102733000000000061e+02
5.102758000000000038e+02
5.112554000000000087e+02
5.113149500000000103e+02
5.120938499999999749e+02
5.152448500000000422e+02
5.156444500000000062e+02
5.156556500000000369e+02
5.156609999999999445e+02
5.161299000000000206e+02
5.176026500000000397e+02
5.193137500000000273e+02
5.197310999999999694e+02
5.197654999999999745e+02
5.205957499999999527e+02
5.228288000000000011e+02
5.241503500000000031e+02
5.241567999999999756e+02
5.247413000000000238e+02
5.257065499999999929e+02
5.259989000000000487e+02
5.296193500000000540e+02
5.296271000000000413e+02
5.297036500000000387e+02
5.299995499999999993e+02
5.300342500000000427e+02
5.301117500000000291e+02
5.307151000000000067e+02
5.326272500000000036e+02
5.344747999999999593e+02
5.344797499999999673e+02
5.372079999999999700e+02
5.376776999999999589e+02
5.382125499999999647e+02
5.382186000000000377e+02
5.386651500000000397e+02
5.403582000000000107e+02
5.404086499999999660e+02
5.406609499999999571e+02
5.409166000000000167e+02
5.411580500000000029e+02
5.412721999999999980e+02
5.413108999999999469e+02
5.415007000000000517e+02
5.417573499999999740e+02
5.426961000000000013e+02
5.427767499999999927e+02
5.428598500000000513e+02
5.432790499999999838e+02
5.434116999999999962e+02
5.434332000000000562e+02
5.434564500000000180e+02
5.435101499999999533e+02
5.435130500000000211e+02
5.458241500000000315e+02
5.461510500000000548e+02
5.464616499999999633e+02
5.467271500000000515e+02
5.467332999999999856e+02
5.467999499999999671e+02
5.473409500000000207e+02
5.477964500000000498e+02
5.480096999999999525e+02
5.508609500000000025e+02
5.516712499999999864e+02
5.525399499999999762e+02
5.526785999999999603e+02
5.533440000000000509e+02
5.533464999999999918e+02
5.533577000000000226e+02
5.536883000000000266e+02
5.537403000000000475e+02
5.537849499999999807e+02
5.547672000000000025e+02
5.552222000000000435e+02
5.564836500000000115e+02
5.576589500000000044e+02
5.593972999999999729e+02
5.594021000000000186e+02
5.595466999999999871e+02
5.600989499999999452e+02
5.601761500000000069e+02
5.605547000000000253e+02
5.612404999999999973e+02
5.618904499999999871e+02
5.622519999999999527e+02
5.627244500000000471e+02
5.629855999999999767e+02
5.643253999999999451e+02
5.644636000000000422e+02
5.651575500000000147e+02
5.652635999999999967e+02
5.661449499999999944e+02
5.661988999999999805e+02
5.664340499999999565e+02
5.669155500000000529e+02
5.669170000000000300e+02
5.669554000000000542e+02
5.673239999999999554e+02
5.676037499999999909e+02
5.676123999999999796e+02
5.683465499999999793e+02
5.683473500000000058e+02
5.684932000000000016e+02
5.697069999999999936e+02
5.731140000000000327e+02
5.733672500000000127e+02
