2.245994999999999919e+01
5.588045000000000329e+01
9.593155000000000143e+01
1.044117999999999995e+02
1.148178999999999945e+02
1.756046000000000049e+02
2.008263000000000034e+02
2.139802500000000123e+02
3.199813500000000204e+02
3.267577999999999747e+02
3.274571000000000254e+02
3.293725000000000023e+02
3.372391999999999825e+02
3.415196500000000128e+02
3.465976999999999748e+02
3.485939000000000192e+02
3.514544500000000085e+02
3.847669000000000210e+02
4.206521500000000060e+02
4.521418499999999767e+02
4.876952999999999747e+02
5.380543000000000120e+02
