7.802699999999999747e+00
7.822099999999999831e+00
7.827200000000000379e+00
7.844000000000000306e+00
7.911150000000000126e+00
8.419900000000000162e+00
8.604400000000000048e+00
8.617850000000000676e+00
8.772399999999999309e+00
8.776300000000000878e+00
8.783400000000000318e+00
8.948650000000000659e+00
9.099050000000000082e+00
9.267200000000000770e+00
1.349499999999999922e+01
1.469694999999999929e+01
1.501469999999999949e+01
1.520560000000000045e+01
1.598990000000000045e+01
1.704814999999999969e+01
1.727374999999999972e+01
1.729840000000000089e+01
1.736339999999999861e+01
1.748235000000000028e+01
1.879984999999999928e+01
1.948989999999999867e+01
1.954364999999999952e+01
1.962069999999999936e+01
1.967614999999999981e+01
1.983995000000000175e+01
1.989594999999999914e+01
2.147830000000000084e+01
2.157635000000000147e+01
2.185889999999999844e+01
2.453750000000000142e+01
2.563315000000000055e+01
2.577364999999999995e+01
2.597790000000000177e+01
2.684675000000000011e+01
2.687120000000000175e+01
2.764805000000000135e+01
2.855430000000000135e+01
2.875835000000000008e+01
2.884754999999999825e+01
2.893700000000000117e+01
2.895735000000000170e+01
2.923420000000000130e+01
2.927114999999999867e+01
2.956540000000000035e+01
2.957730000000000103e+01
2.958194999999999908e+01
3.058895000000000053e+01
3.059560000000000102e+01
3.137239999999999895e+01
3.152019999999999911e+01
3.183030000000000115e+01
3.298780000000000001e+01
3.350815000000000055e+01
3.429214999999999947e+01
3.432005000000000194e+01
3.433189999999999742e+01
3.434909999999999997e+01
3.486670000000000158e+01
3.649795000000000300e+01
3.721484999999999843e+01
3.763524999999999920e+01
3.792895000000000039e+01
3.793005000000000138e+01
3.820324999999999704e+01
3.820564999999999856e+01
3.911305000000000121e+01
3.959199999999999875e+01
4.123734999999999928e+01
4.124595000000000056e+01
4.150350000000000250e+01
4.176055000000000206e+01
4.210079999999999956e+01
4.211780000000000257e+01
4.217745000000000033e+01
4.218090000000000117e+01
4.228224999999999767e+01
4.228829999999999956e+01
4.265415000000000134e+01
4.279894999999999783e+01
4.347359999999999758e+01
4.347894999999999754e+01
4.348340000000000316e+01
4.350650000000000261e+01
4.372690000000000055e+01
4.380964999999999776e+01
4.381945000000000334e+01
4.384114999999999895e+01
4.450715000000000288e+01
4.500759999999999650e+01
4.551975000000000193e+01
4.572265000000000157e+01
4.605709999999999837e+01
4.757770000000000010e+01
4.769859999999999900e+01
4.832994999999999663e+01
4.857999999999999829e+01
4.885764999999999958e+01
4.886135000000000161e+01
4.941754999999999853e+01
5.061124999999999829e+01
5.147885000000000133e+01
5.187234999999999729e+01
5.209304999999999808e+01
5.255254999999999654e+01
5.255769999999999698e+01
5.256190000000000140e+01
5.260699999999999932e+01
5.268280000000000030e+01
5.353524999999999778e+01
5.385974999999999824e+01
5.395080000000000098e+01
5.442739999999999867e+01
5.452074999999999960e+01
5.492680000000000007e+01
5.513864999999999839e+01
5.683789999999999765e+01
5.688709999999999667e+01
5.689265000000000327e+01
5.698149999999999693e+01
5.725330000000000297e+01
5.725634999999999764e+01
5.763620000000000232e+01
5.797885000000000133e+01
5.909490000000000265e+01
5.946690000000000254e+01
5.956750000000000256e+01
5.966870000000000118e+01
5.983330000000000126e+01
5.983899999999999864e+01
5.996110000000000184e+01
6.044395000000000095e+01
6.279435000000000144e+01
6.600685000000000002e+01
6.610309999999999775e+01
6.616084999999999638e+01
6.645510000000000161e+01
6.746235000000000070e+01
6.786579999999999302e+01
6.796084999999999354e+01
6.809250000000000114e+01
6.848250000000000171e+01
6.849375000000000568e+01
6.866774999999999807e+01
6.870395000000000607e+01
6.871845000000000425e+01
6.885219999999999629e+01
6.888965000000000316e+01
6.890210000000000434e+01
6.914605000000000246e+01
6.930084999999999695e+01
6.942645000000000266e+01
6.951175000000000637e+01
6.984520000000000550e+01
7.033530000000000371e+01
7.037460000000000093e+01
7.043455000000000155e+01
7.055949999999999989e+01
7.095525000000000659e+01
7.148560000000000514e+01
7.176269999999999527e+01
7.192704999999999416e+01
7.201904999999999291e+01
7.232524999999999693e+01
7.242074999999999818e+01
7.274240000000000350e+01
7.282380000000000564e+01
7.307885000000000275e+01
7.338530000000000086e+01
7.438460000000000605e+01
7.472010000000000218e+01
7.476484999999999559e+01
7.477115000000000578e+01
7.507880000000000109e+01
7.544509999999999650e+01
7.550960000000000605e+01
7.625024999999999409e+01
7.633190000000000452e+01
7.661995000000000289e+01
7.706270000000000664e+01
7.730315000000000225e+01
7.730419999999999447e+01
7.730904999999999916e+01
7.732684999999999320e+01
7.740770000000000550e+01
7.767140000000000555e+01
7.768335000000000434e+01
7.800955000000000439e+01
7.854890000000000327e+01
7.855844999999999345e+01
7.866145000000000209e+01
7.974275000000000091e+01
8.057580000000000098e+01
8.078409999999999513e+01
8.094714999999999350e+01
8.109799999999999898e+01
8.110080000000000666e+01
8.119934999999999548e+01
8.137309999999999377e+01
8.142244999999999777e+01
8.142395000000000493e+01
8.144804999999999495e+01
8.165930000000000177e+01
8.166384999999999650e+01
8.213564999999999827e+01
8.230724999999999625e+01
8.231804999999999950e+01
8.279054999999999609e+01
8.297875000000000512e+01
8.301359999999999673e+01
8.327934999999999377e+01
8.340560000000000684e+01
8.341649999999999920e+01
8.415949999999999420e+01
8.416649999999999920e+01
8.417050000000000409e+01
8.417645000000000266e+01
8.437359999999999616e+01
8.437940000000000396e+01
8.438620000000000232e+01
8.483195000000000618e+01
8.537300000000000466e+01
8.564979999999999905e+01
8.590444999999999709e+01
8.593540000000000134e+01
8.604795000000000016e+01
8.607864999999999611e+01
8.686114999999999498e+01
8.704425000000000523e+01
8.763469999999999516e+01
8.778005000000000280e+01
8.778360000000000696e+01
8.803560000000000230e+01
8.893970000000000198e+01
8.924235000000000184e+01
8.932025000000000148e+01
8.934109999999999729e+01
8.934250000000000114e+01
8.935060000000000002e+01
8.938015000000000043e+01
8.950830000000000553e+01
8.964745000000000630e+01
8.989254999999999995e+01
9.075839999999999463e+01
9.085694999999999766e+01
9.086265000000000214e+01
9.089775000000000205e+01
9.090540000000000020e+01
9.091100000000000136e+01
9.093300000000000693e+01
9.096659999999999968e+01
9.173505000000000109e+01
9.180500000000000682e+01
9.194984999999999786e+01
9.195414999999999850e+01
9.195900000000000318e+01
9.196675000000000466e+01
9.219695000000000107e+01
9.229285000000000139e+01
9.238479999999999848e+01
9.255894999999999584e+01
9.256085000000000207e+01
9.256555000000000177e+01
9.272079999999999700e+01
9.290510000000000446e+01
9.305079999999999529e+01
9.333459999999999468e+01
9.338700000000000045e+01
9.340845000000000198e+01
9.355044999999999789e+01
9.427519999999999811e+01
9.443155000000000143e+01
9.443670000000000186e+01
9.464230000000000587e+01
9.464655000000000484e+01
9.482170000000000698e+01
9.540810000000000457e+01
9.551874999999999716e+01
9.579630000000000223e+01
9.600124999999999886e+01
9.603560000000000230e+01
9.609484999999999388e+01
9.626539999999999964e+01
9.646065000000000111e+01
9.646840000000000259e+01
9.647305000000000064e+01
9.690564999999999429e+01
9.769934999999999548e+01
9.771309999999999718e+01
9.778404999999999347e+01
9.843774999999999409e+01
9.861270000000000380e+01
9.880809999999999604e+01
9.887009999999999366e+01
9.894209999999999638e+01
9.894674999999999443e+01
9.911185000000000400e+01
9.948364999999999725e+01
9.972469999999999857e+01
9.974299999999999500e+01
9.998654999999999404e+01
1.003513999999999982e+02
1.004325000000000045e+02
1.005328999999999979e+02
1.005682999999999936e+02
1.006984499999999940e+02
1.007064000000000021e+02
1.019510999999999967e+02
1.024381999999999948e+02
1.024956499999999977e+02
1.025183999999999997e+02
1.029372500000000059e+02
1.034455999999999989e+02
1.035307999999999993e+02
1.035619999999999976e+02
1.035707500000000039e+02
1.039869000000000057e+02
1.040721000000000060e+02
1.041017999999999972e+02
1.041838000000000051e+02
1.041887499999999989e+02
1.042350500000000011e+02
1.042389500000000027e+02
1.042428000000000026e+02
1.042488500000000045e+02
1.042516499999999979e+02
1.042640499999999975e+02
1.042689000000000021e+02
1.042934000000000054e+02
1.043109500000000054e+02
1.044158999999999935e+02
1.044783000000000044e+02
1.047553999999999945e+02
1.057567499999999967e+02
1.064671500000000037e+02
1.064894000000000034e+02
1.065594499999999982e+02
1.068522499999999980e+02
1.072510500000000064e+02
1.072664999999999935e+02
1.076893000000000029e+02
1.081109500000000025e+02
1.083585499999999939e+02
1.085395500000000055e+02
1.089891499999999951e+02
1.097754000000000048e+02
1.102113499999999959e+02
1.102197000000000031e+02
1.104403499999999951e+02
1.105683499999999952e+02
1.109886500000000069e+02
1.113024499999999932e+02
1.118352500000000020e+02
1.119853499999999968e+02
1.121261499999999955e+02
1.122510999999999939e+02
1.122605499999999950e+02
1.122807499999999976e+02
1.123320999999999970e+02
1.127249999999999943e+02
1.131256000000000057e+02
1.131337500000000063e+02
1.131478500000000054e+02
1.131569999999999965e+02
1.131586999999999961e+02
1.133403500000000008e+02
1.133475499999999982e+02
1.133542499999999933e+02
1.133728499999999997e+02
1.135067499999999967e+02
1.136259500000000031e+02
1.136332000000000022e+02
1.136397000000000048e+02
1.136470999999999947e+02
1.136733499999999992e+02
1.137506999999999948e+02
1.137979500000000002e+02
1.138051999999999992e+02
1.143052500000000009e+02
1.145539500000000004e+02
1.145547499999999985e+02
1.147308000000000021e+02
1.147331499999999949e+02
1.147369499999999931e+02
1.147440500000000014e+02
1.147457500000000010e+02
1.147721999999999980e+02
1.147763999999999953e+02
1.150774499999999989e+02
1.150828000000000060e+02
1.151611999999999938e+02
1.151649000000000029e+02
1.151684999999999945e+02
1.151773500000000041e+02
1.152689000000000021e+02
1.153080000000000069e+02
1.153439999999999941e+02
1.155968500000000034e+02
1.156152500000000032e+02
1.156409000000000020e+02
1.159351499999999930e+02
1.159411000000000058e+02
1.159475000000000051e+02
1.160872999999999990e+02
1.161004999999999967e+02
1.161072000000000060e+02
1.161143500000000017e+02
1.161919500000000056e+02
1.163308499999999981e+02
1.164886999999999944e+02
1.165867999999999967e+02
1.172381500000000045e+02
1.180384499999999974e+02
1.186389000000000067e+02
1.190305500000000052e+02
1.191648500000000013e+02
1.195159000000000020e+02
1.196420499999999976e+02
1.196442499999999995e+02
1.196573499999999939e+02
1.197698500000000053e+02
1.200615499999999969e+02
1.201219499999999982e+02
1.203512499999999932e+02
1.204931500000000000e+02
1.205021500000000003e+02
1.206299999999999955e+02
1.206340500000000020e+02
1.207660999999999945e+02
1.207782499999999999e+02
1.208219500000000011e+02
1.209714000000000027e+02
1.211319000000000017e+02
1.213862500000000040e+02
1.214198499999999967e+02
1.214308500000000066e+02
1.216115000000000066e+02
1.216571500000000015e+02
1.216646499999999946e+02
1.216834000000000060e+02
1.221571500000000015e+02
1.222755999999999972e+02
1.226238000000000028e+02
1.232727500000000020e+02
1.232779000000000025e+02
1.241722000000000037e+02
1.247404999999999973e+02
1.249539999999999935e+02
1.257895000000000039e+02
1.257938500000000062e+02
1.263704500000000053e+02
1.269251500000000021e+02
1.270986000000000047e+02
1.272420999999999935e+02
1.272472999999999956e+02
1.280142500000000041e+02
1.280189499999999896e+02
1.282561499999999910e+02
1.283958499999999958e+02
1.289596999999999980e+02
1.290082500000000039e+02
1.290852500000000020e+02
1.291330499999999972e+02
1.295011000000000081e+02
1.296850499999999897e+02
1.297267999999999972e+02
1.297327500000000100e+02
1.301476999999999862e+02
1.303043499999999995e+02
1.303352500000000020e+02
1.305946999999999889e+02
1.306323500000000024e+02
1.310110999999999990e+02
1.310223000000000013e+02
1.312204000000000121e+02
1.312764999999999986e+02
1.313680500000000109e+02
1.318830000000000098e+02
1.319238499999999874e+02
1.327068500000000029e+02
1.329980999999999938e+02
1.330083999999999946e+02
1.332504500000000007e+02
1.336413499999999885e+02
1.341757000000000062e+02
1.348194000000000017e+02
1.352225500000000125e+02
1.354114500000000021e+02
1.356099000000000103e+02
1.357241500000000087e+02
1.357282999999999902e+02
1.357989499999999907e+02
1.363978500000000054e+02
1.366140000000000043e+02
1.370338999999999885e+02
1.375350999999999999e+02
1.379627499999999998e+02
1.391979499999999916e+02
1.399847499999999911e+02
1.401307500000000061e+02
1.402093500000000006e+02
1.402173999999999978e+02
1.402242999999999995e+02
1.402632999999999868e+02
1.404292000000000087e+02
1.408677000000000135e+02
1.412127499999999998e+02
1.413942000000000121e+02
1.414173000000000116e+02
1.414324000000000012e+02
1.415328499999999963e+02
1.416616500000000087e+02
1.416668500000000108e+02
1.418987999999999943e+02
1.419328500000000020e+02
1.419667499999999905e+02
1.419703499999999963e+02
1.423312500000000114e+02
1.423474500000000091e+02
1.425552500000000009e+02
1.425991500000000087e+02
1.426073000000000093e+02
1.426993999999999971e+02
1.428660500000000013e+02
1.432401999999999873e+02
1.433269500000000107e+02
1.433287500000000136e+02
1.433634500000000003e+02
1.434234999999999900e+02
1.434579999999999984e+02
1.435637000000000114e+02
1.436107499999999959e+02
1.438430500000000052e+02
1.438807500000000061e+02
1.440990500000000054e+02
1.441390499999999975e+02
1.443659000000000106e+02
1.444928500000000042e+02
1.445859000000000094e+02
1.452139999999999986e+02
1.452372499999999889e+02
1.452553000000000054e+02
1.454927500000000009e+02
1.455252499999999998e+02
1.457632999999999868e+02
1.461988499999999931e+02
1.462991499999999974e+02
1.467155999999999949e+02
1.467198500000000081e+02
1.467450000000000045e+02
1.469009000000000071e+02
1.469216999999999871e+02
1.471509000000000071e+02
1.471575499999999863e+02
1.473782999999999959e+02
1.473793499999999881e+02
1.473879499999999894e+02
1.474196499999999901e+02
1.476736500000000092e+02
1.480323999999999955e+02
1.481441000000000088e+02
1.482172500000000070e+02
1.482405500000000131e+02
1.483228499999999883e+02
1.484256000000000029e+02
1.486750999999999863e+02
1.489114999999999895e+02
1.491738000000000000e+02
1.493650499999999965e+02
1.495423000000000116e+02
1.496010499999999865e+02
1.498746999999999900e+02
1.501380499999999927e+02
1.502669999999999959e+02
1.503120999999999867e+02
1.506205500000000086e+02
1.506689000000000078e+02
1.507658000000000129e+02
1.508025000000000091e+02
1.512407499999999914e+02
1.515318000000000040e+02
1.520177500000000066e+02
1.520199499999999944e+02
1.520717500000000086e+02
1.523947499999999877e+02
1.525935499999999934e+02
1.531319499999999891e+02
1.532480500000000063e+02
1.533392000000000053e+02
1.533591999999999871e+02
1.534026499999999942e+02
1.536521500000000060e+02
1.536568499999999915e+02
1.538006000000000029e+02
1.541172500000000127e+02
1.542877499999999884e+02
1.552520499999999970e+02
1.554949000000000012e+02
1.554996999999999900e+02
1.555148000000000081e+02
1.555404499999999928e+02
1.558163000000000125e+02
1.560536999999999921e+02
1.560546500000000094e+02
1.560584000000000060e+02
1.562008999999999901e+02
1.562275999999999954e+02
1.562625999999999920e+02
1.563807500000000061e+02
1.563861499999999864e+02
1.564064500000000066e+02
1.564142999999999972e+02
1.564207000000000107e+02
1.564375000000000000e+02
1.565164499999999919e+02
1.565506499999999903e+02
1.569927999999999884e+02
1.572739500000000135e+02
1.572825499999999863e+02
1.577053500000000099e+02
1.577377500000000055e+02
1.579308000000000050e+02
1.581490000000000009e+02
1.587012499999999875e+02
1.587331000000000074e+02
1.588168499999999881e+02
1.588266999999999882e+02
1.591382000000000119e+02
1.594901499999999999e+02
1.598158999999999992e+02
1.599074999999999989e+02
1.602341000000000122e+02
1.602845499999999959e+02
1.603735499999999945e+02
1.609507000000000119e+02
1.609745499999999936e+02
1.611119500000000073e+02
1.611194999999999879e+02
1.611364000000000090e+02
1.614099999999999966e+02
1.615562999999999931e+02
1.617494499999999960e+02
1.618482500000000073e+02
1.618675000000000068e+02
1.619520500000000141e+02
1.620075999999999965e+02
1.622451000000000079e+02
1.622781500000000108e+02
1.623289000000000044e+02
1.623447999999999922e+02
1.623549500000000023e+02
1.626970499999999902e+02
1.627395500000000084e+02
1.628200999999999965e+02
1.629809999999999945e+02
1.640241499999999917e+02
1.643266500000000008e+02
1.645210999999999899e+02
1.645557499999999891e+02
1.647963499999999897e+02
1.649674500000000137e+02
1.651962000000000046e+02
1.652122500000000116e+02
1.654208500000000015e+02
1.654247000000000014e+02
1.654318000000000097e+02
1.654568500000000029e+02
1.656103500000000111e+02
1.658031000000000006e+02
1.658146500000000003e+02
1.658178499999999929e+02
1.658230000000000075e+02
1.659875499999999988e+02
1.663899000000000115e+02
1.665015500000000088e+02
1.667611499999999864e+02
1.667970500000000129e+02
1.674455499999999972e+02
1.675049999999999955e+02
1.675365500000000054e+02
1.681765000000000043e+02
1.681836500000000001e+02
1.681873500000000092e+02
1.682832500000000095e+02
1.683228000000000009e+02
1.683408499999999890e+02
1.684475999999999942e+02
1.684673500000000104e+02
1.685597999999999956e+02
1.685994000000000028e+02
1.688541999999999916e+02
1.695158999999999878e+02
1.695340999999999951e+02
1.695490000000000066e+02
1.695739000000000090e+02
1.695838500000000124e+02
1.696374000000000137e+02
1.696382000000000119e+02
1.696961499999999887e+02
1.700817000000000121e+02
1.703772999999999911e+02
1.707755999999999972e+02
1.712004499999999894e+02
1.712110999999999876e+02
1.712287499999999909e+02
1.719073999999999955e+02
1.719175500000000056e+02
1.720064000000000135e+02
1.720186999999999955e+02
1.724016000000000020e+02
1.725004500000000007e+02
1.725867000000000075e+02
1.728065499999999872e+02
1.729326000000000079e+02
1.729398500000000070e+02
1.730554500000000075e+02
1.730640999999999963e+02
1.730757999999999868e+02
1.730787500000000136e+02
1.730881500000000131e+02
1.730890499999999861e+02
1.733742499999999893e+02
1.736376999999999953e+02
1.737076000000000136e+02
1.737704500000000110e+02
1.737743000000000109e+02
1.737905000000000086e+02
1.737956000000000074e+02
1.738249999999999886e+02
1.738274000000000115e+02
1.740344499999999925e+02
1.740409500000000094e+02
1.745783000000000129e+02
1.748097500000000082e+02
1.749324499999999887e+02
1.749410499999999900e+02
1.751496999999999957e+02
1.751711999999999989e+02
1.753563000000000045e+02
1.753795499999999947e+02
1.756853499999999997e+02
1.756991999999999905e+02
1.760477500000000077e+02
1.760557499999999891e+02
1.760587999999999909e+02
1.760781000000000063e+02
1.760964500000000044e+02
1.762433499999999924e+02
1.765164499999999919e+02
1.766685500000000104e+02
1.767358499999999992e+02
1.769020999999999901e+02
1.775683500000000095e+02
1.777729999999999961e+02
1.778694999999999879e+02
1.782456500000000119e+02
1.782587499999999920e+02
1.785150999999999897e+02
1.785920000000000130e+02
1.786495500000000050e+02
1.786614500000000021e+02
1.788888000000000034e+02
1.789047500000000070e+02
1.791265500000000088e+02
1.794271500000000117e+02
1.794465500000000020e+02
1.794477500000000134e+02
1.796288499999999999e+02
1.797024000000000115e+02
1.797521500000000003e+02
1.807229499999999973e+02
1.809703499999999963e+02
1.810717999999999961e+02
1.810805000000000007e+02
1.812376500000000021e+02
1.814097999999999900e+02
1.814395499999999970e+02
1.814474999999999909e+02
1.815069499999999891e+02
1.815614500000000078e+02
1.816332500000000039e+02
1.818293500000000051e+02
1.822043500000000051e+02
1.822092000000000098e+02
1.822132000000000005e+02
1.824816999999999894e+02
1.826079499999999882e+02
1.826844000000000108e+02
1.827547999999999888e+02
1.828345999999999947e+02
1.829691500000000133e+02
1.829792500000000075e+02
1.832884999999999991e+02
1.833070500000000038e+02
1.835824499999999944e+02
1.841362499999999898e+02
1.843776000000000010e+02
1.845408500000000060e+02
1.848808500000000095e+02
1.852256999999999891e+02
1.852506999999999948e+02
1.854593999999999880e+02
1.856408500000000004e+02
1.856502499999999998e+02
1.858018500000000017e+02
1.861610499999999888e+02
1.861964999999999861e+02
1.865915500000000122e+02
1.873566500000000019e+02
1.876032999999999902e+02
1.876187500000000057e+02
1.878092000000000041e+02
1.880644000000000062e+02
1.880680499999999995e+02
1.880869999999999891e+02
1.881023000000000138e+02
1.882581000000000131e+02
1.882754999999999939e+02
1.884127499999999884e+02
1.886024999999999920e+02
1.886137999999999977e+02
1.887078500000000076e+02
1.887413500000000113e+02
1.888063999999999965e+02
1.897093000000000131e+02
1.900240000000000009e+02
1.900341999999999985e+02
1.901542499999999905e+02
1.902202000000000055e+02
1.902262000000000057e+02
1.903879499999999894e+02
1.903918500000000051e+02
1.904869500000000073e+02
1.905972999999999900e+02
1.907324500000000000e+02
1.908127499999999941e+02
1.908325000000000102e+02
1.908579000000000008e+02
1.913515999999999906e+02
1.913882999999999868e+02
1.914565000000000055e+02
1.915540000000000020e+02
1.916796999999999969e+02
1.916872500000000059e+02
1.917107000000000028e+02
1.919740999999999929e+02
1.921078500000000133e+02
1.923855499999999950e+02
1.924111499999999921e+02
1.928698500000000138e+02
1.932249500000000069e+02
1.932983000000000118e+02
1.933880000000000052e+02
1.934238499999999874e+02
1.934690999999999974e+02
1.937103500000000054e+02
1.937988000000000000e+02
1.938111000000000104e+02
1.943035500000000013e+02
1.946339000000000112e+02
1.946574500000000114e+02
1.949238000000000000e+02
1.949297500000000127e+02
1.949629500000000064e+02
1.949915000000000020e+02
1.950229500000000087e+02
1.952194000000000074e+02
1.957695999999999970e+02
1.958789500000000032e+02
1.959237500000000125e+02
1.959324000000000012e+02
1.960415000000000134e+02
1.961790000000000020e+02
1.962747500000000116e+02
1.971721499999999878e+02
1.972244000000000028e+02
1.974550999999999874e+02
1.976613499999999988e+02
1.978245499999999879e+02
1.980497499999999889e+02
1.983129000000000133e+02
1.986745500000000106e+02
1.989246500000000140e+02
1.990800500000000000e+02
1.992665499999999952e+02
1.996212999999999909e+02
1.997201000000000022e+02
1.998332000000000050e+02
2.000354499999999973e+02
2.000406000000000120e+02
2.000538500000000113e+02
2.001631999999999891e+02
2.001679499999999905e+02
2.004858000000000118e+02
2.005167500000000018e+02
2.006268499999999904e+02
2.006475499999999954e+02
2.007128500000000031e+02
2.009922500000000127e+02
2.016406499999999937e+02
2.021244499999999960e+02
2.021299999999999955e+02
2.022010999999999967e+02
2.024813000000000045e+02
2.025302000000000078e+02
2.025980000000000132e+02
2.026705000000000041e+02
2.027335999999999956e+02
2.028356499999999869e+02
2.030587500000000034e+02
2.035060000000000002e+02
2.035757999999999868e+02
2.039228500000000111e+02
2.041613999999999862e+02
2.044048999999999978e+02
2.048283000000000129e+02
2.048693000000000097e+02
2.052904499999999928e+02
2.056906999999999925e+02
2.059034000000000049e+02
2.059153499999999894e+02
2.059346999999999923e+02
2.062838999999999885e+02
2.062975000000000136e+02
2.063095999999999890e+02
2.063388999999999953e+02
2.064009499999999946e+02
2.064882000000000062e+02
2.066610000000000014e+02
2.067254499999999950e+02
2.069243500000000040e+02
2.072971000000000004e+02
2.073047500000000127e+02
2.078848500000000001e+02
2.079630999999999972e+02
2.079726499999999874e+02
2.082334999999999923e+02
2.084727499999999907e+02
2.086687000000000012e+02
2.087901999999999987e+02
2.089316499999999905e+02
2.096206999999999994e+02
2.096258500000000140e+02
2.098634000000000128e+02
2.099925000000000068e+02
2.105683500000000095e+02
2.106448499999999910e+02
2.107125499999999931e+02
2.108088999999999942e+02
2.109147499999999980e+02
2.109428000000000054e+02
2.110358999999999980e+02
2.110871500000000083e+02
2.111292500000000132e+02
2.113412999999999897e+02
2.113623000000000047e+02
2.114902999999999906e+02
2.118981499999999869e+02
2.119144000000000005e+02
2.119195499999999868e+02
2.123843500000000120e+02
2.124213499999999897e+02
2.125079499999999939e+02
2.126461500000000058e+02
2.127329000000000008e+02
2.132181500000000085e+02
2.133248000000000104e+02
2.134296999999999969e+02
2.134467999999999961e+02
2.134521499999999889e+02
2.135653000000000077e+02
2.138918999999999926e+02
2.139589499999999873e+02
2.139700499999999863e+02
2.140791999999999859e+02
2.140852500000000020e+02
2.143199500000000057e+02
2.146696000000000026e+02
2.146879999999999882e+02
2.146922999999999888e+02
2.148260500000000093e+02
2.148400499999999909e+02
2.150581500000000119e+02
2.154965500000000134e+02
2.155763499999999908e+02
2.156031000000000120e+02
2.156801499999999976e+02
2.156831999999999994e+02
2.156862999999999886e+02
2.157579000000000065e+02
2.159879999999999995e+02
2.161384500000000060e+02
2.161501000000000090e+02
2.162659500000000037e+02
2.162983499999999992e+02
2.165120499999999879e+02
2.168798500000000047e+02
2.169360499999999945e+02
2.170050500000000113e+02
2.172428500000000042e+02
2.172465500000000134e+02
2.173434000000000026e+02
2.176257500000000107e+02
2.177609500000000082e+02
2.177814999999999941e+02
2.180054499999999962e+02
2.180379499999999950e+02
2.180880999999999972e+02
2.181242000000000019e+02
2.184666499999999871e+02
2.185775999999999897e+02
2.191012000000000057e+02
2.191343999999999994e+02
2.196095500000000129e+02
2.196603499999999940e+02
2.196735999999999933e+02
2.199096499999999992e+02
2.200198000000000036e+02
2.201544000000000096e+02
2.205186999999999955e+02
2.206228499999999997e+02
2.208855499999999950e+02
2.210715500000000020e+02
2.210900499999999909e+02
2.221814999999999998e+02
2.223479000000000099e+02
2.225706999999999880e+02
2.230341999999999985e+02
2.230853999999999928e+02
2.230991500000000087e+02
2.237940499999999986e+02
2.239696999999999889e+02
2.242011500000000126e+02
2.242591500000000053e+02
2.248072500000000105e+02
2.248140999999999963e+02
2.250024999999999977e+02
2.251923999999999921e+02
2.253784499999999866e+02
2.253814000000000135e+02
2.254824999999999875e+02
2.255741999999999905e+02
2.257971000000000004e+02
2.258118499999999926e+02
2.259617000000000075e+02
2.266215500000000134e+02
2.268045999999999935e+02
2.268920500000000118e+02
2.270761500000000126e+02
2.272637000000000000e+02
2.275457000000000107e+02
2.278166500000000099e+02
2.278900999999999897e+02
2.283431500000000085e+02
2.285711499999999887e+02
2.285886999999999887e+02
2.287072499999999877e+02
2.291837500000000034e+02
2.292164999999999964e+02
2.292346000000000004e+02
2.294278999999999940e+02
2.294866000000000099e+02
2.297114500000000135e+02
2.302615000000000123e+02
2.303188499999999976e+02
2.303252500000000111e+02
2.305249000000000024e+02
2.306234499999999912e+02
2.306676500000000090e+02
2.307325500000000034e+02
2.310887999999999920e+02
2.311740499999999940e+02
2.311875499999999874e+02
2.315141000000000133e+02
2.320719499999999869e+02
2.322838000000000136e+02
2.327187000000000126e+02
2.327593999999999994e+02
2.328280000000000030e+02
2.329441500000000076e+02
2.329536500000000103e+02
2.329571500000000128e+02
2.330736499999999864e+02
2.330784999999999911e+02
2.332917500000000075e+02
2.334732999999999947e+02
2.335894000000000119e+02
2.341494500000000016e+02
2.345742999999999938e+02
2.346136999999999944e+02
2.347794000000000096e+02
2.348900500000000022e+02
2.349145499999999913e+02
2.353248499999999979e+02
2.354122500000000002e+02
2.356754999999999995e+02
2.357584500000000105e+02
2.358870499999999879e+02
2.358933499999999981e+02
2.361533499999999890e+02
2.361663000000000068e+02
2.362584999999999980e+02
2.365117500000000064e+02
2.372708499999999958e+02
2.373408000000000015e+02
2.373472999999999900e+02
2.374216499999999996e+02
2.377442000000000064e+02
2.378342499999999973e+02
2.380896999999999935e+02
2.390200499999999977e+02
2.397819000000000074e+02
2.399245999999999981e+02
2.401194500000000005e+02
2.401821500000000071e+02
2.403325000000000102e+02
2.404508999999999901e+02
2.404522000000000048e+02
2.408557000000000130e+02
2.412607999999999890e+02
2.414772499999999980e+02
2.416528500000000008e+02
2.417417499999999961e+02
2.418175500000000113e+02
2.419602999999999895e+02
2.420201999999999884e+02
2.420872500000000116e+02
2.422612000000000023e+02
2.423407500000000141e+02
2.424482999999999890e+02
2.425582499999999868e+02
2.428701000000000079e+02
2.434807999999999879e+02
2.437732499999999902e+02
2.437766000000000020e+02
2.438884999999999934e+02
2.440386499999999899e+02
2.441043500000000108e+02
2.442101000000000113e+02
2.446809000000000083e+02
2.448066000000000031e+02
2.449043000000000063e+02
2.449874000000000080e+02
2.449953500000000020e+02
2.450163499999999885e+02
2.455476999999999919e+02
2.458326000000000136e+02
2.459211999999999989e+02
2.462621000000000038e+02
2.463481500000000040e+02
2.468233500000000049e+02
2.468348499999999888e+02
2.468391000000000020e+02
2.468413500000000056e+02
2.469789000000000101e+02
2.470983999999999980e+02
2.471038499999999942e+02
2.471166000000000054e+02
2.471226499999999930e+02
2.471269499999999937e+02
2.474534999999999911e+02
2.474586999999999932e+02
2.477308500000000038e+02
2.479000499999999931e+02
2.479898499999999899e+02
2.480134999999999934e+02
2.482320499999999868e+02
2.484899499999999932e+02
2.488617000000000132e+02
2.489944500000000005e+02
2.493157500000000084e+02
2.494221499999999878e+02
2.499148000000000138e+02
2.501998000000000104e+02
2.502591500000000053e+02
2.502678500000000099e+02
2.505247500000000116e+02
2.505431000000000097e+02
2.509959000000000060e+02
2.511092500000000030e+02
2.511136500000000069e+02
2.512744999999999891e+02
2.512879499999999950e+02
2.514818500000000085e+02
2.516101999999999919e+02
2.516247999999999934e+02
2.517233500000000106e+02
2.520380999999999858e+02
2.525515000000000043e+02
2.525558499999999924e+02
2.526824499999999887e+02
2.528410000000000082e+02
2.528794499999999914e+02
2.532964000000000055e+02
2.534370499999999993e+02
2.534759999999999991e+02
2.534800500000000056e+02
2.534853500000000111e+02
2.535708500000000072e+02
2.538016000000000076e+02
2.543420999999999879e+02
2.547090000000000032e+02
2.547343500000000063e+02
2.548251999999999953e+02
2.551978000000000009e+02
2.552001999999999953e+02
2.553156500000000051e+02
2.554430999999999869e+02
2.554982500000000130e+02
2.555514000000000010e+02
2.565781499999999937e+02
2.566541500000000156e+02
2.569118000000000279e+02
2.576952999999999747e+02
2.577653999999999996e+02
2.578643000000000143e+02
2.578667500000000246e+02
2.578716000000000008e+02
2.579841499999999996e+02
2.581426500000000033e+02
2.582629999999999768e+02
2.585129999999999768e+02
2.586281999999999925e+02
2.589567499999999995e+02
2.589601499999999987e+02
2.591594000000000051e+02
2.592157000000000266e+02
2.594282999999999788e+02
2.596834000000000060e+02
2.598199500000000057e+02
2.602779499999999757e+02
2.603127999999999815e+02
2.603496000000000095e+02
2.603547500000000241e+02
2.605984000000000265e+02
2.606582999999999970e+02
2.607105000000000246e+02
2.607614500000000248e+02
2.608206500000000005e+02
2.608510999999999740e+02
2.609666000000000281e+02
2.610411500000000160e+02
2.610554500000000075e+02
2.613938499999999863e+02
2.614049499999999853e+02
2.614517500000000041e+02
2.614592000000000098e+02
2.614653500000000008e+02
2.614864999999999782e+02
2.615222999999999729e+02
2.620187000000000239e+02
2.620321999999999889e+02
2.620513000000000261e+02
2.622191500000000133e+02
2.624255999999999744e+02
2.624503000000000270e+02
2.624991999999999734e+02
2.626636500000000183e+02
2.626655999999999835e+02
2.627546500000000265e+02
2.628009999999999877e+02
2.628500000000000227e+02
2.629017499999999927e+02
2.630065500000000043e+02
2.632126499999999965e+02
2.633265999999999849e+02
2.634019499999999994e+02
2.635829499999999825e+02
2.642647499999999923e+02
2.643766499999999837e+02
2.643797000000000139e+02
2.643829999999999814e+02
2.647979500000000144e+02
2.648724500000000148e+02
2.649139999999999873e+02
2.650399499999999762e+02
2.651869500000000244e+02
2.652549000000000206e+02
2.652663000000000011e+02
2.652742999999999824e+02
2.655097499999999968e+02
2.655387000000000057e+02
2.655446000000000026e+02
2.661413999999999760e+02
2.662029499999999871e+02
2.666539999999999964e+02
2.666584500000000162e+02
2.666686500000000137e+02
2.667074499999999944e+02
2.668919500000000085e+02
2.672501500000000192e+02
2.673719500000000266e+02
2.676509500000000230e+02
2.677386000000000195e+02
2.681426500000000033e+02
2.681595500000000243e+02
2.682834500000000162e+02
2.688231999999999857e+02
2.688410499999999956e+02
2.691738500000000158e+02
2.692134500000000230e+02
2.694334499999999935e+02
2.694413000000000125e+02
2.695814500000000180e+02
2.699615000000000009e+02
2.700522500000000150e+02
2.701146499999999833e+02
2.701750499999999988e+02
2.702440000000000282e+02
2.706974500000000035e+02
2.709255999999999744e+02
2.709587999999999965e+02
2.711752000000000180e+02
2.712922500000000241e+02
2.713975500000000238e+02
2.714619500000000016e+02
2.714870999999999981e+02
2.716306500000000028e+02
2.716813999999999965e+02
2.717955999999999790e+02
2.721723000000000070e+02
2.724689500000000066e+02
2.724701499999999896e+02
2.724710999999999785e+02
2.724870500000000106e+02
2.726038500000000226e+02
2.726132499999999936e+02
2.726356499999999983e+02
2.728306999999999789e+02
2.733426000000000045e+02
2.736190000000000282e+02
2.736288999999999874e+02
2.737000499999999761e+02
2.737060999999999922e+02
2.738646499999999833e+02
2.739970500000000015e+02
2.741328500000000190e+02
2.743786999999999807e+02
2.743851000000000226e+02
2.745221000000000231e+02
2.746514000000000237e+02
2.748768000000000029e+02
2.750356499999999755e+02
2.750507999999999811e+02
2.750679499999999962e+02
2.751385500000000093e+02
2.752710999999999899e+02
2.753043499999999995e+02
2.753297999999999774e+02
2.754723999999999933e+02
2.756779500000000098e+02
2.756816000000000031e+02
2.756832999999999743e+02
2.757240499999999770e+02
2.760039499999999748e+02
2.761502500000000282e+02
2.766765500000000202e+02
2.766826500000000237e+02
2.768254000000000019e+02
2.769339499999999816e+02
2.770659499999999866e+02
2.770822000000000003e+02
2.771028000000000020e+02
2.771175999999999817e+02
2.772309000000000196e+02
2.773475500000000125e+02
2.776365000000000123e+02
2.776858500000000163e+02
2.776872500000000059e+02
2.776913499999999999e+02
2.778745499999999993e+02
2.780952500000000214e+02
2.781268499999999904e+02
2.781485999999999876e+02
2.783942000000000121e+02
2.784795500000000175e+02
2.785496499999999855e+02
2.787683499999999981e+02
2.791311499999999910e+02
2.792524000000000228e+02
2.792928499999999872e+02
2.795864000000000260e+02
2.796992500000000064e+02
2.797620000000000005e+02
2.801687999999999761e+02
2.803773499999999785e+02
2.803951999999999884e+02
2.803977499999999736e+02
2.804015999999999735e+02
2.804967500000000200e+02
2.806743999999999915e+02
2.807601500000000101e+02
2.808706500000000119e+02
2.809752500000000168e+02
2.809911999999999921e+02
2.811054500000000189e+02
2.811447000000000003e+02
2.811598500000000058e+02
2.812751999999999839e+02
2.813265999999999849e+02
2.813654000000000224e+02
2.813851500000000101e+02
2.816317999999999984e+02
2.816698000000000093e+02
2.818242500000000064e+02
2.818407000000000266e+02
2.819289999999999736e+02
2.819338999999999942e+02
2.820355999999999881e+02
2.821850000000000023e+02
2.821956999999999880e+02
2.822938500000000204e+02
2.824325000000000045e+02
2.825119500000000130e+02
2.825172999999999774e+02
2.825735999999999990e+02
2.827235000000000014e+02
2.829362499999999727e+02
2.829402999999999793e+02
2.829423499999999763e+02
2.829445499999999925e+02
2.829642999999999802e+02
2.829727500000000191e+02
2.830724000000000160e+02
2.831741999999999848e+02
2.832192499999999882e+02
2.833304499999999848e+02
2.834027500000000259e+02
2.838969999999999914e+02
2.839846499999999878e+02
2.842628500000000145e+02
2.843720999999999890e+02
2.844084500000000162e+02
2.846506499999999846e+02
2.846542499999999905e+02
2.848136499999999955e+02
2.852097499999999854e+02
2.852601000000000226e+02
2.852712500000000091e+02
2.853668000000000120e+02
2.856548000000000229e+02
2.856628999999999792e+02
2.856979000000000042e+02
2.857829500000000280e+02
2.862567999999999984e+02
2.863940999999999804e+02
2.865548000000000002e+02
2.865607499999999845e+02
2.865669500000000198e+02
2.869559499999999730e+02
2.870493000000000166e+02
2.871893999999999778e+02
2.873341500000000224e+02
2.873749000000000251e+02
2.875346499999999992e+02
2.875572000000000230e+02
2.875643499999999904e+02
2.875722499999999968e+02
2.876216000000000008e+02
2.876433999999999855e+02
2.879108499999999822e+02
2.880190999999999804e+02
2.880769999999999982e+02
2.882529000000000110e+02
2.883319999999999936e+02
2.883962500000000091e+02
2.886845000000000141e+02
2.887128000000000156e+02
2.890138499999999908e+02
2.890567500000000223e+02
2.891607000000000198e+02
2.891809999999999832e+02
2.891951000000000249e+02
2.892599500000000035e+02
2.892752500000000282e+02
2.896012999999999806e+02
2.896132999999999811e+02
2.896385000000000218e+02
2.898740500000000111e+02
2.899663499999999772e+02
2.902834500000000162e+02
2.904889999999999759e+02
2.906942999999999984e+02
2.909897000000000276e+02
2.909946499999999787e+02
2.910529999999999973e+02
2.910633000000000266e+02
2.911770999999999958e+02
2.912634499999999775e+02
2.913068499999999972e+02
2.915747999999999820e+02
2.916405500000000188e+02
2.916899999999999977e+02
2.918423000000000229e+02
2.919046999999999912e+02
2.919745500000000220e+02
2.920147499999999923e+02
2.922024000000000115e+02
2.923233500000000049e+02
2.924769999999999754e+02
2.927434999999999832e+02
2.928588500000000181e+02
2.932484000000000037e+02
2.936668999999999983e+02
2.937366999999999848e+02
2.937650499999999738e+02
2.938847499999999968e+02
2.942665499999999952e+02
2.944565499999999929e+02
2.945086999999999762e+02
2.947707500000000209e+02
2.948994500000000016e+02
2.949166000000000167e+02
2.950873000000000275e+02
2.952189500000000066e+02
2.953112499999999727e+02
2.953661999999999921e+02
2.954650500000000193e+02
2.955428999999999746e+02
2.955473000000000070e+02
2.958077999999999861e+02
2.958727000000000089e+02
2.959932499999999891e+02
2.961949500000000057e+02
2.964026499999999942e+02
2.964130499999999984e+02
2.965978499999999940e+02
2.967361999999999966e+02
2.967581500000000005e+02
2.967618499999999813e+02
2.968442999999999756e+02
2.971395499999999856e+02
2.971792500000000246e+02
2.972046500000000151e+02
2.973593999999999937e+02
2.977183499999999867e+02
2.977925999999999931e+02
2.978050499999999943e+02
2.978122999999999934e+02
2.978749000000000251e+02
2.980548000000000002e+02
2.980925500000000170e+02
2.981032000000000153e+02
2.981072500000000218e+02
2.981813999999999965e+02
2.986399999999999864e+02
2.986730999999999767e+02
2.988706000000000245e+02
2.992456500000000119e+02
2.997448999999999728e+02
2.999202500000000100e+02
2.999347000000000207e+02
3.001021999999999821e+02
3.002202500000000214e+02
3.002955999999999790e+02
3.003072000000000230e+02
3.005206999999999766e+02
3.005244000000000142e+02
3.011994500000000130e+02
3.018109000000000037e+02
3.020654999999999859e+02
3.021384499999999775e+02
3.021678499999999872e+02
3.022257000000000176e+02
3.024190500000000270e+02
3.031103499999999826e+02
3.031994000000000256e+02
3.035961500000000228e+02
3.036512999999999920e+02
3.037396499999999833e+02
3.037673500000000217e+02
3.037861500000000206e+02
3.038866499999999746e+02
3.041150999999999840e+02
3.044388500000000022e+02
3.045548000000000002e+02
3.045586500000000001e+02
3.045911500000000274e+02
3.046542999999999779e+02
3.047153500000000008e+02
3.048257500000000277e+02
3.048707499999999868e+02
3.050552000000000135e+02
3.053715500000000134e+02
3.054775500000000079e+02
3.055682499999999777e+02
3.060849000000000046e+02
3.062023500000000240e+02
3.062610000000000241e+02
3.065369499999999903e+02
3.067012500000000159e+02
3.077404000000000224e+02
3.080631500000000074e+02
3.080731499999999983e+02
3.082518999999999778e+02
3.086241999999999734e+02
3.086975499999999784e+02
3.094524999999999864e+02
3.095324499999999830e+02
3.096854500000000030e+02
3.096881500000000074e+02
3.097204500000000280e+02
3.097859000000000265e+02
3.100001500000000192e+02
3.101347000000000094e+02
3.102760999999999854e+02
3.103122000000000185e+02
3.103928500000000099e+02
3.104293000000000120e+02
3.108892999999999915e+02
3.112558500000000095e+02
3.112821999999999889e+02
3.112859500000000139e+02
3.114084500000000162e+02
3.114614000000000260e+02
3.114634500000000230e+02
3.116778499999999781e+02
3.117281500000000278e+02
3.118900499999999738e+02
3.123779999999999859e+02
3.124452499999999873e+02
3.125437499999999886e+02
3.127844000000000051e+02
3.128323500000000195e+02
3.129366499999999860e+02
3.130240999999999758e+02
3.131683499999999754e+02
3.132506000000000199e+02
3.143306499999999915e+02
3.143867000000000189e+02
3.145120999999999754e+02
3.145516000000000076e+02
3.146784999999999854e+02
3.150754000000000019e+02
3.151643000000000256e+02
3.155509999999999877e+02
3.156053499999999872e+02
3.157657500000000255e+02
3.157853000000000065e+02
3.163872000000000071e+02
3.165054499999999962e+02
3.165724500000000035e+02
3.167531500000000051e+02
3.168888000000000034e+02
3.169998499999999808e+02
3.171523000000000252e+02
3.171777500000000032e+02
3.172041500000000269e+02
3.172394499999999766e+02
3.173870499999999879e+02
3.175129999999999768e+02
3.180948500000000081e+02
3.183602000000000203e+02
3.184166000000000167e+02
3.184197500000000218e+02
3.189836500000000115e+02
3.189852000000000203e+02
3.190396999999999821e+02
3.192776499999999942e+02
3.195628500000000258e+02
3.201237499999999727e+02
3.201254000000000133e+02
3.204728000000000065e+02
3.211639999999999873e+02
3.211981999999999857e+02
3.215147999999999797e+02
3.219032500000000141e+02
3.224046999999999912e+02
3.226888999999999896e+02
3.227841000000000236e+02
3.228091999999999757e+02
3.228589000000000055e+02
3.231999000000000137e+02
3.234384999999999764e+02
3.234956500000000119e+02
3.235561500000000024e+02
3.237760499999999979e+02
3.237793500000000222e+02
3.241345499999999902e+02
3.241395499999999856e+02
3.241725000000000136e+02
3.242124000000000024e+02
3.242309000000000196e+02
3.242885499999999865e+02
3.244372999999999934e+02
3.245317000000000007e+02
3.246301000000000272e+02
3.247262999999999806e+02
3.249141000000000190e+02
3.250464000000000055e+02
3.250640500000000088e+02
3.250683999999999969e+02
3.252431000000000267e+02
3.255253500000000031e+02
3.256782999999999788e+02
3.258991500000000201e+02
3.260890999999999735e+02
3.261360000000000241e+02
3.264954000000000178e+02
3.267975999999999885e+02
3.280380999999999858e+02
3.284201499999999783e+02
3.288398000000000252e+02
3.290124000000000137e+02
3.290146500000000174e+02
3.290776999999999930e+02
3.299510500000000093e+02
3.304359499999999912e+02
3.311072500000000218e+02
3.315919499999999971e+02
3.316012999999999806e+02
3.316444500000000062e+02
3.317672000000000025e+02
3.318907500000000255e+02
3.320269499999999994e+02
3.320864000000000260e+02
3.321113000000000284e+02
3.321843000000000075e+02
3.325909500000000207e+02
3.326057999999999879e+02
3.326245999999999867e+02
3.326537999999999897e+02
3.326868000000000052e+02
3.327058000000000106e+02
3.327180999999999926e+02
3.327191500000000133e+02
3.327504500000000007e+02
3.328052000000000135e+02
3.329496500000000196e+02
3.330185999999999922e+02
3.332090000000000032e+02
3.334209999999999923e+02
3.337725500000000238e+02
3.340634499999999889e+02
3.342937000000000012e+02
3.345615500000000111e+02
3.348770499999999970e+02
3.350510499999999752e+02
3.353025499999999965e+02
3.356272999999999911e+02
3.360955000000000155e+02
3.364345999999999890e+02
3.365158000000000129e+02
3.366147500000000150e+02
3.366705999999999790e+02
3.367806499999999801e+02
3.368805500000000279e+02
3.370208499999999958e+02
3.373879999999999768e+02
3.376988999999999805e+02
3.377338500000000181e+02
3.377379999999999995e+02
3.379075000000000273e+02
3.380393000000000256e+02
3.384719000000000051e+02
3.385737500000000182e+02
3.386510499999999979e+02
3.389730500000000006e+02
3.396705999999999790e+02
3.398866499999999746e+02
3.399939499999999839e+02
3.401468499999999722e+02
3.410072000000000116e+02
3.415038999999999874e+02
3.416759500000000003e+02
3.416856500000000096e+02
3.417751499999999965e+02
3.418761499999999955e+02
3.420100499999999784e+02
3.420251499999999965e+02
3.423820499999999925e+02
3.426444500000000062e+02
3.426485500000000002e+02
3.426590499999999793e+02
3.430048499999999763e+02
3.433015500000000202e+02
3.437852500000000191e+02
3.438483499999999822e+02
3.439804500000000189e+02
3.440887500000000045e+02
3.442069000000000187e+02
3.443138500000000022e+02
3.446686000000000263e+02
3.447590500000000020e+02
3.448426999999999794e+02
3.449463999999999828e+02
3.449528000000000247e+02
3.449624499999999898e+02
3.451102500000000077e+02
3.451147000000000276e+02
3.452148500000000126e+02
3.453960000000000150e+02
3.454255499999999870e+02
3.454660999999999831e+02
3.455311500000000251e+02
3.457533999999999992e+02
3.458009500000000003e+02
3.458511500000000183e+02
3.459166000000000167e+02
3.465783999999999878e+02
3.473668499999999995e+02
3.483339000000000283e+02
3.489019999999999868e+02
3.490833999999999833e+02
3.492749000000000024e+02
3.496351500000000101e+02
3.497413000000000238e+02
3.500075499999999806e+02
3.503412999999999897e+02
3.507005500000000211e+02
3.507178000000000111e+02
3.514780000000000086e+02
3.517554499999999962e+02
3.519266999999999825e+02
3.520911500000000274e+02
3.525529000000000224e+02
3.530511000000000195e+02
3.532561499999999910e+02
3.534279999999999973e+02
3.535329500000000280e+02
3.546913000000000125e+02
3.546924999999999955e+02
3.548729500000000030e+02
3.548988499999999817e+02
3.549046000000000163e+02
3.558460999999999785e+02
3.558509500000000116e+02
3.561023500000000013e+02
3.563557999999999879e+02
3.566985500000000116e+02
3.567220500000000243e+02
3.568672000000000253e+02
3.570593999999999824e+02
3.571983500000000049e+02
3.572010500000000093e+02
3.576916499999999814e+02
3.580108000000000175e+02
3.582572999999999865e+02
3.582885499999999865e+02
3.582937999999999761e+02
3.586702000000000226e+02
3.586780999999999722e+02
3.587615000000000123e+02
3.587978499999999826e+02
3.591597499999999741e+02
3.595823500000000195e+02
3.596721999999999753e+02
3.596815000000000282e+02
3.597874499999999784e+02
3.599313500000000090e+02
3.601447000000000003e+02
3.602848500000000058e+02
3.608279499999999871e+02
3.609911999999999921e+02
3.611073999999999842e+02
3.611884499999999889e+02
3.615781999999999812e+02
3.619936500000000024e+02
3.620156000000000063e+02
3.621021499999999946e+02
3.628864500000000248e+02
3.630931499999999801e+02
3.631587499999999977e+02
3.633328999999999951e+02
3.634726999999999748e+02
3.653240000000000123e+02
3.656110499999999774e+02
3.658073999999999728e+02
3.659481999999999857e+02
3.660441500000000019e+02
3.662561000000000035e+02
3.664990000000000236e+02
3.674304999999999950e+02
3.675901499999999942e+02
3.676003999999999792e+02
3.680167999999999893e+02
3.683648999999999774e+02
3.683843499999999835e+02
3.686881000000000199e+02
3.687327000000000226e+02
3.703465499999999793e+02
3.709331500000000119e+02
3.709673500000000104e+02
3.711289499999999748e+02
3.711443499999999744e+02
3.711519999999999868e+02
3.711698499999999967e+02
3.714304500000000075e+02
3.715108999999999924e+02
3.719447499999999991e+02
3.723837500000000205e+02
3.729001999999999839e+02
3.731519999999999868e+02
3.732993000000000166e+02
3.733385999999999854e+02
3.735446000000000026e+02
3.739254500000000121e+02
3.744690499999999815e+02
3.746893999999999778e+02
3.747363500000000158e+02
3.747768500000000245e+02
3.749077500000000214e+02
3.755574500000000171e+02
3.760853500000000054e+02
3.764964499999999816e+02
3.765036000000000058e+02
3.768824000000000183e+02
3.769451500000000124e+02
3.769610999999999876e+02
3.770947499999999764e+02
3.771059000000000196e+02
3.771825499999999920e+02
3.772807999999999993e+02
3.774596500000000106e+02
3.777403499999999781e+02
3.778442000000000007e+02
3.783935999999999922e+02
3.787875999999999976e+02
3.791624499999999784e+02
3.795488000000000284e+02
3.795633500000000140e+02
3.797319499999999834e+02
3.797356500000000210e+02
3.799669999999999845e+02
3.800228000000000179e+02
3.802181499999999801e+02
3.807309000000000196e+02
3.811433499999999981e+02
3.814332499999999868e+02
3.815899499999999875e+02
3.816997499999999945e+02
3.823002000000000180e+02
3.827545499999999947e+02
3.829923999999999751e+02
3.830181000000000040e+02
3.831944500000000176e+02
3.831985999999999990e+02
3.832151999999999816e+02
3.832230999999999881e+02
3.832411999999999921e+02
3.840613000000000170e+02
3.845595999999999890e+02
3.845760500000000093e+02
3.847397500000000150e+02
3.849723000000000184e+02
3.849731499999999755e+02
3.852512500000000273e+02
3.853267500000000041e+02
3.856576000000000022e+02
3.858034999999999854e+02
3.858102999999999838e+02
3.859474500000000035e+02
3.859687999999999874e+02
3.860713499999999954e+02
3.860804999999999723e+02
3.860926999999999794e+02
3.867749499999999898e+02
3.867781499999999824e+02
3.878457999999999970e+02
3.880764500000000226e+02
3.883922000000000025e+02
3.884064999999999941e+02
3.884473499999999717e+02
3.886186000000000149e+02
3.886336999999999762e+02
3.889289999999999736e+02
3.889499000000000137e+02
3.892164000000000215e+02
3.895314500000000066e+02
3.896123000000000047e+02
3.898324999999999818e+02
3.902528500000000236e+02
3.903018500000000017e+02
3.913792000000000257e+02
3.914886000000000195e+02
3.917512500000000273e+02
3.922019500000000107e+02
3.922126999999999839e+02
3.922366000000000099e+02
3.923487999999999829e+02
3.928154499999999985e+02
3.929629499999999780e+02
3.931072500000000218e+02
3.931259499999999889e+02
3.932897500000000264e+02
3.933562000000000012e+02
3.940250500000000216e+02
3.946979000000000042e+02
3.950148500000000240e+02
3.950196000000000254e+02
3.950316000000000258e+02
3.952436999999999898e+02
3.959744000000000028e+02
3.959891000000000076e+02
3.961206500000000119e+02
3.962178999999999860e+02
3.963521000000000072e+02
3.968711500000000001e+02
3.972007500000000277e+02
3.973776500000000169e+02
3.973797999999999888e+02
3.975389999999999873e+02
3.977223999999999933e+02
3.982097999999999729e+02
4.003813999999999851e+02
4.004033000000000015e+02
4.005142000000000166e+02
4.009807000000000130e+02
4.010003500000000258e+02
4.011583999999999719e+02
4.018293499999999767e+02
4.020597000000000207e+02
4.020645499999999970e+02
4.030165499999999952e+02
4.035221500000000106e+02
4.049030500000000075e+02
4.050684499999999844e+02
4.050751999999999953e+02
4.050803500000000099e+02
4.050937999999999874e+02
4.053743499999999926e+02
4.063076500000000237e+02
4.067869499999999903e+02
4.069948999999999728e+02
4.069988000000000170e+02
4.073657000000000039e+02
4.077998000000000047e+02
4.080084499999999821e+02
4.082495000000000118e+02
4.083140500000000088e+02
4.091170999999999935e+02
4.092644999999999982e+02
4.097178999999999860e+02
4.098294999999999959e+02
4.098384500000000230e+02
4.098434500000000185e+02
4.098774000000000228e+02
4.099407499999999800e+02
4.099816500000000019e+02
4.099903499999999781e+02
4.100021499999999719e+02
4.100720000000000027e+02
4.100867000000000075e+02
4.102832500000000095e+02
4.103521999999999821e+02
4.105471499999999878e+02
4.107040999999999826e+02
4.107193500000000199e+02
4.107257500000000050e+02
4.110844500000000039e+02
4.113652000000000157e+02
4.119060499999999934e+02
4.121696000000000026e+02
4.129984999999999786e+02
4.130883499999999913e+02
4.130926999999999794e+02
4.131064499999999953e+02
4.131114499999999907e+02
4.135038000000000125e+02
4.137051500000000033e+02
4.139508500000000026e+02
4.144880499999999870e+02
4.145110500000000116e+02
4.148197999999999865e+02
4.148245000000000005e+02
4.153832499999999754e+02
4.153996500000000083e+02
4.157121500000000083e+02
4.159039000000000215e+02
4.169501000000000204e+02
4.177053999999999974e+02
4.177436000000000149e+02
4.178630999999999744e+02
4.181515499999999861e+02
4.182167499999999905e+02
4.182916500000000042e+02
4.184097499999999741e+02
4.185273500000000126e+02
4.189180000000000064e+02
4.191225999999999772e+02
4.195549500000000194e+02
4.196254000000000133e+02
4.198220999999999776e+02
4.201851500000000215e+02
4.201982499999999732e+02
4.205212000000000216e+02
4.207515000000000214e+02
4.209426000000000272e+02
4.214701000000000022e+02
4.219560999999999922e+02
4.221544999999999845e+02
4.224067499999999882e+02
4.225068499999999858e+02
4.228199500000000057e+02
4.229573500000000195e+02
4.230402500000000146e+02
4.230514000000000010e+02
4.235668499999999881e+02
4.240215499999999906e+02
4.241788500000000113e+02
4.241864499999999794e+02
4.247119500000000016e+02
4.247176000000000045e+02
4.250434999999999945e+02
4.251446000000000254e+02
4.255942000000000007e+02
4.270162000000000262e+02
4.270600499999999897e+02
4.270670499999999947e+02
4.279576999999999884e+02
4.279628000000000156e+02
4.279789499999999975e+02
4.279821999999999775e+02
4.279859999999999900e+02
4.279954500000000053e+02
4.280016499999999837e+02
4.280160999999999945e+02
4.280387499999999932e+02
4.283363499999999817e+02
4.283451499999999896e+02
4.284606499999999869e+02
4.287312000000000012e+02
4.287544500000000198e+02
4.289808499999999754e+02
4.292026500000000055e+02
4.292153500000000008e+02
4.292310499999999820e+02
4.292482999999999720e+02
4.292491499999999860e+02
4.301154500000000098e+02
4.302833999999999719e+02
4.306596000000000117e+02
4.307549000000000206e+02
4.308919500000000085e+02
4.309775500000000079e+02
4.310031500000000051e+02
4.313881000000000085e+02
4.318886999999999716e+02
4.321592999999999734e+02
4.322226499999999874e+02
4.322398499999999899e+02
4.328738000000000170e+02
4.333180500000000279e+02
4.334270000000000209e+02
4.336291499999999814e+02
4.339309499999999957e+02
4.339988500000000045e+02
4.340740499999999997e+02
4.341816999999999780e+02
4.343552000000000248e+02
4.344191500000000019e+02
4.344235499999999774e+02
4.345806499999999915e+02
4.350912999999999897e+02
4.356390999999999849e+02
4.359000500000000216e+02
4.360010500000000206e+02
4.360176000000000158e+02
4.363455500000000029e+02
4.364439499999999725e+02
4.364565999999999804e+02
4.364725000000000250e+02
4.366000500000000102e+02
4.366205499999999802e+02
4.368514499999999998e+02
4.369363999999999919e+02
4.372672999999999774e+02
4.375942499999999882e+02
4.376346500000000219e+02
4.378914500000000203e+02
4.380736999999999739e+02
4.380905500000000075e+02
4.381462500000000091e+02
4.382869999999999777e+02
4.385648499999999785e+02
4.386435000000000173e+02
4.388475999999999999e+02
4.388917500000000018e+02
4.389886999999999944e+02
4.391015499999999747e+02
4.391627500000000168e+02
4.391877999999999815e+02
4.395099500000000035e+02
4.395107499999999732e+02
4.395149999999999864e+02
4.395516999999999825e+02
4.395692999999999984e+02
4.398939500000000180e+02
4.400029499999999985e+02
4.400288499999999772e+02
4.407296999999999798e+02
4.410427999999999997e+02
4.411895000000000095e+02
4.412706999999999766e+02
4.414848999999999819e+02
4.416392999999999915e+02
4.417189999999999941e+02
4.418865999999999872e+02
4.418913499999999885e+02
4.418951999999999884e+02
4.419383500000000140e+02
4.419485999999999990e+02
4.419771000000000072e+02
4.420255999999999972e+02
4.425056999999999903e+02
4.425274499999999875e+02
4.425494499999999789e+02
4.426723999999999819e+02
4.430772999999999797e+02
4.431209000000000060e+02
4.436798000000000002e+02
4.438360000000000127e+02
4.438559500000000071e+02
4.441052500000000123e+02
4.441783500000000231e+02
4.441936999999999784e+02
4.442204500000000280e+02
4.443231499999999983e+02
4.443360999999999876e+02
4.443790000000000191e+02
4.449223000000000070e+02
4.449273000000000025e+02
4.449376500000000192e+02
4.454576000000000136e+02
4.456763000000000261e+02
4.461512999999999920e+02
4.463460499999999911e+02
4.464955499999999802e+02
4.466564999999999941e+02
4.471045500000000175e+02
4.476637499999999932e+02
4.481954000000000065e+02
4.484257999999999811e+02
4.484309000000000083e+02
4.486031500000000278e+02
4.486682999999999879e+02
4.489393499999999904e+02
4.490526500000000283e+02
4.493437500000000000e+02
4.497907500000000027e+02
4.499396499999999719e+02
4.502459000000000060e+02
4.504754500000000235e+02
4.506178499999999758e+02
4.508079500000000053e+02
4.509599999999999795e+02
4.509947000000000230e+02
4.511544000000000096e+02
4.511579500000000280e+02
4.512957499999999982e+02
4.517364499999999907e+02
4.517642000000000166e+02
4.517915499999999724e+02
4.517960499999999797e+02
4.518025000000000091e+02
4.518548999999999864e+02
4.518745499999999993e+02
4.518905500000000188e+02
4.520221000000000231e+02
4.521729500000000144e+02
4.522081000000000017e+02
4.524481999999999857e+02
4.526245499999999993e+02
4.526712499999999864e+02
4.526942500000000109e+02
4.529268999999999892e+02
4.529479000000000042e+02
4.529524000000000115e+02
4.530760500000000093e+02
4.534143500000000131e+02
4.534218999999999937e+02
4.535531500000000165e+02
4.535592500000000200e+02
4.535691499999999792e+02
4.536493500000000267e+02
4.536729000000000269e+02
4.536822999999999979e+02
4.539252500000000055e+02
4.541274500000000103e+02
4.541381999999999834e+02
4.543346999999999980e+02
4.543418500000000222e+02
4.544062500000000000e+02
4.545507499999999936e+02
4.546370499999999879e+02
4.546605000000000132e+02
4.547023500000000240e+02
4.548328500000000076e+02
4.549339499999999816e+02
4.550744500000000130e+02
4.555198500000000195e+02
4.560665000000000191e+02
4.560878500000000031e+02
4.561917000000000257e+02
4.566780499999999847e+02
4.569851499999999760e+02
4.570552500000000009e+02
4.570563999999999965e+02
4.570731499999999983e+02
4.570885499999999979e+02
4.573192999999999984e+02
4.573689499999999839e+02
4.576258000000000266e+02
4.578893499999999790e+02
4.580826999999999884e+02
4.586816999999999780e+02
4.586865000000000236e+02
4.588036999999999921e+02
4.590117999999999938e+02
4.592951499999999783e+02
4.593496499999999969e+02
4.594710000000000036e+02
4.596469000000000165e+02
4.599797500000000241e+02
4.599861500000000092e+02
4.600190000000000055e+02
4.601329000000000065e+02
4.609343000000000075e+02
4.615038999999999874e+02
4.616349000000000160e+02
4.616440000000000055e+02
4.617341000000000122e+02
4.618949499999999944e+02
4.620609000000000037e+02
4.625121500000000196e+02
4.625181999999999789e+02
4.628292500000000018e+02
4.628417999999999779e+02
4.628476499999999874e+02
4.630708500000000072e+02
4.630729000000000042e+02
4.630825500000000261e+02
4.630885999999999854e+02
4.630952500000000214e+02
4.633281499999999937e+02
4.635484999999999900e+02
4.637089500000000157e+02
4.637480499999999779e+02
4.637748000000000275e+02
4.640074000000000183e+02
4.647834500000000162e+02
4.649861000000000217e+02
4.654969500000000266e+02
4.657244000000000028e+02
4.657866000000000213e+02
4.663125499999999874e+02
4.665439499999999953e+02
4.665953000000000088e+02
4.668740999999999985e+02
4.673784499999999866e+02
4.683161499999999933e+02
4.690321999999999889e+02
4.692284000000000219e+02
4.693387000000000171e+02
4.696189499999999839e+02
4.697184500000000185e+02
4.704876499999999737e+02
4.704942500000000223e+02
4.704950999999999794e+02
4.705157500000000255e+02
4.706082499999999982e+02
4.706591000000000236e+02
4.708187500000000227e+02
4.708200499999999806e+02
4.708292999999999893e+02
4.714207000000000107e+02
4.715837000000000216e+02
4.715910999999999831e+02
4.715941500000000133e+02
4.716633499999999799e+02
4.725966999999999985e+02
4.735640999999999963e+02
4.736315000000000168e+02
4.736832999999999743e+02
4.737832500000000095e+02
4.737907500000000027e+02
4.738176500000000146e+02
4.739805499999999938e+02
4.744734500000000139e+02
4.746462999999999965e+02
4.746911499999999933e+02
4.747318999999999960e+02
4.750648499999999785e+02
4.752128999999999905e+02
4.752383500000000254e+02
4.753668499999999995e+02
4.758147000000000162e+02
4.758582499999999982e+02
4.760894499999999994e+02
4.765321000000000140e+02
4.765467499999999745e+02
4.766258500000000140e+02
4.766277499999999918e+02
4.766401999999999930e+02
4.766476999999999862e+02
4.767717000000000098e+02
4.768445500000000266e+02
4.768457999999999970e+02
4.768672000000000253e+02
4.770255999999999972e+02
4.778115500000000111e+02
4.779418000000000006e+02
4.781363499999999931e+02
4.787317499999999768e+02
4.788220999999999776e+02
4.788235500000000116e+02
4.788811999999999784e+02
4.790027999999999793e+02
4.790163499999999885e+02
4.791784000000000106e+02
4.794141000000000190e+02
4.798425500000000170e+02
4.798491000000000213e+02
4.799078000000000088e+02
4.799421500000000265e+02
4.799639999999999986e+02
4.800891500000000178e+02
4.803326500000000010e+02
4.807096999999999980e+02
4.807973000000000070e+02
4.808308999999999855e+02
4.810081500000000005e+02
4.810884500000000230e+02
4.811393499999999790e+02
4.813227499999999850e+02
4.813533499999999776e+02
4.813733500000000163e+02
4.815401499999999828e+02
4.819454000000000065e+02
4.819811500000000137e+02
4.823410499999999956e+02
4.833111499999999978e+02
4.837878499999999917e+02
4.838498500000000035e+02
4.843482999999999947e+02
4.846695000000000277e+02
4.847653000000000247e+02
4.848089499999999816e+02
4.849655000000000200e+02
4.854169999999999732e+02
4.854302500000000009e+02
4.856631499999999733e+02
4.857942499999999768e+02
4.858319500000000062e+02
4.859605500000000120e+02
4.859714500000000044e+02
4.859758499999999799e+02
4.860382000000000176e+02
4.863313499999999863e+02
4.865944000000000074e+02
4.869497000000000071e+02
4.869653500000000008e+02
4.870294499999999971e+02
4.872375000000000114e+02
4.874555500000000166e+02
4.876467000000000098e+02
4.878485999999999763e+02
4.881795000000000186e+02
4.881902499999999918e+02
4.881938000000000102e+02
4.883693000000000097e+02
4.884023000000000252e+02
4.884055500000000052e+02
4.884832999999999856e+02
4.885328499999999963e+02
4.888041999999999803e+02
4.892161500000000274e+02
4.892404500000000098e+02
4.895926000000000045e+02
4.896394999999999982e+02
4.899735999999999763e+02
4.900099500000000035e+02
4.900708500000000072e+02
4.908306499999999915e+02
4.909404000000000110e+02
4.911157000000000039e+02
4.912835000000000036e+02
4.918039499999999862e+02
4.921160499999999729e+02
4.922275999999999954e+02
4.922386500000000069e+02
4.924414499999999748e+02
4.926274500000000103e+02
4.927203499999999963e+02
4.928710500000000252e+02
4.928804999999999836e+02
4.928909499999999753e+02
4.930294999999999845e+02
4.930428499999999872e+02
4.930439000000000078e+02
4.933770000000000095e+02
4.933845000000000027e+02
4.936426999999999907e+02
4.941859499999999912e+02
4.941906500000000051e+02
4.943645999999999958e+02
4.943887500000000159e+02
4.944027500000000259e+02
4.950656500000000051e+02
4.950858999999999810e+02
4.951973499999999717e+02
4.952719000000000165e+02
4.954735499999999888e+02
4.954784000000000219e+02
4.954903499999999781e+02
4.954927500000000009e+02
4.955033000000000243e+02
4.956361999999999739e+02
4.956406000000000063e+02
4.956492499999999950e+02
4.956544499999999971e+02
4.956614999999999895e+02
4.956644999999999754e+02
4.956757000000000062e+02
4.956779999999999973e+02
4.961092499999999745e+02
4.961401000000000181e+02
4.963138500000000022e+02
4.963243499999999813e+02
4.963673999999999751e+02
4.963861999999999739e+02
4.964934499999999957e+02
4.965213499999999840e+02
4.966834999999999809e+02
4.967071000000000254e+02
4.969318000000000097e+02
4.969393999999999778e+02
4.975638500000000022e+02
4.975721500000000219e+02
4.977830999999999904e+02
4.978517499999999814e+02
4.983263000000000034e+02
4.983439500000000066e+02
4.987894999999999754e+02
4.988048499999999876e+02
4.989861000000000217e+02
4.990307000000000244e+02
4.990750499999999761e+02
4.991410999999999945e+02
4.992080500000000143e+02
4.992217499999999859e+02
4.993607000000000085e+02
4.994764499999999998e+02
4.998355500000000120e+02
4.998494999999999777e+02
5.001631499999999733e+02
5.007139500000000112e+02
5.012545499999999947e+02
5.013600500000000011e+02
5.013641499999999951e+02
5.013743499999999926e+02
5.013840000000000146e+02
5.015328999999999837e+02
5.015378999999999792e+02
5.015466499999999996e+02
5.015502000000000180e+02
5.015650499999999852e+02
5.015801000000000158e+02
5.017058000000000106e+02
5.021021499999999946e+02
5.021635499999999865e+02
5.023445500000000266e+02
5.027733000000000061e+02
5.028104500000000030e+02
5.029821999999999775e+02
5.032472500000000082e+02
5.034114999999999895e+02
5.037388500000000136e+02
5.038775999999999726e+02
5.040070499999999925e+02
5.040106499999999983e+02
5.042336500000000115e+02
5.048084000000000060e+02
5.048913999999999760e+02
5.050080500000000256e+02
5.053433999999999742e+02
5.054498500000000263e+02
5.057117999999999824e+02
5.059096999999999866e+02
5.070393500000000131e+02
5.071602500000000191e+02
5.071778499999999781e+02
5.072592000000000212e+02
5.078107499999999845e+02
5.080470500000000129e+02
5.086816499999999905e+02
5.088217000000000212e+02
5.091642499999999814e+02
5.091667499999999791e+02
5.091780499999999847e+02
5.092087500000000091e+02
5.092180999999999926e+02
5.092289499999999975e+02
5.094268000000000143e+02
5.094621000000000208e+02
5.094727500000000191e+02
5.096390499999999975e+02
5.096421500000000151e+02
5.096508499999999913e+02
5.096582500000000095e+02
5.100040000000000191e+02
5.102133499999999913e+02
5.102164000000000215e+02
5.103294500000000085e+02
5.105790000000000077e+02
5.105896999999999935e+02
5.106927499999999895e+02
5.106971500000000219e+02
5.107248999999999910e+02
5.114679499999999734e+02
5.114737000000000080e+02
5.115163499999999885e+02
5.115206000000000017e+02
5.115248000000000275e+02
5.122238499999999704e+02
5.124761999999999489e+02
5.127121499999999514e+02
5.127132000000000289e+02
5.128586999999999989e+02
5.128633499999999685e+02
5.130460500000000366e+02
5.132579500000000507e+02
5.132635500000000093e+02
5.133170000000000073e+02
5.137849999999999682e+02
5.138456999999999653e+02
5.138969499999999471e+02
5.140209999999999582e+02
5.140904000000000451e+02
5.141523499999999558e+02
5.141694499999999834e+02
5.143539500000000544e+02
5.143550500000000056e+02
5.143662500000000364e+02
5.143698000000000548e+02
5.144452499999999873e+02
5.145065499999999474e+02
5.145323499999999513e+02
5.148540000000000418e+02
5.152930000000000064e+02
5.152948999999999842e+02
5.153049999999999500e+02
5.156228499999999713e+02
5.156463499999999840e+02
5.158274999999999864e+02
5.169146500000000515e+02
5.169251500000000306e+02
5.171838000000000193e+02
5.173240500000000566e+02
5.175011500000000524e+02
5.175570500000000038e+02
5.176846000000000458e+02
5.176863499999999476e+02
5.176992999999999938e+02
5.180276499999999942e+02
5.187643000000000484e+02
5.192055000000000291e+02
5.192207499999999527e+02
5.193727999999999838e+02
5.194194999999999709e+02
5.196131500000000187e+02
5.196943999999999733e+02
5.197056499999999915e+02
5.204924999999999500e+02
5.207194500000000517e+02
5.210466999999999871e+02
5.212526500000000169e+02
5.212641999999999598e+02
5.212829500000000280e+02
5.215361000000000331e+02
5.216973000000000411e+02
5.217122000000000526e+02
5.217267000000000507e+02
5.218007999999999811e+02
5.220472999999999502e+02
5.221939999999999600e+02
5.222393499999999449e+02
5.224926000000000386e+02
5.225004000000000133e+02
5.225030000000000427e+02
5.226565500000000384e+02
5.227030499999999620e+02
5.227109500000000253e+02
5.227185500000000502e+02
5.229116500000000087e+02
5.230857999999999493e+02
5.238040999999999485e+02
5.238142000000000280e+02
5.242038999999999760e+02
5.242079499999999825e+02
5.242118500000000267e+02
5.242373000000000047e+02
5.244795000000000300e+02
5.246747500000000173e+02
5.248596499999999878e+02
5.248658000000000357e+02
5.249303999999999633e+02
5.250974499999999807e+02
5.252368999999999915e+02
5.253064500000000407e+02
5.253192000000000235e+02
5.258306999999999789e+02
5.260492000000000417e+02
5.260561500000000024e+02
5.261222000000000207e+02
5.261263500000000022e+02
5.261333499999999503e+02
5.263893500000000358e+02
5.263904499999999871e+02
5.265543999999999869e+02
5.265655500000000302e+02
5.275040000000000191e+02
5.275127999999999702e+02
5.275169499999999516e+02
5.275298999999999978e+02
5.275401000000000522e+02
5.275483500000000276e+02
5.276343500000000404e+02
5.276479500000000371e+02
5.276702500000000100e+02
5.277717999999999847e+02
5.277826999999999771e+02
5.277994499999999789e+02
5.278039999999999736e+02
5.278201500000000124e+02
5.279559500000000298e+02
5.279648999999999432e+02
5.281805500000000393e+02
5.283202499999999873e+02
5.286047999999999547e+02
5.286656000000000404e+02
5.288481000000000449e+02
5.288511499999999614e+02
5.288691499999999905e+02
5.294762500000000500e+02
5.294882499999999936e+02
5.294919499999999744e+02
5.295716999999999643e+02
5.296703499999999849e+02
5.296810000000000400e+02
5.299479000000000042e+02
5.299976500000000215e+02
5.302368500000000040e+02
5.303754000000000133e+02
5.303809499999999844e+02
5.306272500000000036e+02
5.306295499999999947e+02
5.306467999999999847e+02
5.312309000000000196e+02
5.312535500000000184e+02
5.317761500000000296e+02
5.318573000000000093e+02
5.319328000000000429e+02
5.323038500000000113e+02
5.329779999999999518e+02
5.330298000000000229e+02
5.330339999999999918e+02
5.330914999999999964e+02
5.332974000000000387e+02
5.335222499999999854e+02
5.336800500000000511e+02
5.337116499999999633e+02
5.342697500000000446e+02
5.342989000000000033e+02
5.343130499999999756e+02
5.343190499999999474e+02
5.345153000000000247e+02
5.345564000000000533e+02
5.345626499999999623e+02
5.345657999999999674e+02
5.346576499999999896e+02
5.354305000000000518e+02
5.354703500000000531e+02
5.366077999999999975e+02
5.368342999999999847e+02
5.370046499999999696e+02
5.370116000000000440e+02
5.375229500000000371e+02
5.376858999999999469e+02
5.377012999999999465e+02
5.377142000000000053e+02
5.377181000000000495e+02
5.377250000000000227e+02
5.377718999999999596e+02
5.382690000000000055e+02
5.382823499999999513e+02
5.382861000000000331e+02
5.383998500000000149e+02
5.384234000000000151e+02
5.384680499999999483e+02
5.390039000000000442e+02
5.391009000000000242e+02
5.395005499999999756e+02
5.400312500000000000e+02
5.401500499999999647e+02
5.402686499999999796e+02
5.404267499999999700e+02
5.404438499999999976e+02
5.407119500000000016e+02
5.409532000000000380e+02
5.411609499999999571e+02
5.413416499999999587e+02
5.414552499999999782e+02
5.415665500000000065e+02
5.415964000000000169e+02
5.424845000000000255e+02
5.425652000000000044e+02
5.425837999999999965e+02
5.426013500000000249e+02
5.428085999999999558e+02
5.429150499999999511e+02
5.434959000000000060e+02
5.435798499999999649e+02
5.436444500000000062e+02
5.441210499999999683e+02
5.443327500000000327e+02
5.443795999999999822e+02
5.444464000000000397e+02
5.445938999999999623e+02
5.446464499999999589e+02
5.449747999999999593e+02
5.452164500000000089e+02
5.452381500000000187e+02
5.456193500000000540e+02
5.459330499999999802e+02
5.461600499999999556e+02
5.461833000000000311e+02
5.463804499999999962e+02
5.466390999999999849e+02
5.467368500000000040e+02
5.472299000000000433e+02
5.474184999999999945e+02
5.475331499999999778e+02
5.475399999999999636e+02
5.477744500000000016e+02
5.481377999999999702e+02
5.487190500000000384e+02
5.489343000000000075e+02
5.489642999999999802e+02
5.489662499999999454e+02
5.489759999999999991e+02
5.490821499999999560e+02
5.493078000000000429e+02
5.494718500000000176e+02
5.495333500000000413e+02
5.496544000000000096e+02
5.496928000000000338e+02
5.497206499999999778e+02
5.497541999999999689e+02
5.498567500000000337e+02
5.501582499999999527e+02
5.501681999999999562e+02
5.502691499999999678e+02
5.504660999999999831e+02
5.506535499999999956e+02
5.506582499999999527e+02
5.506887500000000273e+02
5.511454999999999700e+02
5.513011500000000069e+02
5.514677000000000362e+02
5.517083999999999833e+02
5.519244999999999663e+02
5.522339500000000498e+02
5.523295000000000528e+02
5.528741999999999734e+02
5.534673000000000229e+02
5.538105500000000347e+02
5.541745499999999538e+02
5.543039999999999736e+02
5.543541999999999916e+02
5.545224500000000489e+02
5.547724500000000489e+02
5.548859499999999798e+02
5.550111000000000558e+02
5.551448500000000195e+02
5.555768500000000358e+02
5.555815499999999929e+02
5.557759499999999662e+02
5.557826000000000022e+02
5.557862000000000080e+02
5.558302999999999656e+02
5.559452999999999747e+02
5.559465500000000020e+02
5.560099999999999909e+02
5.563659499999999980e+02
5.565775999999999613e+02
5.566774000000000342e+02
5.571620000000000346e+02
5.574843499999999494e+02
5.575040000000000191e+02
5.576738500000000158e+02
5.576834000000000060e+02
5.577949999999999591e+02
5.579324000000000296e+02
5.579954500000000053e+02
5.583452499999999645e+02
5.585564000000000533e+02
5.587651499999999487e+02
5.587890499999999747e+02
5.589467499999999518e+02
5.589478000000000293e+02
5.590999500000000353e+02
5.592353000000000520e+02
5.598550500000000056e+02
5.599893499999999449e+02
5.607772999999999683e+02
5.609957000000000562e+02
5.610439499999999953e+02
5.613437000000000126e+02
5.614166500000000042e+02
5.617098499999999603e+02
5.618677999999999884e+02
5.618722500000000082e+02
5.618809999999999718e+02
5.618958999999999833e+02
5.621984499999999798e+02
5.622241500000000087e+02
5.622930000000000064e+02
5.624008999999999787e+02
5.624119500000000471e+02
5.624205500000000484e+02
5.624274000000000342e+02
5.624428000000000338e+02
5.624446500000000242e+02
5.625561000000000149e+02
5.625684499999999844e+02
5.625722500000000537e+02
5.625954000000000406e+02
5.626235500000000229e+02
5.635159999999999627e+02
5.636894499999999653e+02
5.639543999999999642e+02
5.639675499999999602e+02
5.643774499999999534e+02
5.658757000000000517e+02
5.659296500000000378e+02
5.660390999999999622e+02
5.662876999999999725e+02
5.663233999999999924e+02
5.670809500000000298e+02
5.672725000000000364e+02
5.673025000000000091e+02
5.673147999999999911e+02
5.673180499999999711e+02
5.673859999999999673e+02
5.676372999999999820e+02
5.677701499999999442e+02
5.679010500000000548e+02
5.679067499999999882e+02
5.679081999999999653e+02
5.679121499999999969e+02
5.681627499999999600e+02
5.681901000000000295e+02
5.683133000000000266e+02
5.693235499999999547e+02
5.695367999999999711e+02
5.696443000000000438e+02
5.696796000000000504e+02
5.698439499999999498e+02
5.700223999999999478e+02
5.700987499999999955e+02
5.701086000000000240e+02
5.707182500000000118e+02
5.709594499999999471e+02
5.710365000000000464e+02
5.716824500000000171e+02
5.724219500000000380e+02
5.729316000000000031e+02
5.731705500000000484e+02
5.733642999999999574e+02
5.737143499999999676e+02
5.739899500000000216e+02
5.743357499999999618e+02
5.744852499999999509e+02
