8.771399999999999864e+00
9.496999999999999886e+00
9.770099999999999341e+00
9.989900000000000446e+00
1.156010000000000026e+01
1.165714999999999968e+01
1.181630000000000003e+01
1.202205000000000013e+01
1.247940000000000005e+01
1.274564999999999948e+01
1.300215000000000032e+01
1.504470000000000063e+01
1.533929999999999971e+01
1.764564999999999984e+01
1.774470000000000169e+01
1.788445000000000107e+01
1.800359999999999872e+01
1.862995000000000090e+01
1.894385000000000119e+01
1.922445000000000093e+01
2.236019999999999897e+01
2.243959999999999866e+01
2.271829999999999927e+01
2.343404999999999916e+01
2.369450000000000145e+01
2.464855000000000018e+01
2.477390000000000114e+01
2.575495000000000090e+01
2.579575000000000173e+01
2.580709999999999837e+01
2.641029999999999944e+01
2.753675000000000139e+01
2.809434999999999860e+01
2.851154999999999973e+01
2.911489999999999867e+01
3.124344999999999928e+01
3.143305000000000149e+01
3.240485000000000326e+01
3.245879999999999654e+01
3.279579999999999984e+01
3.371105000000000018e+01
3.386384999999999934e+01
3.643269999999999698e+01
3.697070000000000078e+01
3.697229999999999706e+01
3.850865000000000293e+01
4.017549999999999955e+01
4.141604999999999848e+01
4.153175000000000239e+01
4.259955000000000069e+01
4.437879999999999825e+01
4.457824999999999704e+01
4.657515000000000072e+01
4.670615000000000094e+01
4.771500000000000341e+01
4.792860000000000298e+01
4.795535000000000281e+01
4.897840000000000060e+01
4.975305000000000177e+01
4.983180000000000121e+01
5.043569999999999709e+01
5.070219999999999771e+01
5.075310000000000343e+01
5.075600000000000023e+01
5.082054999999999723e+01
5.129574999999999818e+01
5.174499999999999744e+01
5.298624999999999829e+01
5.315885000000000105e+01
5.345609999999999928e+01
5.404934999999999690e+01
5.504274999999999807e+01
5.625695000000000334e+01
5.630315000000000225e+01
5.776689999999999969e+01
5.872249999999999659e+01
5.998304999999999865e+01
6.001359999999999673e+01
6.068500000000000227e+01
6.085660000000000025e+01
6.216460000000000008e+01
6.269004999999999939e+01
6.269789999999999708e+01
6.335775000000000290e+01
6.336175000000000068e+01
6.337064999999999770e+01
6.337854999999999706e+01
6.342660000000000053e+01
6.394655000000000200e+01
6.395109999999999673e+01
6.468035000000000423e+01
6.472419999999999618e+01
6.477519999999999811e+01
6.478759999999999764e+01
6.523905000000000598e+01
6.541044999999999732e+01
6.546914999999999907e+01
6.556355000000000643e+01
6.588885000000000502e+01
6.604739999999999611e+01
6.632885000000000275e+01
6.639270000000000493e+01
6.639785000000000537e+01
6.688389999999999702e+01
6.754919999999999902e+01
6.793000000000000682e+01
6.885389999999999588e+01
6.940279999999999916e+01
7.028379999999999939e+01
7.035875000000000057e+01
7.050775000000000148e+01
7.090229999999999677e+01
7.131959999999999411e+01
7.151375000000000171e+01
7.195074999999999932e+01
7.195664999999999623e+01
7.213625000000000398e+01
7.338630000000000564e+01
7.417879999999999541e+01
7.420990000000000464e+01
7.448245000000000005e+01
7.452909999999999968e+01
7.485380000000000678e+01
7.490155000000000030e+01
7.495064999999999600e+01
7.496614999999999895e+01
7.500095000000000312e+01
7.590040000000000475e+01
7.692515000000000214e+01
7.707380000000000564e+01
7.749344999999999573e+01
7.759675000000000011e+01
7.793149999999999977e+01
7.866025000000000489e+01
7.894254999999999711e+01
8.097535000000000593e+01
8.138535000000000252e+01
8.210724999999999341e+01
8.248860000000000525e+01
8.265949999999999420e+01
8.295919999999999561e+01
8.297305000000000064e+01
8.297974999999999568e+01
8.307429999999999382e+01
8.428199999999999648e+01
8.623680000000000234e+01
8.663824999999999932e+01
8.696240000000000236e+01
8.773794999999999789e+01
8.774484999999999957e+01
8.983400000000000318e+01
8.983835000000000548e+01
9.093375000000000341e+01
9.267969999999999686e+01
9.268439999999999657e+01
9.336209999999999809e+01
9.514494999999999436e+01
9.514995000000000402e+01
9.515494999999999948e+01
9.552349999999999852e+01
9.635819999999999652e+01
9.636055000000000348e+01
9.636350000000000193e+01
9.730750000000000455e+01
1.006520500000000027e+02
1.009184000000000054e+02
1.015387499999999932e+02
1.018610500000000059e+02
1.023914000000000044e+02
1.032344999999999970e+02
1.032407999999999930e+02
1.033278999999999996e+02
1.034311000000000007e+02
1.039995499999999993e+02
1.062477999999999980e+02
1.062761500000000012e+02
1.064865999999999957e+02
1.069444000000000017e+02
1.081103499999999968e+02
1.086056499999999971e+02
1.086086999999999989e+02
1.089011500000000012e+02
1.089153000000000020e+02
1.089676999999999936e+02
1.094602500000000020e+02
1.094643999999999977e+02
1.096872500000000059e+02
1.100533499999999947e+02
1.119610500000000002e+02
1.123611499999999950e+02
1.124735000000000014e+02
1.134346500000000049e+02
1.168830499999999972e+02
1.184772999999999996e+02
1.187313000000000045e+02
1.187389000000000010e+02
1.187549999999999955e+02
1.189693999999999932e+02
1.208370000000000033e+02
1.219664999999999964e+02
1.231512000000000029e+02
1.242085000000000008e+02
1.259191000000000003e+02
1.266046000000000049e+02
1.268547499999999957e+02
1.283196499999999958e+02
1.295757000000000119e+02
1.297238999999999862e+02
1.300406999999999869e+02
1.301691500000000019e+02
1.304653999999999883e+02
1.307020500000000141e+02
1.313030500000000131e+02
1.320783000000000129e+02
1.330448000000000093e+02
1.337486000000000104e+02
1.338113999999999919e+02
1.338165999999999940e+02
1.339533500000000004e+02
1.368744499999999960e+02
1.369048500000000104e+02
1.372192499999999882e+02
1.372355499999999893e+02
1.395966999999999985e+02
1.400638500000000022e+02
1.405871999999999957e+02
1.406856500000000096e+02
1.421662499999999909e+02
1.428957000000000050e+02
1.441835000000000093e+02
1.444687500000000000e+02
1.445416999999999916e+02
1.460048999999999921e+02
1.467734499999999969e+02
1.473958000000000084e+02
1.492308999999999912e+02
1.513668499999999995e+02
1.520632500000000107e+02
1.526799499999999910e+02
1.533708499999999901e+02
1.538588499999999897e+02
1.549964500000000100e+02
1.550623999999999967e+02
1.565758500000000026e+02
1.572202000000000055e+02
1.577148500000000126e+02
1.585277499999999975e+02
1.602290000000000134e+02
1.602750499999999931e+02
1.636700999999999908e+02
1.648917500000000018e+02
1.660360499999999888e+02
1.665238999999999976e+02
1.666600999999999999e+02
1.679228500000000111e+02
1.679301499999999976e+02
1.689130000000000109e+02
1.700922999999999945e+02
1.700951000000000022e+02
1.702637000000000000e+02
1.713711000000000126e+02
1.714139000000000124e+02
1.727279000000000053e+02
1.735405000000000086e+02
1.738334499999999991e+02
1.745439000000000078e+02
1.749294500000000028e+02
1.760001000000000033e+02
1.767855500000000006e+02
1.768849999999999909e+02
1.770530500000000131e+02
1.779307499999999891e+02
1.786986499999999864e+02
1.787473999999999990e+02
1.787527000000000044e+02
1.789711000000000070e+02
1.791283500000000117e+02
1.812774000000000001e+02
1.812809499999999900e+02
1.815862999999999943e+02
1.823565999999999860e+02
1.825932999999999993e+02
1.827104999999999961e+02
1.828868500000000097e+02
1.828916000000000111e+02
1.832589000000000112e+02
1.863003999999999962e+02
1.865390999999999906e+02
1.868349000000000046e+02
1.874182000000000130e+02
1.888233500000000049e+02
1.890150500000000022e+02
1.896968500000000120e+02
1.901666999999999916e+02
1.901762999999999977e+02
1.905154499999999871e+02
1.907514500000000055e+02
1.907533500000000117e+02
1.913345999999999947e+02
1.913701499999999953e+02
1.913751499999999908e+02
1.916571999999999889e+02
1.917535499999999900e+02
1.918088999999999942e+02
1.918121500000000026e+02
1.918912500000000136e+02
1.919763000000000090e+02
1.921205999999999960e+02
1.921265500000000088e+02
1.927340499999999963e+02
1.927502000000000066e+02
1.928699000000000012e+02
1.931658500000000060e+02
1.932522500000000036e+02
1.935308499999999867e+02
1.951367500000000064e+02
1.968550500000000056e+02
1.970959000000000003e+02
1.971346499999999935e+02
1.971573999999999955e+02
1.975979499999999973e+02
1.978804000000000087e+02
1.981548999999999978e+02
2.006927499999999895e+02
2.007011500000000126e+02
2.009029999999999916e+02
2.026930499999999995e+02
2.027795999999999879e+02
2.029166500000000042e+02
2.029190499999999986e+02
2.029798000000000116e+02
2.029822000000000060e+02
2.029848499999999945e+02
2.031062000000000012e+02
2.031518499999999960e+02
2.031561499999999967e+02
2.031636499999999899e+02
2.031758000000000095e+02
2.031995000000000005e+02
2.032458499999999901e+02
2.032484000000000037e+02
2.032514999999999930e+02
2.032541500000000099e+02
2.033131500000000074e+02
2.033157500000000084e+02
2.042138500000000079e+02
2.054188499999999920e+02
2.056768999999999892e+02
2.068245499999999879e+02
2.070103000000000009e+02
2.071055000000000064e+02
2.078857999999999890e+02
2.085143999999999949e+02
2.096270499999999970e+02
2.101417999999999893e+02
2.105683500000000095e+02
2.110079499999999939e+02
2.112436999999999898e+02
2.115163000000000011e+02
2.120101999999999975e+02
2.120124500000000012e+02
2.120151500000000055e+02
2.122151499999999942e+02
2.122638000000000034e+02
2.122979499999999859e+02
2.123717499999999916e+02
2.123780999999999892e+02
2.124291000000000054e+02
2.124321999999999946e+02
2.124366499999999860e+02
2.124875999999999863e+02
2.124925000000000068e+02
2.124966499999999883e+02
2.125012499999999989e+02
2.125185500000000047e+02
2.133011500000000069e+02
2.133049499999999910e+02
2.140602000000000089e+02
2.141411999999999978e+02
2.145782000000000096e+02
2.151028000000000020e+02
2.151414499999999919e+02
2.151715000000000089e+02
2.151799000000000035e+02
2.151874500000000126e+02
2.153232999999999890e+02
2.153614000000000033e+02
2.153928500000000099e+02
2.154079499999999996e+02
2.154172000000000082e+02
2.155886999999999887e+02
2.168403000000000134e+02
2.174530000000000030e+02
2.174618499999999983e+02
2.174641499999999894e+02
2.189812000000000012e+02
2.190293000000000063e+02
2.190320000000000107e+02
2.190471499999999878e+02
2.190521500000000117e+02
2.190631500000000074e+02
2.192237499999999955e+02
2.192374499999999955e+02
2.193040000000000020e+02
2.206243000000000052e+02
2.206919499999999914e+02
2.206941999999999950e+02
2.207039000000000044e+02
2.207814500000000066e+02
2.207842499999999859e+02
2.208468499999999892e+02
2.208486000000000047e+02
2.208497999999999877e+02
2.208580499999999915e+02
2.208614499999999907e+02
2.209546499999999867e+02
2.209630999999999972e+02
2.209804000000000030e+02
2.209857499999999959e+02
2.209943499999999972e+02
2.210044000000000040e+02
2.214043499999999938e+02
2.217403999999999940e+02
2.217432000000000016e+02
2.217461999999999875e+02
2.217551499999999862e+02
2.220129499999999894e+02
2.220193500000000029e+02
2.220280500000000075e+02
2.220312999999999874e+02
2.222024000000000115e+02
2.222939499999999953e+02
2.222951500000000067e+02
2.222983499999999992e+02
2.223394000000000119e+02
2.228531999999999869e+02
2.228574000000000126e+02
2.228596000000000004e+02
2.229386499999999955e+02
2.230323500000000081e+02
2.230339500000000044e+02
2.239316499999999905e+02
2.244461000000000013e+02
2.244545999999999992e+02
2.245397000000000105e+02
2.245419500000000141e+02
2.245441999999999894e+02
2.245451999999999941e+02
2.245493500000000040e+02
2.245712499999999920e+02
2.246347499999999968e+02
2.246383999999999901e+02
2.247188500000000033e+02
2.247258500000000083e+02
2.247921499999999924e+02
2.248583500000000015e+02
2.248675499999999943e+02
2.248854000000000042e+02
2.248876999999999953e+02
2.248898000000000081e+02
2.248939000000000021e+02
2.253937500000000114e+02
2.257222500000000025e+02
2.257255000000000109e+02
2.258613499999999874e+02
2.259447000000000116e+02
2.259474500000000035e+02
2.263793000000000006e+02
2.263820000000000050e+02
2.264353000000000122e+02
2.264367499999999893e+02
2.264393000000000029e+02
2.264852500000000077e+02
2.266142499999999984e+02
2.266873500000000092e+02
2.266896500000000003e+02
2.266920499999999947e+02
2.267473999999999990e+02
2.267512999999999863e+02
2.268948499999999910e+02
2.268974499999999921e+02
2.269513000000000034e+02
2.270311000000000092e+02
2.270989500000000021e+02
2.274147499999999980e+02
2.274822499999999934e+02
2.277356499999999926e+02
2.277376500000000021e+02
2.277452499999999986e+02
2.277831500000000062e+02
2.277861499999999921e+02
2.280601499999999930e+02
2.281880500000000040e+02
2.281903499999999951e+02
2.283623499999999922e+02
2.285338000000000136e+02
2.285391500000000065e+02
2.285454499999999882e+02
2.290157499999999970e+02
2.290261999999999887e+02
2.290675999999999988e+02
2.290921999999999912e+02
2.292160000000000082e+02
2.299384499999999889e+02
2.299407500000000084e+02
2.299451999999999998e+02
2.299766999999999939e+02
2.299838499999999897e+02
2.299860999999999933e+02
2.299880499999999870e+02
2.300995499999999936e+02
2.301395500000000141e+02
2.301949500000000057e+02
2.301995000000000005e+02
2.302022000000000048e+02
2.302043500000000051e+02
2.302069999999999936e+02
2.303310500000000047e+02
2.303415999999999997e+02
2.303446999999999889e+02
2.305186500000000080e+02
2.315178500000000099e+02
2.316118999999999915e+02
2.319938999999999965e+02
2.320918000000000063e+02
2.320945000000000107e+02
2.321578499999999963e+02
2.321614999999999895e+02
2.321865500000000111e+02
2.324461499999999887e+02
2.324488499999999931e+02
2.324773999999999887e+02
2.324799500000000023e+02
2.324824000000000126e+02
2.325157499999999970e+02
2.326071000000000026e+02
2.326089499999999930e+02
2.326124000000000080e+02
2.326153500000000065e+02
2.327095999999999947e+02
2.327161499999999990e+02
2.327220499999999959e+02
2.327898999999999887e+02
2.327919500000000141e+02
2.327944999999999993e+02
2.327973000000000070e+02
2.329528999999999996e+02
2.329652000000000100e+02
2.330456000000000074e+02
2.330477999999999952e+02
2.330502999999999929e+02
2.330534499999999980e+02
2.331528000000000134e+02
2.331588500000000010e+02
2.333147500000000036e+02
2.335215000000000032e+02
2.335251000000000090e+02
2.335996000000000095e+02
2.336023000000000138e+02
2.337320499999999868e+02
2.337972000000000037e+02
2.337996500000000140e+02
2.338019500000000050e+02
2.338772999999999911e+02
2.338811499999999910e+02
2.338839999999999861e+02
2.338900500000000022e+02
2.339354500000000030e+02
2.339481499999999983e+02
2.339521499999999889e+02
2.339713000000000136e+02
2.343648499999999899e+02
2.343670500000000061e+02
2.343925000000000125e+02
2.343947499999999877e+02
2.343974499999999921e+02
2.347021499999999889e+02
2.347044500000000085e+02
2.347076500000000010e+02
2.347124000000000024e+02
2.347215999999999951e+02
2.347694999999999936e+02
2.347718999999999880e+02
2.347742499999999950e+02
2.347786499999999990e+02
2.347878000000000043e+02
2.347898999999999887e+02
2.347922499999999957e+02
2.347986500000000092e+02
2.348007499999999936e+02
2.348020999999999958e+02
2.348043999999999869e+02
2.348072500000000105e+02
2.349217999999999904e+02
2.350520500000000084e+02
2.350552000000000135e+02
2.355646999999999878e+02
2.356149499999999932e+02
2.356181500000000142e+02
2.356208000000000027e+02
2.362007499999999993e+02
2.363554499999999905e+02
2.364338999999999942e+02
2.364369499999999960e+02
2.366254500000000007e+02
2.366310499999999877e+02
2.366955499999999972e+02
2.367005000000000052e+02
2.367101000000000113e+02
2.371923999999999921e+02
2.372625999999999920e+02
2.372726999999999862e+02
2.372769000000000119e+02
2.373627500000000055e+02
2.376019499999999880e+02
2.378052500000000009e+02
2.378985999999999876e+02
2.379364999999999952e+02
2.379391999999999996e+02
2.379417500000000132e+02
2.379639999999999986e+02
2.382112999999999943e+02
2.382148500000000126e+02
2.382289499999999975e+02
2.382493000000000052e+02
2.387408000000000072e+02
2.387444999999999879e+02
2.387483000000000004e+02
2.388131999999999948e+02
2.389902500000000032e+02
2.390455499999999915e+02
2.390485999999999933e+02
2.390602000000000089e+02
2.391560499999999934e+02
2.391588999999999885e+02
2.396156000000000006e+02
2.396184499999999957e+02
2.396216499999999883e+02
2.396465000000000032e+02
2.396491000000000042e+02
2.396520999999999901e+02
2.398395500000000027e+02
2.405158000000000129e+02
2.405832000000000050e+02
2.406988499999999931e+02
2.407023499999999956e+02
2.407644999999999982e+02
2.407669500000000085e+02
2.407694999999999936e+02
2.408771500000000003e+02
2.409365500000000111e+02
2.409400500000000136e+02
2.410662499999999966e+02
2.410754000000000019e+02
2.419300000000000068e+02
2.423386999999999887e+02
2.423409000000000049e+02
2.423429999999999893e+02
2.423525500000000079e+02
2.424367499999999893e+02
2.425345499999999959e+02
2.425420499999999890e+02
2.426192000000000064e+02
2.426260499999999922e+02
2.426289999999999907e+02
2.426381000000000085e+02
2.426432000000000073e+02
2.427040000000000077e+02
2.427093999999999880e+02
2.427759000000000071e+02
2.427826499999999896e+02
2.427892999999999972e+02
2.427915999999999883e+02
2.428547000000000082e+02
2.428673499999999876e+02
2.432707499999999925e+02
2.434610999999999876e+02
2.434704499999999996e+02
2.435952000000000055e+02
2.436422000000000025e+02
2.436450000000000102e+02
2.436709500000000048e+02
2.437775499999999909e+02
2.438832500000000039e+02
2.439138000000000090e+02
2.439246500000000140e+02
2.440463000000000022e+02
2.440851000000000113e+02
2.440893499999999960e+02
2.444937500000000057e+02
2.444956500000000119e+02
2.444978000000000122e+02
2.446836000000000126e+02
2.446865999999999985e+02
2.446895000000000095e+02
2.446929000000000087e+02
2.447598000000000127e+02
2.447704500000000110e+02
2.447994500000000073e+02
2.448360999999999876e+02
2.448668499999999995e+02
2.450677000000000021e+02
2.450705000000000098e+02
2.453096500000000049e+02
2.453173999999999921e+02
2.455667500000000132e+02
2.455694000000000017e+02
2.457265999999999906e+02
2.457292999999999950e+02
2.457319999999999993e+02
2.459412000000000091e+02
2.459893500000000017e+02
2.460269999999999868e+02
2.460363999999999862e+02
2.465532499999999914e+02
2.466242000000000019e+02
2.466271999999999878e+02
2.467159499999999923e+02
2.467198500000000081e+02
2.470566000000000031e+02
2.470575499999999920e+02
2.470597999999999956e+02
2.471685999999999979e+02
2.471718999999999937e+02
2.471898999999999944e+02
2.472162999999999897e+02
2.472469000000000108e+02
2.474541000000000111e+02
2.480439499999999953e+02
2.481686500000000137e+02
2.481725000000000136e+02
2.481762500000000102e+02
2.485798499999999933e+02
2.486064499999999953e+02
2.486089499999999930e+02
2.486115499999999940e+02
2.486465000000000032e+02
2.488277999999999963e+02
2.491967500000000086e+02
2.494982500000000130e+02
2.496028499999999894e+02
2.499639500000000112e+02
2.499672999999999945e+02
2.505884000000000071e+02
2.509656999999999982e+02
2.509892999999999859e+02
2.511748000000000047e+02
2.512713500000000124e+02
2.513849500000000035e+02
2.513943500000000029e+02
2.515813499999999863e+02
2.515844500000000039e+02
2.515884499999999946e+02
2.517077999999999918e+02
2.518180000000000121e+02
2.519007000000000005e+02
2.519039999999999964e+02
2.519649000000000001e+02
2.519675000000000011e+02
2.520418500000000108e+02
2.520443500000000085e+02
2.520453500000000133e+02
2.520982999999999947e+02
2.521053499999999872e+02
2.524767500000000098e+02
2.524984499999999912e+02
2.527807999999999993e+02
2.528387999999999920e+02
2.528409000000000049e+02
2.529456000000000131e+02
2.529492500000000064e+02
2.531097000000000037e+02
2.531119500000000073e+02
2.531159000000000106e+02
2.531186500000000024e+02
2.531225499999999897e+02
2.531906999999999925e+02
2.532035500000000070e+02
2.532469499999999982e+02
2.532564500000000010e+02
2.536730499999999893e+02
2.536809000000000083e+02
2.537024000000000115e+02
2.537425499999999943e+02
2.537828499999999963e+02
2.537940000000000111e+02
2.542880499999999984e+02
2.544180000000000064e+02
2.544207000000000107e+02
2.544450500000000090e+02
2.545287500000000023e+02
2.546083500000000015e+02
2.546180999999999983e+02
2.546228999999999871e+02
2.546251499999999908e+02
2.546291999999999973e+02
2.547173500000000104e+02
2.550669499999999914e+02
2.551498499999999865e+02
2.553224500000000035e+02
2.554134999999999991e+02
2.556512999999999920e+02
2.559802500000000123e+02
2.559817500000000052e+02
2.562146000000000186e+02
2.562830500000000029e+02
2.563022000000000276e+02
2.564808499999999754e+02
2.566535000000000082e+02
2.566634999999999991e+02
2.566720500000000129e+02
2.566834499999999935e+02
2.566844500000000266e+02
2.566863999999999919e+02
2.566888500000000022e+02
2.567033500000000004e+02
2.567185000000000059e+02
2.569565499999999929e+02
2.573307500000000232e+02
2.573360999999999876e+02
2.573974999999999795e+02
2.574062999999999874e+02
2.574092999999999734e+02
2.574340000000000259e+02
2.575233000000000061e+02
2.576583999999999719e+02
2.580036499999999933e+02
2.581209000000000060e+02
2.581592499999999859e+02
2.582395999999999958e+02
2.591580500000000029e+02
2.592794999999999845e+02
2.600203500000000076e+02
2.607456999999999994e+02
2.607538999999999874e+02
2.609046999999999912e+02
2.611440499999999929e+02
2.611463499999999840e+02
2.612196000000000140e+02
2.612215499999999793e+02
2.612417500000000246e+02
2.613331499999999892e+02
2.613354499999999803e+02
2.614141999999999939e+02
2.614164999999999850e+02
2.614183499999999754e+02
2.615104999999999791e+02
2.615127499999999827e+02
2.615179499999999848e+02
2.615203999999999951e+02
2.615311500000000251e+02
2.615394999999999754e+02
2.616075500000000034e+02
2.616107999999999834e+02
2.616450500000000261e+02
2.617787500000000023e+02
2.621486499999999751e+02
2.624364499999999794e+02
2.627968000000000188e+02
2.636159999999999854e+02
2.639304999999999950e+02
2.639359000000000037e+02
2.639383500000000140e+02
2.639676999999999794e+02
2.639879500000000121e+02
2.639952999999999861e+02
2.639993499999999926e+02
2.640675499999999829e+02
2.640704499999999939e+02
2.640833000000000084e+02
2.640844999999999914e+02
2.640882500000000164e+02
2.641433499999999981e+02
2.641512999999999920e+02
2.641620500000000220e+02
2.644133499999999799e+02
2.647025499999999738e+02
2.647139000000000237e+02
2.647733999999999810e+02
2.647760999999999854e+02
2.647808999999999742e+02
2.648510999999999740e+02
2.649289999999999736e+02
2.657193500000000199e+02
2.657219499999999925e+02
2.657923499999999990e+02
2.658566500000000019e+02
2.658616499999999974e+02
2.659297000000000253e+02
2.659316000000000031e+02
2.659338500000000067e+02
2.659766500000000065e+02
2.660206999999999766e+02
2.660240999999999758e+02
2.660285499999999956e+02
2.663215000000000146e+02
2.663236499999999864e+02
2.663468500000000176e+02
2.663513500000000249e+02
2.664463000000000079e+02
2.664485500000000116e+02
2.670337000000000103e+02
2.672977500000000077e+02
2.674356000000000222e+02
2.678435499999999934e+02
2.678485999999999763e+02
2.681446000000000254e+02
2.681618000000000279e+02
2.681924000000000206e+02
2.684474500000000035e+02
2.686261499999999955e+02
2.687819499999999948e+02
2.687842999999999734e+02
2.687894999999999754e+02
2.688530499999999961e+02
2.693942999999999870e+02
2.698072999999999979e+02
2.702954500000000166e+02
2.705118499999999813e+02
2.708651500000000283e+02
2.711888500000000022e+02
2.720602499999999964e+02
2.728131999999999948e+02
2.728188000000000102e+02
2.728212500000000205e+02
2.728351000000000113e+02
2.728414500000000089e+02
2.730110500000000116e+02
2.731533000000000015e+02
2.732096000000000231e+02
2.732146500000000060e+02
2.732230500000000006e+02
2.732278000000000020e+02
2.732760999999999854e+02
2.732914999999999850e+02
2.733597500000000196e+02
2.733632499999999936e+02
2.734578500000000076e+02
2.734734000000000265e+02
2.736914499999999748e+02
2.748801000000000272e+02
2.750122999999999820e+02
2.751245999999999867e+02
2.752097999999999729e+02
2.754945000000000164e+02
2.756488499999999817e+02
2.756537500000000023e+02
2.758767000000000280e+02
2.763290999999999826e+02
2.763323500000000195e+02
2.763354499999999803e+02
2.763507000000000176e+02
2.763799999999999955e+02
2.768134999999999764e+02
2.780402000000000271e+02
2.783370499999999765e+02
2.788673000000000002e+02
2.788704500000000053e+02
2.789120500000000220e+02
2.791272500000000036e+02
2.796757499999999936e+02
2.796831500000000119e+02
2.798416000000000281e+02
2.798439000000000192e+02
2.798480999999999881e+02
2.798507500000000050e+02
2.798530000000000086e+02
2.798555999999999813e+02
2.799365500000000111e+02
2.799774499999999762e+02
2.799834000000000174e+02
2.799861999999999966e+02
2.800588500000000067e+02
2.800618999999999801e+02
2.808247000000000071e+02
2.818210000000000264e+02
2.823620999999999981e+02
2.825650999999999726e+02
2.831238999999999919e+02
2.835607999999999720e+02
2.835644500000000221e+02
2.835733999999999924e+02
2.836462500000000091e+02
2.837381500000000187e+02
2.837413999999999987e+02
2.837908499999999776e+02
2.838156500000000051e+02
2.838840500000000020e+02
2.839091000000000236e+02
2.839143500000000131e+02
2.839513999999999783e+02
2.853510999999999740e+02
2.853537499999999909e+02
2.853564000000000078e+02
2.855294000000000096e+02
2.855818499999999744e+02
2.856041999999999916e+02
2.856993499999999813e+02
2.861183500000000208e+02
2.863403000000000134e+02
2.864907499999999914e+02
2.871085499999999797e+02
2.877838499999999726e+02
2.881091999999999871e+02
2.881202000000000112e+02
2.882026500000000055e+02
2.882756999999999721e+02
2.883550000000000182e+02
2.883576499999999783e+02
2.883600000000000136e+02
2.883630999999999744e+02
2.892098500000000172e+02
2.897160999999999831e+02
2.899241999999999848e+02
2.900957999999999970e+02
2.902373000000000047e+02
2.907103500000000054e+02
2.907541499999999814e+02
2.908383499999999913e+02
2.908575000000000159e+02
2.911847500000000082e+02
2.935854499999999803e+02
2.941001499999999851e+02
2.942490500000000111e+02
2.942547000000000139e+02
2.943855500000000234e+02
2.946039000000000101e+02
2.949911999999999921e+02
2.955209500000000276e+02
2.956035999999999717e+02
2.956080000000000041e+02
2.956784999999999854e+02
2.956979999999999791e+02
2.957755999999999972e+02
2.958338499999999840e+02
2.959532500000000255e+02
2.959555500000000166e+02
2.959779500000000212e+02
2.960165499999999952e+02
2.961648000000000138e+02
2.963072999999999979e+02
2.969944499999999721e+02
2.970146500000000174e+02
2.970914000000000215e+02
2.985722499999999968e+02
2.985973500000000058e+02
2.988487000000000080e+02
2.990040500000000065e+02
2.993645999999999958e+02
2.993699500000000171e+02
2.995033500000000117e+02
2.995621499999999742e+02
3.010677999999999770e+02
3.020434999999999945e+02
3.021981999999999857e+02
3.026933500000000095e+02
3.038378000000000156e+02
3.054848000000000070e+02
3.055859500000000253e+02
3.062784500000000207e+02
3.077338500000000181e+02
3.077616499999999746e+02
3.079681499999999801e+02
3.083564499999999953e+02
3.085320500000000266e+02
3.087137500000000045e+02
3.089162999999999784e+02
3.089848999999999819e+02
3.095923000000000229e+02
3.097195500000000266e+02
3.106557500000000118e+02
3.108671499999999810e+02
3.110478499999999826e+02
3.110533500000000231e+02
3.123405000000000200e+02
3.123532500000000027e+02
3.130993500000000154e+02
3.131291499999999814e+02
3.136028000000000020e+02
3.136076499999999783e+02
3.141696999999999775e+02
3.143115000000000236e+02
3.143879499999999894e+02
3.143976499999999987e+02
3.144139999999999873e+02
3.145374499999999784e+02
3.147174499999999853e+02
3.149723000000000184e+02
3.150204499999999825e+02
3.150402000000000271e+02
3.150637500000000273e+02
3.163383000000000038e+02
3.164350999999999772e+02
3.185823500000000195e+02
3.187803000000000111e+02
3.189472999999999843e+02
3.192742999999999824e+02
3.193971999999999980e+02
3.194202000000000226e+02
3.195128000000000270e+02
3.196805499999999824e+02
3.197508500000000140e+02
3.197692000000000121e+02
3.198073999999999728e+02
3.198882500000000277e+02
3.199452999999999747e+02
3.203879999999999768e+02
3.206630499999999984e+02
3.207479999999999905e+02
3.209217499999999745e+02
3.210624000000000251e+02
3.212261500000000183e+02
3.214019499999999994e+02
3.215293500000000222e+02
3.215477000000000203e+02
3.216581499999999778e+02
3.216602500000000191e+02
3.219877000000000180e+02
3.219892500000000268e+02
3.219959499999999935e+02
3.220545999999999935e+02
3.224170500000000175e+02
3.226131500000000187e+02
3.234112499999999955e+02
3.244154500000000212e+02
3.244364499999999794e+02
3.247278000000000020e+02
3.248779000000000110e+02
3.252303999999999746e+02
3.253158000000000243e+02
3.261605500000000006e+02
3.261921500000000265e+02
3.262021500000000174e+02
3.263537999999999784e+02
3.264035000000000082e+02
3.266442499999999995e+02
3.267105999999999995e+02
3.267332999999999856e+02
3.267832999999999970e+02
3.269076999999999771e+02
3.269968000000000075e+02
3.270416500000000042e+02
3.270470000000000255e+02
3.271709500000000048e+02
3.272020999999999731e+02
3.273505000000000109e+02
3.273847499999999968e+02
3.274060000000000059e+02
3.278099500000000148e+02
3.278480999999999881e+02
3.278741999999999734e+02
3.278803500000000213e+02
3.279445000000000050e+02
3.280645499999999970e+02
3.281057500000000005e+02
3.281220500000000015e+02
3.281657999999999902e+02
3.283048999999999751e+02
3.283491000000000213e+02
3.285933499999999867e+02
3.287482999999999720e+02
3.288131999999999948e+02
3.288186000000000035e+02
3.288226000000000226e+02
3.288770000000000095e+02
3.289384999999999764e+02
3.289472499999999968e+02
3.290516000000000076e+02
3.290683500000000095e+02
3.292430499999999824e+02
3.294379999999999882e+02
3.294969500000000266e+02
3.298580999999999790e+02
3.298903500000000122e+02
3.298927499999999782e+02
3.299619500000000016e+02
3.302733999999999810e+02
3.304126999999999725e+02
3.319826499999999783e+02
3.330538000000000238e+02
3.330923999999999978e+02
3.344542999999999893e+02
3.346968499999999835e+02
3.360704999999999814e+02
3.362602999999999724e+02
3.366408500000000004e+02
3.366433000000000106e+02
3.375040999999999940e+02
3.375269499999999994e+02
3.377632500000000277e+02
3.378860000000000241e+02
3.379049999999999727e+02
3.380966000000000236e+02
3.396104000000000269e+02
3.398788000000000125e+02
3.402828499999999963e+02
3.423009500000000003e+02
3.430142999999999915e+02
3.433150999999999726e+02
3.444393000000000029e+02
3.448406499999999824e+02
3.458184499999999844e+02
3.459094000000000051e+02
3.459112499999999955e+02
3.460726500000000101e+02
3.461304000000000087e+02
3.462782000000000266e+02
3.463207499999999754e+02
3.463358499999999935e+02
3.463408499999999890e+02
3.463576499999999783e+02
3.466435000000000173e+02
3.466723999999999819e+02
3.467111499999999751e+02
3.467904500000000212e+02
3.468201999999999998e+02
3.469267500000000268e+02
3.469760999999999740e+02
3.470754000000000019e+02
3.471399999999999864e+02
3.471708499999999731e+02
3.472420999999999935e+02
3.474709500000000162e+02
3.477893000000000256e+02
3.478211000000000013e+02
3.482309999999999945e+02
3.483478000000000065e+02
3.483535499999999843e+02
3.484232499999999959e+02
3.484639500000000112e+02
3.486127999999999929e+02
3.487604999999999791e+02
3.487826000000000022e+02
3.487860999999999763e+02
3.488618999999999915e+02
3.489320000000000164e+02
3.489359999999999786e+02
3.489673999999999978e+02
3.489948999999999728e+02
3.491698000000000093e+02
3.491890999999999963e+02
3.492180000000000177e+02
3.492321999999999775e+02
3.492800500000000170e+02
3.493623499999999922e+02
3.496369000000000256e+02
3.496659000000000219e+02
3.497413999999999987e+02
3.501232499999999845e+02
3.506214499999999816e+02
3.506313999999999851e+02
3.530735500000000116e+02
3.533046499999999810e+02
3.538214500000000271e+02
3.539397500000000036e+02
3.543363499999999817e+02
3.543419499999999971e+02
3.543537499999999909e+02
3.544900000000000091e+02
3.544942500000000223e+02
3.545038000000000125e+02
3.546715500000000247e+02
3.551536500000000274e+02
3.554379000000000133e+02
3.554431999999999903e+02
3.558596000000000004e+02
3.559852999999999952e+02
3.572470500000000015e+02
3.574671500000000037e+02
3.581836999999999875e+02
3.592801499999999919e+02
3.593421500000000037e+02
3.596077000000000226e+02
3.597583000000000197e+02
3.609378500000000258e+02
3.609618500000000267e+02
3.618036000000000172e+02
3.621843999999999824e+02
3.624307499999999891e+02
3.626555500000000052e+02
3.627463000000000193e+02
3.627676999999999907e+02
3.627844999999999800e+02
3.630613999999999919e+02
3.631350499999999784e+02
3.632117000000000075e+02
3.634457499999999754e+02
3.634750500000000102e+02
3.635084499999999821e+02
3.635252500000000282e+02
3.635551500000000260e+02
3.635665999999999940e+02
3.636227000000000089e+02
3.637047499999999900e+02
3.637942499999999768e+02
3.643739499999999794e+02
3.649264000000000010e+02
3.651508999999999787e+02
3.655815000000000055e+02
3.657105000000000246e+02
3.657708499999999958e+02
3.657737500000000068e+02
3.658704999999999927e+02
3.665517500000000268e+02
3.671286499999999933e+02
3.679695500000000266e+02
3.682957000000000107e+02
3.684927000000000135e+02
3.689288500000000113e+02
3.689757500000000050e+02
3.691986499999999864e+02
3.694582500000000209e+02
3.703450000000000273e+02
3.715106000000000108e+02
3.716318999999999733e+02
3.719858500000000276e+02
3.734728999999999814e+02
3.735577000000000112e+02
3.737728999999999928e+02
3.738131999999999948e+02
3.738396500000000060e+02
3.743942000000000121e+02
3.743959500000000276e+02
3.744583499999999958e+02
3.747909999999999968e+02
3.748427500000000236e+02
3.750464499999999930e+02
3.751929999999999836e+02
3.756730999999999767e+02
3.760484000000000151e+02
3.764557500000000232e+02
3.773792000000000257e+02
3.775436500000000137e+02
3.789073999999999955e+02
3.789455500000000256e+02
3.814279500000000098e+02
3.815097999999999843e+02
3.823523999999999887e+02
3.833077499999999986e+02
3.836588499999999726e+02
3.837505499999999756e+02
3.837576999999999998e+02
3.840056999999999903e+02
3.841208500000000186e+02
3.841490999999999758e+02
3.849878499999999804e+02
3.850396499999999946e+02
3.863232499999999732e+02
3.866291499999999814e+02
3.881647500000000264e+02
3.887135000000000105e+02
3.892123000000000275e+02
3.899356000000000222e+02
3.908636000000000195e+02
3.932576500000000124e+02
3.936529499999999757e+02
3.952515000000000214e+02
3.954184999999999945e+02
3.968143499999999904e+02
3.968589499999999930e+02
3.971551000000000045e+02
3.978494499999999903e+02
3.986915000000000191e+02
4.004755499999999984e+02
4.005067999999999984e+02
4.005193499999999744e+02
4.005330000000000155e+02
4.015020499999999970e+02
4.021895499999999970e+02
4.022076999999999884e+02
4.024871999999999730e+02
4.025871999999999957e+02
4.025921000000000163e+02
4.033242500000000064e+02
4.034547499999999900e+02
4.036528500000000008e+02
4.040926999999999794e+02
4.044549000000000092e+02
4.050337000000000103e+02
4.056784999999999854e+02
4.069269499999999766e+02
4.071714499999999930e+02
4.074817499999999768e+02
4.075249000000000024e+02
4.075832500000000209e+02
4.075892000000000053e+02
4.078434500000000185e+02
4.085986500000000206e+02
4.087625499999999761e+02
4.089076499999999896e+02
4.089602499999999736e+02
4.091022500000000264e+02
4.092337999999999738e+02
4.102369499999999789e+02
4.103580000000000041e+02
4.103645500000000084e+02
4.111458999999999833e+02
4.112067000000000121e+02
4.112830500000000029e+02
4.113607000000000085e+02
4.122158999999999764e+02
4.123709000000000060e+02
4.152502499999999941e+02
4.163854499999999916e+02
4.164056499999999801e+02
4.164581000000000017e+02
4.165043000000000006e+02
4.165317000000000007e+02
4.166574499999999830e+02
4.166764999999999759e+02
4.167150500000000193e+02
4.168904999999999745e+02
4.169146999999999821e+02
4.169759999999999991e+02
4.169853499999999826e+02
4.170201500000000010e+02
4.171019499999999880e+02
4.171673999999999864e+02
4.171931500000000028e+02
4.172112500000000068e+02
4.172529999999999859e+02
4.173080499999999802e+02
4.174687999999999874e+02
4.177150500000000193e+02
4.177497500000000059e+02
4.177887499999999932e+02
4.177904500000000212e+02
4.178194500000000176e+02
4.185105500000000234e+02
4.185638500000000022e+02
4.187543999999999755e+02
4.190954500000000280e+02
4.192085500000000025e+02
4.194254500000000121e+02
4.201107499999999959e+02
4.202373499999999922e+02
4.203249000000000137e+02
4.217626999999999953e+02
4.233378999999999905e+02
4.259249500000000239e+02
4.259279999999999973e+02
4.260778500000000122e+02
4.262421499999999810e+02
4.263340499999999906e+02
4.265041499999999814e+02
4.269828499999999849e+02
4.269945999999999913e+02
4.274630999999999972e+02
4.274839999999999804e+02
4.290387999999999806e+02
4.293537499999999909e+02
4.300115999999999872e+02
4.300169000000000210e+02
4.303503999999999792e+02
4.305478499999999826e+02
4.305500000000000114e+02
4.312975000000000136e+02
4.318326000000000136e+02
4.321611500000000206e+02
4.336074499999999716e+02
4.344884000000000128e+02
4.348927499999999782e+02
4.348976499999999987e+02
4.349255999999999744e+02
4.351039499999999975e+02
4.351077999999999975e+02
4.358284499999999753e+02
4.379864999999999782e+02
4.382605500000000234e+02
4.382730500000000120e+02
4.390274999999999750e+02
4.396929499999999962e+02
4.406297500000000014e+02
4.409748500000000035e+02
4.410726000000000226e+02
4.413267999999999915e+02
4.414932000000000016e+02
4.422798000000000229e+02
4.425979500000000257e+02
4.426251500000000192e+02
4.430615999999999985e+02
4.442381500000000187e+02
4.446715500000000247e+02
4.455622500000000059e+02
4.458528499999999894e+02
4.461404499999999871e+02
4.464649999999999750e+02
4.465251499999999965e+02
4.467952999999999975e+02
4.473232499999999732e+02
4.475430499999999938e+02
4.482379999999999995e+02
4.482438500000000090e+02
4.485434999999999945e+02
4.493956499999999892e+02
4.505931499999999801e+02
4.510873500000000149e+02
4.514472000000000094e+02
4.514587000000000216e+02
4.521277999999999793e+02
4.527883499999999799e+02
4.537076000000000136e+02
4.546789999999999736e+02
4.548022000000000276e+02
4.552748500000000149e+02
4.558598499999999945e+02
4.576546999999999912e+02
4.578697500000000105e+02
4.585159499999999753e+02
4.594687999999999874e+02
4.594923000000000002e+02
4.604076000000000022e+02
4.604515499999999975e+02
4.604877500000000055e+02
4.607542000000000257e+02
4.608373500000000149e+02
4.612715000000000032e+02
4.628215500000000020e+02
4.633787500000000250e+02
4.643072000000000230e+02
4.653258000000000152e+02
4.658263499999999908e+02
4.671053999999999746e+02
4.673574499999999716e+02
4.698972499999999854e+02
4.716992000000000189e+02
4.730096500000000219e+02
4.744252999999999929e+02
4.750278999999999883e+02
4.756173999999999751e+02
4.758024500000000216e+02
4.761650999999999954e+02
4.765717500000000086e+02
4.778047500000000127e+02
4.782354000000000269e+02
4.791987500000000182e+02
4.793765999999999963e+02
4.795513500000000136e+02
4.796745000000000232e+02
4.799952999999999861e+02
4.805822499999999877e+02
4.806725999999999885e+02
4.809249500000000239e+02
4.809998499999999808e+02
4.810009999999999764e+02
4.812428499999999758e+02
4.812678000000000225e+02
4.813661500000000046e+02
4.815358499999999822e+02
4.815796500000000151e+02
4.824319499999999721e+02
4.826464000000000283e+02
4.826643000000000256e+02
4.832015000000000100e+02
4.848109000000000037e+02
4.857112000000000194e+02
4.860962499999999977e+02
4.861207999999999743e+02
4.864716000000000236e+02
4.873663999999999987e+02
4.876283500000000117e+02
4.886768000000000143e+02
4.892393999999999892e+02
4.899812999999999761e+02
4.907170499999999720e+02
4.907357999999999834e+02
4.931039000000000101e+02
4.934619000000000142e+02
4.936027000000000271e+02
4.939112499999999955e+02
4.946605500000000006e+02
4.946651499999999828e+02
4.956954000000000065e+02
4.961666500000000042e+02
4.977058499999999981e+02
4.977751000000000090e+02
4.983398500000000126e+02
4.985103500000000167e+02
4.990338499999999726e+02
4.997252500000000168e+02
4.998103500000000281e+02
5.010483500000000276e+02
5.010500000000000114e+02
5.028129999999999882e+02
5.032097999999999729e+02
5.034694000000000074e+02
5.040717999999999961e+02
5.045754999999999768e+02
5.050946500000000015e+02
5.053426499999999919e+02
5.053986499999999751e+02
5.056354999999999791e+02
5.062657500000000255e+02
5.062821999999999889e+02
5.065856999999999744e+02
5.079062000000000126e+02
5.079254500000000121e+02
5.084827999999999975e+02
5.090747999999999820e+02
5.104267500000000268e+02
5.108782499999999800e+02
5.110176000000000158e+02
5.120618500000000495e+02
5.137449500000000171e+02
5.145835499999999456e+02
5.152382499999999936e+02
5.156220499999999447e+02
5.156239000000000487e+02
5.168079000000000178e+02
5.188754999999999882e+02
5.193379499999999780e+02
5.193657500000000482e+02
5.197685999999999922e+02
5.204788999999999533e+02
5.212482499999999845e+02
5.224561499999999796e+02
5.239868999999999915e+02
5.244039000000000215e+02
5.247327000000000226e+02
5.247624499999999443e+02
5.261183499999999640e+02
5.261261500000000524e+02
5.274458499999999503e+02
5.279213499999999613e+02
5.281950500000000375e+02
5.286819000000000415e+02
5.296262500000000273e+02
5.298952500000000327e+02
5.300743499999999813e+02
5.303046000000000504e+02
5.313964499999999589e+02
5.332653000000000247e+02
5.333988500000000386e+02
5.346656500000000278e+02
5.347372000000000298e+02
5.354429000000000087e+02
5.355372999999999593e+02
5.358242000000000189e+02
5.365741500000000315e+02
5.372181500000000369e+02
5.378432500000000118e+02
5.387705499999999574e+02
5.393533499999999776e+02
5.393636500000000069e+02
5.402621000000000322e+02
5.405902499999999691e+02
5.405996000000000095e+02
5.406021500000000515e+02
5.410296499999999469e+02
5.410538000000000238e+02
5.411565500000000384e+02
5.411678000000000566e+02
5.422272500000000264e+02
5.422694000000000187e+02
5.433374499999999898e+02
5.434136999999999489e+02
5.434614500000000135e+02
5.435122999999999820e+02
5.438564999999999827e+02
5.439746000000000095e+02
5.441649999999999636e+02
5.446355999999999540e+02
5.447517000000000280e+02
5.452628999999999451e+02
5.459286499999999478e+02
5.460511999999999944e+02
5.473979500000000371e+02
5.476111499999999523e+02
5.477291500000000042e+02
5.485149000000000115e+02
5.485982999999999947e+02
5.486615500000000338e+02
5.491606500000000324e+02
5.501363000000000056e+02
5.515041499999999814e+02
5.528545000000000300e+02
5.536892500000000155e+02
5.539545500000000402e+02
5.548307999999999538e+02
5.551349000000000160e+02
5.567152499999999691e+02
5.568691499999999905e+02
5.578844000000000278e+02
5.585104999999999791e+02
5.590252000000000407e+02
5.592372500000000173e+02
5.593891999999999598e+02
5.593936499999999796e+02
5.595597999999999956e+02
5.606012500000000500e+02
5.614890500000000202e+02
5.617522999999999911e+02
5.617550499999999829e+02
5.618862500000000182e+02
5.629527500000000373e+02
5.640477499999999509e+02
5.644116999999999962e+02
5.644769499999999880e+02
5.648280499999999620e+02
5.649146500000000515e+02
5.649448999999999614e+02
5.649742999999999711e+02
5.652163000000000466e+02
5.668595500000000129e+02
5.668671500000000378e+02
5.670859000000000378e+02
5.672219999999999800e+02
5.673612500000000409e+02
5.685447000000000344e+02
5.693801999999999452e+02
5.699782000000000153e+02
5.716792000000000371e+02
5.718445000000000391e+02
5.727412000000000489e+02
5.731231999999999971e+02
5.744373000000000502e+02
