8.763299999999999201e+00
9.760650000000000048e+00
9.986800000000000566e+00
1.040424999999999933e+01
1.041089999999999982e+01
1.046439999999999948e+01
1.062959999999999994e+01
1.074474999999999980e+01
1.084820000000000029e+01
1.087374999999999936e+01
1.104889999999999972e+01
1.112420000000000009e+01
1.124075000000000024e+01
1.127854999999999919e+01
1.154860000000000042e+01
1.155075000000000074e+01
1.159525000000000006e+01
1.171165000000000056e+01
1.172434999999999938e+01
1.178030000000000044e+01
1.179155000000000086e+01
1.186340000000000039e+01
1.224794999999999945e+01
1.248930000000000007e+01
1.273240000000000016e+01
1.338790000000000013e+01
1.348075000000000045e+01
1.353614999999999924e+01
1.393154999999999966e+01
1.393895000000000017e+01
1.504609999999999914e+01
1.504729999999999990e+01
1.974445000000000050e+01
1.981325000000000003e+01
2.115575000000000117e+01
2.142909999999999826e+01
2.153280000000000172e+01
2.178225000000000122e+01
2.194610000000000127e+01
2.195574999999999832e+01
2.197794999999999987e+01
2.201589999999999847e+01
2.201849999999999952e+01
2.202730000000000032e+01
2.224380000000000024e+01
2.228395000000000081e+01
2.236060000000000159e+01
2.255730000000000146e+01
2.261639999999999873e+01
2.314695000000000036e+01
2.342964999999999876e+01
2.404724999999999824e+01
2.405440000000000111e+01
2.574889999999999901e+01
3.072325000000000017e+01
3.184489999999999910e+01
3.240359999999999729e+01
3.258834999999999837e+01
3.414159999999999684e+01
3.434924999999999784e+01
3.850735000000000241e+01
3.956110000000000326e+01
4.072180000000000177e+01
4.224504999999999910e+01
4.398904999999999887e+01
4.567349999999999710e+01
4.585835000000000150e+01
4.630964999999999776e+01
4.643139999999999645e+01
4.724389999999999645e+01
4.793079999999999785e+01
4.796090000000000231e+01
4.938875000000000171e+01
4.945044999999999646e+01
4.962765000000000271e+01
4.970550000000000068e+01
4.986034999999999684e+01
4.989110000000000156e+01
5.015690000000000026e+01
5.019595000000000340e+01
5.035119999999999862e+01
5.057750000000000057e+01
5.129979999999999762e+01
5.425979999999999848e+01
5.625059999999999860e+01
5.792235000000000156e+01
6.091844999999999999e+01
6.095815000000000339e+01
6.099000000000000199e+01
6.108630000000000138e+01
6.110510000000000019e+01
6.122070000000000078e+01
6.124739999999999895e+01
6.128394999999999726e+01
6.135694999999999766e+01
6.136014999999999731e+01
6.140104999999999791e+01
6.149519999999999698e+01
6.165890000000000271e+01
6.167649999999999721e+01
6.173434999999999917e+01
6.173624999999999829e+01
6.180019999999999669e+01
6.196690000000000254e+01
6.222950000000000159e+01
6.223814999999999742e+01
6.224240000000000350e+01
6.224584999999999724e+01
6.224980000000000047e+01
6.225549999999999784e+01
6.226550000000000296e+01
6.246009999999999707e+01
6.255299999999999727e+01
6.268699999999999761e+01
6.280675000000000097e+01
6.302380000000000138e+01
6.309420000000000073e+01
6.314059999999999917e+01
6.315005000000000024e+01
6.331439999999999912e+01
6.340404999999999802e+01
6.348975000000000080e+01
6.354699999999999704e+01
6.358744999999999692e+01
6.361749999999999972e+01
6.369944999999999879e+01
6.370094999999999885e+01
6.378714999999999691e+01
6.381994999999999862e+01
6.388154999999999717e+01
6.388965000000000316e+01
6.395194999999999652e+01
6.400655000000000427e+01
6.432240000000000180e+01
6.455280000000000484e+01
6.461084999999999923e+01
6.462775000000000603e+01
6.468354999999999677e+01
6.483369999999999322e+01
6.500485000000000468e+01
6.511350000000000193e+01
6.530095000000000027e+01
6.532044999999999391e+01
6.537054999999999438e+01
6.539950000000000330e+01
6.541289999999999338e+01
6.558594999999999686e+01
6.561995000000000289e+01
6.570765000000000100e+01
6.587439999999999429e+01
6.597669999999999391e+01
6.620284999999999798e+01
6.621854999999999336e+01
6.626810000000000400e+01
6.628969999999999629e+01
6.634850000000000136e+01
6.640370000000000061e+01
6.665470000000000539e+01
6.670189999999999486e+01
6.677845000000000653e+01
6.805294999999999561e+01
6.868174999999999386e+01
6.885705000000000098e+01
6.914289999999999736e+01
6.937555000000000405e+01
6.940564999999999429e+01
6.946564999999999657e+01
6.956839999999999691e+01
6.958329999999999416e+01
6.966245000000000687e+01
6.973160000000000025e+01
6.979989999999999384e+01
6.980464999999999520e+01
6.984499999999999886e+01
6.998175000000000523e+01
7.007110000000000127e+01
7.044190000000000396e+01
7.077410000000000423e+01
7.078315000000000623e+01
7.132255000000000678e+01
7.151475000000000648e+01
7.152575000000000216e+01
7.182649999999999579e+01
7.196439999999999770e+01
7.202379999999999427e+01
7.209829999999999472e+01
7.212435000000000684e+01
7.385105000000000075e+01
7.406719999999999970e+01
7.415555000000000518e+01
7.416880000000000450e+01
7.419334999999999525e+01
7.420364999999999611e+01
7.422195000000000675e+01
7.424360000000000070e+01
7.445765000000000100e+01
7.452530000000000143e+01
7.453064999999999429e+01
7.454375000000000284e+01
7.457184999999999775e+01
7.463509999999999422e+01
7.465515000000000612e+01
7.470310000000000628e+01
7.471540000000000248e+01
7.474320000000000164e+01
7.478525000000000489e+01
7.502564999999999884e+01
7.511450000000000671e+01
7.515080000000000382e+01
7.530904999999999916e+01
7.712994999999999379e+01
7.793874999999999886e+01
7.816094999999999970e+01
7.905254999999999654e+01
7.909050000000000580e+01
8.101094999999999402e+01
8.319259999999999877e+01
8.402649999999999864e+01
8.491230000000000189e+01
8.754760000000000275e+01
8.767350000000000421e+01
8.788394999999999868e+01
8.953355000000000530e+01
8.990590000000000259e+01
9.030759999999999366e+01
9.036520000000000152e+01
9.038630000000000564e+01
9.043149999999999977e+01
9.171810000000000684e+01
9.175119999999999720e+01
9.365810000000000457e+01
9.684350000000000591e+01
9.710729999999999507e+01
9.725260000000000105e+01
9.842844999999999800e+01
1.006359999999999957e+02
1.032463000000000051e+02
1.041004999999999967e+02
1.050088499999999954e+02
1.055170499999999976e+02
1.055885999999999996e+02
1.061600999999999999e+02
1.062519499999999937e+02
1.088119499999999960e+02
1.089141000000000048e+02
1.093804999999999978e+02
1.120084499999999963e+02
1.141165000000000020e+02
1.161336500000000029e+02
1.168588500000000039e+02
1.176491500000000059e+02
1.195315499999999957e+02
1.215890500000000003e+02
1.219003000000000014e+02
1.219121499999999969e+02
1.232563499999999976e+02
1.238594999999999970e+02
1.240880999999999972e+02
1.242282500000000027e+02
1.242535500000000042e+02
1.243825499999999948e+02
1.244727500000000049e+02
1.246324999999999932e+02
1.246869499999999960e+02
1.247179500000000019e+02
1.248718499999999949e+02
1.250268499999999960e+02
1.251039499999999975e+02
1.251497499999999974e+02
1.275125500000000045e+02
1.284625000000000057e+02
1.301673000000000116e+02
1.320425999999999931e+02
1.338999499999999898e+02
1.354393000000000029e+02
1.356668999999999983e+02
1.357425000000000068e+02
1.360206499999999892e+02
1.360714499999999987e+02
1.362116499999999917e+02
1.362758499999999913e+02
1.363151000000000010e+02
1.363384499999999946e+02
1.363509500000000116e+02
1.363540500000000009e+02
1.364421499999999980e+02
1.365388499999999965e+02
1.365818999999999903e+02
1.365837999999999965e+02
1.366317500000000109e+02
1.366371000000000038e+02
1.366526000000000067e+02
1.366618499999999869e+02
1.367333999999999889e+02
1.367379999999999995e+02
1.367409499999999980e+02
1.368454499999999996e+02
1.368490500000000054e+02
1.369003500000000031e+02
1.369997500000000059e+02
1.370413000000000068e+02
1.372254000000000076e+02
1.372603000000000009e+02
1.373130500000000040e+02
1.373357499999999902e+02
1.373873499999999979e+02
1.374272499999999866e+02
1.377838999999999885e+02
1.407949500000000000e+02
1.421744999999999948e+02
1.429353999999999871e+02
1.435510999999999910e+02
1.450602499999999964e+02
1.458539000000000101e+02
1.464405500000000018e+02
1.473853000000000009e+02
1.474154499999999928e+02
1.500058999999999969e+02
1.502047499999999900e+02
1.502085999999999899e+02
1.505398999999999887e+02
1.506048999999999864e+02
1.506069500000000119e+02
1.513702499999999986e+02
1.513839999999999861e+02
1.523328500000000076e+02
1.535622999999999934e+02
1.535724500000000035e+02
1.535758500000000026e+02
1.535797499999999900e+02
1.535886000000000138e+02
1.538611999999999966e+02
1.550122000000000071e+02
1.550748499999999979e+02
1.565825000000000102e+02
1.577178999999999860e+02
1.627894000000000005e+02
1.629935999999999865e+02
1.638214499999999987e+02
1.653446500000000015e+02
1.665131499999999960e+02
1.677539999999999907e+02
1.679221499999999878e+02
1.679235999999999933e+02
1.710743999999999971e+02
1.713052500000000009e+02
1.713081500000000119e+02
1.714684000000000026e+02
1.729378000000000100e+02
1.744050000000000011e+02
1.759608000000000061e+02
1.767191500000000133e+02
1.767794499999999971e+02
1.769071500000000015e+02
1.769111000000000047e+02
1.769155499999999961e+02
1.769202500000000100e+02
1.779238000000000000e+02
1.780576499999999953e+02
1.789875499999999988e+02
1.809001499999999965e+02
1.809032500000000141e+02
1.809064500000000066e+02
1.810074500000000057e+02
1.810353499999999940e+02
1.811156000000000006e+02
1.811263500000000022e+02
1.811913000000000125e+02
1.811943499999999858e+02
1.811970499999999902e+02
1.812378500000000088e+02
1.812402999999999906e+02
1.827007000000000119e+02
1.827126000000000090e+02
1.842744999999999891e+02
1.848411999999999864e+02
1.852366000000000099e+02
1.868382000000000005e+02
1.886179500000000075e+02
1.886284499999999866e+02
1.888308499999999981e+02
1.890203999999999951e+02
1.903337500000000091e+02
1.905540000000000020e+02
1.905591499999999883e+02
1.905624500000000126e+02
1.907204000000000121e+02
1.907540999999999940e+02
1.916878000000000100e+02
1.917114500000000135e+02
1.917150499999999909e+02
1.917290999999999883e+02
1.917322499999999934e+02
1.917344999999999970e+02
1.917406499999999880e+02
1.918879499999999894e+02
1.918902999999999963e+02
1.919798499999999990e+02
1.920024500000000103e+02
1.921271999999999878e+02
1.925483000000000118e+02
1.931230999999999938e+02
1.931577000000000055e+02
1.931624999999999943e+02
1.932330499999999915e+02
1.933594999999999970e+02
1.934510500000000093e+02
1.934647500000000093e+02
1.934682500000000118e+02
1.935446000000000026e+02
1.935498000000000047e+02
1.936751500000000021e+02
1.942700499999999977e+02
1.942999499999999955e+02
1.949230000000000018e+02
1.953682000000000016e+02
1.953711000000000126e+02
1.959437000000000069e+02
1.962458499999999901e+02
1.969287999999999954e+02
1.969300499999999943e+02
1.969361499999999978e+02
1.971270000000000095e+02
1.971437999999999988e+02
1.978708000000000027e+02
1.978770499999999970e+02
1.978832500000000039e+02
1.980363999999999862e+02
1.991388000000000034e+02
1.992028999999999996e+02
2.007942500000000052e+02
2.008875999999999920e+02
2.009064999999999941e+02
2.009712000000000103e+02
2.010423499999999990e+02
2.010442500000000052e+02
2.010463499999999897e+02
2.011184000000000083e+02
2.011238999999999919e+02
2.011292500000000132e+02
2.011345000000000027e+02
2.012002500000000111e+02
2.012119000000000142e+02
2.018635999999999910e+02
2.030584000000000060e+02
2.030609499999999912e+02
2.032257999999999925e+02
2.032334999999999923e+02
2.033171000000000106e+02
2.033721500000000049e+02
2.033755500000000040e+02
2.034121000000000095e+02
2.036311499999999910e+02
2.040806000000000040e+02
2.041049999999999898e+02
2.042153000000000134e+02
2.050664500000000032e+02
2.054398999999999944e+02
2.061548500000000104e+02
2.061640999999999906e+02
2.068166500000000099e+02
2.069923000000000002e+02
2.107291500000000042e+02
2.107327999999999975e+02
2.107348000000000070e+02
2.107404999999999973e+02
2.107438500000000090e+02
2.108119000000000085e+02
2.108940499999999929e+02
2.109730500000000006e+02
2.114909000000000106e+02
2.120440499999999986e+02
2.120461500000000115e+02
2.120556500000000142e+02
2.122352500000000077e+02
2.122393500000000017e+02
2.122419500000000028e+02
2.122456999999999994e+02
2.122736500000000035e+02
2.124173499999999990e+02
2.124198499999999967e+02
2.124248499999999922e+02
2.125610000000000070e+02
2.125622999999999934e+02
2.125646000000000129e+02
2.125666500000000099e+02
2.125714999999999861e+02
2.126424000000000092e+02
2.133124500000000126e+02
2.146862999999999886e+02
2.147695500000000095e+02
2.149031999999999982e+02
2.149055500000000052e+02
2.149077000000000055e+02
2.150003499999999974e+02
2.150022999999999911e+02
2.150107000000000141e+02
2.150253999999999905e+02
2.150923500000000104e+02
2.150960499999999911e+02
2.150981999999999914e+02
2.151009500000000116e+02
2.151185000000000116e+02
2.151841499999999883e+02
2.151888500000000022e+02
2.152466000000000008e+02
2.152490999999999985e+02
2.152505500000000040e+02
2.152522999999999911e+02
2.152553000000000054e+02
2.152571000000000083e+02
2.152696500000000128e+02
2.153478000000000065e+02
2.153496000000000095e+02
2.153531000000000120e+02
2.154266499999999951e+02
2.154297500000000127e+02
2.169487499999999898e+02
2.174556000000000040e+02
2.184063999999999908e+02
2.185114000000000090e+02
2.188696500000000071e+02
2.188727499999999964e+02
2.189549499999999966e+02
2.190601000000000056e+02
2.190617000000000019e+02
2.191469999999999914e+02
2.191511000000000138e+02
2.191555500000000052e+02
2.192247000000000128e+02
2.192306499999999971e+02
2.192325999999999908e+02
2.192396500000000117e+02
2.193026499999999999e+02
2.193048000000000002e+02
2.193067499999999939e+02
2.193090500000000134e+02
2.193250500000000045e+02
2.193280499999999904e+02
2.206962000000000046e+02
2.206978000000000009e+02
2.207015499999999975e+02
2.207053999999999974e+02
2.207101499999999987e+02
2.207665000000000077e+02
2.207724000000000046e+02
2.207763999999999953e+02
2.207790999999999997e+02
2.207801499999999919e+02
2.207820000000000107e+02
2.208514499999999998e+02
2.208542999999999950e+02
2.209528999999999996e+02
2.209575499999999977e+02
2.209951000000000079e+02
2.209995999999999867e+02
2.210033999999999992e+02
2.210115499999999997e+02
2.210916499999999871e+02
2.210952000000000055e+02
2.210984500000000139e+02
2.218510499999999865e+02
2.219356500000000096e+02
2.220217000000000098e+02
2.220238500000000101e+02
2.221107499999999959e+02
2.221142999999999859e+02
2.221151000000000124e+02
2.221176499999999976e+02
2.221199000000000012e+02
2.221959999999999980e+02
2.221986499999999864e+02
2.222004499999999894e+02
2.222061999999999955e+02
2.222076500000000010e+02
2.222111999999999910e+02
2.222737999999999943e+02
2.222753500000000031e+02
2.222844000000000051e+02
2.223567999999999927e+02
2.233112999999999886e+02
2.242262499999999932e+02
2.244307499999999891e+02
2.244481499999999983e+02
2.244522000000000048e+02
2.245481000000000051e+02
2.246438499999999863e+02
2.246502000000000123e+02
2.246513999999999953e+02
2.246541499999999871e+02
2.246556500000000085e+02
2.246591999999999985e+02
2.246613999999999862e+02
2.246656000000000120e+02
2.247340499999999963e+02
2.248115500000000111e+02
2.248178499999999929e+02
2.248242500000000064e+02
2.248875999999999920e+02
2.249173999999999864e+02
2.249217999999999904e+02
2.249285000000000139e+02
2.249322999999999979e+02
2.249336000000000126e+02
2.249425999999999988e+02
2.249446499999999958e+02
2.257443499999999972e+02
2.259354500000000030e+02
2.262460000000000093e+02
2.262512499999999989e+02
2.263388999999999953e+02
2.263417499999999905e+02
2.263454000000000121e+02
2.263609999999999900e+02
2.263633000000000095e+02
2.263662999999999954e+02
2.263710000000000093e+02
2.263736499999999978e+02
2.264563499999999863e+02
2.265912999999999897e+02
2.266903499999999951e+02
2.266922999999999888e+02
2.267701999999999884e+02
2.267727500000000020e+02
2.267746999999999957e+02
2.267769999999999868e+02
2.267846000000000117e+02
2.268534999999999968e+02
2.268557500000000005e+02
2.277084999999999866e+02
2.277123499999999865e+02
2.277213500000000010e+02
2.277242500000000121e+02
2.277273500000000013e+02
2.280828500000000076e+02
2.281961499999999887e+02
2.282946499999999901e+02
2.282970500000000129e+02
2.282999499999999955e+02
2.283022499999999866e+02
2.283733000000000004e+02
2.284387999999999863e+02
2.284469499999999869e+02
2.284599000000000046e+02
2.285294000000000096e+02
2.286181500000000142e+02
2.286193499999999972e+02
2.286240999999999985e+02
2.286277000000000044e+02
2.291043999999999983e+02
2.296719500000000096e+02
2.296749000000000080e+02
2.296837500000000034e+02
2.297740000000000009e+02
2.298966000000000065e+02
2.299010000000000105e+02
2.299459500000000105e+02
2.299507999999999868e+02
2.301855500000000063e+02
2.303324000000000069e+02
2.303383000000000038e+02
2.315208000000000084e+02
2.317061500000000080e+02
2.317227499999999907e+02
2.317996500000000140e+02
2.320854500000000087e+02
2.320878999999999905e+02
2.320907500000000141e+02
2.321911000000000058e+02
2.324385499999999922e+02
2.324422500000000014e+02
2.324510999999999967e+02
2.324532000000000096e+02
2.325132000000000119e+02
2.325194999999999936e+02
2.326137999999999977e+02
2.327340499999999963e+02
2.327983999999999867e+02
2.330566499999999905e+02
2.330596999999999923e+02
2.330625000000000000e+02
2.331133499999999970e+02
2.332390499999999918e+02
2.336283999999999992e+02
2.336341500000000053e+02
2.336381499999999960e+02
2.336557999999999993e+02
2.336642500000000098e+02
2.336701500000000067e+02
2.337220000000000084e+02
2.337453999999999894e+02
2.337477000000000089e+02
2.338042000000000087e+02
2.338064999999999998e+02
2.338087999999999909e+02
2.338746500000000026e+02
2.338780999999999892e+02
2.339599000000000046e+02
2.339658499999999890e+02
2.340190000000000055e+02
2.340313500000000033e+02
2.340345499999999959e+02
2.340400500000000079e+02
2.340427999999999997e+02
2.344277999999999906e+02
2.344377499999999941e+02
2.344593500000000006e+02
2.344616499999999917e+02
2.344660499999999956e+02
2.345489000000000033e+02
2.346338499999999954e+02
2.346419500000000085e+02
2.346656499999999994e+02
2.347098499999999888e+02
2.347255000000000109e+02
2.347628499999999860e+02
2.347649000000000115e+02
2.347673499999999933e+02
2.347707000000000050e+02
2.347823999999999955e+02
2.347849500000000091e+02
2.347985999999999933e+02
2.349106500000000040e+02
2.350162500000000136e+02
2.350187500000000114e+02
2.350209499999999991e+02
2.350253999999999905e+02
2.350533000000000072e+02
2.350561500000000024e+02
2.350588500000000067e+02
2.354318499999999972e+02
2.354670999999999879e+02
2.354694499999999948e+02
2.354731999999999914e+02
2.357655000000000030e+02
2.358644500000000050e+02
2.358677500000000009e+02
2.362535000000000025e+02
2.362559500000000128e+02
2.362581500000000005e+02
2.362598999999999876e+02
2.362608500000000049e+02
2.362623000000000104e+02
2.362643500000000074e+02
2.362666499999999985e+02
2.362683000000000106e+02
2.363486499999999921e+02
2.365595500000000015e+02
2.365727500000000134e+02
2.366092999999999904e+02
2.373402000000000100e+02
2.373424500000000137e+02
2.373446000000000140e+02
2.373668499999999995e+02
2.373685999999999865e+02
2.373816500000000076e+02
2.373868999999999971e+02
2.373879499999999894e+02
2.376568000000000040e+02
2.377099499999999921e+02
2.377136500000000012e+02
2.377567999999999984e+02
2.377596499999999935e+02
2.377623499999999979e+02
2.381067999999999927e+02
2.381696000000000026e+02
2.381733000000000118e+02
2.386383999999999901e+02
2.388905499999999904e+02
2.389597500000000139e+02
2.389665999999999997e+02
2.389810999999999979e+02
2.390715500000000020e+02
2.393794000000000040e+02
2.393819000000000017e+02
2.393842500000000086e+02
2.393873499999999979e+02
2.393902500000000089e+02
2.393920500000000118e+02
2.394754499999999950e+02
2.394813499999999920e+02
2.394842999999999904e+02
2.394851500000000044e+02
2.394891499999999951e+02
2.394923499999999876e+02
2.394942000000000064e+02
2.396649500000000046e+02
2.397521500000000003e+02
2.397641999999999882e+02
2.397678500000000099e+02
2.397700000000000102e+02
2.397727999999999895e+02
2.397757499999999879e+02
2.397777000000000100e+02
2.399387000000000114e+02
2.399450500000000090e+02
2.404728499999999940e+02
2.405470500000000129e+02
2.405495999999999981e+02
2.408171499999999980e+02
2.409764499999999998e+02
2.422198999999999955e+02
2.424526999999999930e+02
2.425233000000000061e+02
2.425306999999999960e+02
2.425320000000000107e+02
2.425364999999999895e+02
2.425387499999999932e+02
2.426302000000000021e+02
2.426323500000000024e+02
2.426371000000000038e+02
2.426450499999999977e+02
2.427007000000000119e+02
2.427064499999999896e+02
2.427795500000000004e+02
2.427935500000000104e+02
2.428704500000000053e+02
2.428744499999999960e+02
2.428769000000000062e+02
2.432786999999999864e+02
2.433822000000000116e+02
2.433913000000000011e+02
2.433936999999999955e+02
2.434007499999999879e+02
2.439511500000000126e+02
2.439538000000000011e+02
2.440694000000000017e+02
2.446211500000000001e+02
2.446239999999999952e+02
2.446266500000000121e+02
2.447135000000000105e+02
2.447156500000000108e+02
2.447185000000000059e+02
2.447977999999999952e+02
2.448016499999999951e+02
2.448455500000000029e+02
2.450618000000000052e+02
2.452759000000000071e+02
2.452814999999999941e+02
2.453618500000000040e+02
2.453675000000000068e+02
2.453705999999999960e+02
2.454685000000000059e+02
2.454714999999999918e+02
2.457310999999999979e+02
2.457339000000000055e+02
2.458831999999999880e+02
2.461193499999999972e+02
2.465105499999999950e+02
2.465324500000000114e+02
2.466247999999999934e+02
2.466359999999999957e+02
2.466383999999999901e+02
2.466405000000000030e+02
2.466428999999999974e+02
2.466465499999999906e+02
2.467560000000000002e+02
2.467581500000000005e+02
2.467601500000000101e+02
2.467624500000000012e+02
2.468655500000000131e+02
2.469391500000000121e+02
2.469416500000000099e+02
2.470107500000000016e+02
2.470146499999999889e+02
2.478372999999999990e+02
2.481482499999999902e+02
2.481506500000000131e+02
2.481528000000000134e+02
2.481563500000000033e+02
2.483962999999999965e+02
2.484652499999999975e+02
2.485739000000000090e+02
2.486241499999999860e+02
2.487461000000000126e+02
2.488314000000000021e+02
2.488340499999999906e+02
2.488363500000000101e+02
2.488399000000000001e+02
2.489326000000000079e+02
2.489351499999999930e+02
2.489373999999999967e+02
2.489403499999999951e+02
2.492110999999999876e+02
2.492144000000000119e+02
2.492780999999999949e+02
2.492803499999999985e+02
2.492823999999999955e+02
2.492849999999999966e+02
2.493829000000000065e+02
2.493854000000000042e+02
2.494873499999999922e+02
2.496117999999999881e+02
2.496145500000000084e+02
2.496169999999999902e+02
2.496200499999999920e+02
2.499754000000000076e+02
2.500160999999999945e+02
2.503251500000000078e+02
2.505029499999999985e+02
2.509667499999999905e+02
2.511644000000000005e+02
2.513747500000000059e+02
2.513790500000000065e+02
2.514291000000000054e+02
2.514313500000000090e+02
2.514334499999999935e+02
2.514358000000000004e+02
2.514394499999999937e+02
2.517022499999999923e+02
2.517041499999999985e+02
2.517066000000000088e+02
2.517088500000000124e+02
2.517100499999999954e+02
2.517115499999999884e+02
2.518297499999999900e+02
2.518324000000000069e+02
2.518461499999999944e+02
2.519176999999999964e+02
2.519516000000000133e+02
2.521191499999999905e+02
2.521368999999999971e+02
2.525251499999999965e+02
2.526108499999999992e+02
2.528465500000000077e+02
2.528488499999999988e+02
2.528511000000000024e+02
2.528539000000000101e+02
2.529235999999999933e+02
2.529260999999999910e+02
2.529290000000000020e+02
2.529326499999999953e+02
2.530541499999999928e+02
2.531176000000000101e+02
2.531976999999999975e+02
2.532020500000000141e+02
2.532076000000000136e+02
2.532111999999999910e+02
2.532137999999999920e+02
2.537093000000000131e+02
2.537412999999999954e+02
2.537466499999999883e+02
2.537552499999999895e+02
2.537730999999999995e+02
2.541841000000000008e+02
2.542449499999999887e+02
2.543858999999999924e+02
2.543880499999999927e+02
2.546162999999999954e+02
2.550392999999999972e+02
2.550577000000000112e+02
2.550599499999999864e+02
2.550620000000000118e+02
2.550644499999999937e+02
2.550654999999999859e+02
2.550678499999999929e+02
2.550737000000000023e+02
2.551362499999999898e+02
2.551573999999999955e+02
2.552459000000000060e+02
2.553082499999999868e+02
2.553177499999999895e+02
2.553950000000000102e+02
2.553976000000000113e+02
2.553991000000000042e+02
2.554036000000000115e+02
2.554473000000000127e+02
2.554811500000000137e+02
2.554856499999999926e+02
2.554879500000000121e+02
2.555097000000000094e+02
2.555681999999999903e+02
2.559731500000000040e+02
2.560733999999999924e+02
2.562057500000000232e+02
2.562228000000000065e+02
2.562398000000000025e+02
2.562420999999999935e+02
2.562442500000000223e+02
2.562916000000000167e+02
2.563944500000000062e+02
2.564839999999999804e+02
2.565328000000000088e+02
2.565353000000000065e+02
2.565378000000000043e+02
2.565403499999999894e+02
2.565571499999999787e+02
2.565604500000000030e+02
2.565822999999999752e+02
2.566754999999999995e+02
2.569366999999999734e+02
2.573251000000000204e+02
2.573290499999999952e+02
2.573468500000000176e+02
2.573500000000000227e+02
2.573544999999999732e+02
2.573618000000000166e+02
2.573648499999999899e+02
2.574166500000000042e+02
2.574187999999999761e+02
2.575876999999999839e+02
2.579828999999999724e+02
2.579855499999999893e+02
2.580797499999999900e+02
2.580943500000000199e+02
2.581578999999999837e+02
2.581601999999999748e+02
2.581712999999999738e+02
2.582347500000000196e+02
2.582363000000000284e+02
2.582430499999999824e+02
2.590599500000000148e+02
2.591566500000000133e+02
2.600801999999999907e+02
2.608919000000000210e+02
2.609068500000000199e+02
2.611422499999999900e+02
2.611501999999999839e+02
2.611530999999999949e+02
2.611599499999999807e+02
2.611628499999999917e+02
2.613148499999999785e+02
2.613265499999999975e+02
2.613368500000000267e+02
2.613379499999999780e+02
2.613405500000000075e+02
2.613428499999999985e+02
2.614479499999999916e+02
2.614504499999999894e+02
2.614732500000000073e+02
2.616123499999999922e+02
2.616664499999999975e+02
2.616687499999999886e+02
2.617368500000000040e+02
2.625957999999999970e+02
2.631739000000000033e+02
2.636003999999999792e+02
2.636223499999999831e+02
2.636319500000000176e+02
2.636496000000000208e+02
2.636918000000000006e+02
2.636940500000000043e+02
2.636961999999999762e+02
2.636989500000000248e+02
2.637192499999999882e+02
2.637225500000000125e+02
2.639271499999999833e+02
2.639949500000000171e+02
2.639975000000000023e+02
2.640130500000000211e+02
2.640796500000000151e+02
2.642047499999999900e+02
2.647404500000000098e+02
2.647432999999999765e+02
2.647744999999999891e+02
2.647819999999999823e+02
2.647832000000000221e+02
2.658287000000000262e+02
2.658475500000000125e+02
2.659273000000000025e+02
2.659867499999999723e+02
2.659900999999999840e+02
2.673147500000000036e+02
2.681898499999999785e+02
2.682010500000000093e+02
2.682022000000000048e+02
2.682052499999999782e+02
2.682693499999999744e+02
2.682746999999999957e+02
2.684264999999999759e+02
2.691889499999999771e+02
2.692072499999999877e+02
2.692105000000000246e+02
2.696128499999999804e+02
2.708466000000000236e+02
2.711460000000000150e+02
2.717505499999999756e+02
2.717774999999999750e+02
2.723287000000000262e+02
2.727966499999999996e+02
2.728178500000000213e+02
2.729205999999999790e+02
2.729232000000000085e+02
2.730029000000000110e+02
2.730058500000000095e+02
2.731143500000000017e+02
2.731165500000000179e+02
2.731184000000000083e+02
2.731206500000000119e+02
2.731333999999999946e+02
2.731509500000000230e+02
2.732192000000000007e+02
2.732257999999999925e+02
2.732903999999999769e+02
2.732950999999999908e+02
2.733535999999999717e+02
2.733550000000000182e+02
2.733561500000000137e+02
2.733583499999999731e+02
2.733747000000000185e+02
2.748708500000000186e+02
2.748743499999999926e+02
2.758047000000000253e+02
2.758072000000000230e+02
2.758097999999999956e+02
2.758602999999999952e+02
2.761052000000000248e+02
2.761159000000000106e+02
2.761708499999999731e+02
2.761920999999999822e+02
2.764809999999999945e+02
2.782606999999999857e+02
2.789205000000000041e+02
2.796768999999999892e+02
2.797884000000000242e+02
2.798567499999999768e+02
2.799057000000000244e+02
2.799098999999999933e+02
2.799116500000000087e+02
2.799716999999999985e+02
2.799748500000000035e+02
2.799756499999999733e+02
2.799789499999999975e+02
2.799814499999999953e+02
2.799852999999999952e+02
2.799874500000000239e+02
2.800477500000000077e+02
2.800491000000000099e+02
2.800556500000000142e+02
2.800566000000000031e+02
2.814792499999999791e+02
2.814893500000000017e+02
2.815007499999999823e+02
2.816261000000000081e+02
2.825559999999999832e+02
2.825617500000000177e+02
2.827447500000000105e+02
2.830775499999999738e+02
2.831351500000000101e+02
2.835824499999999944e+02
2.835914500000000089e+02
2.835939999999999941e+02
2.836971500000000219e+02
2.836997000000000071e+02
2.837020999999999731e+02
2.837939499999999953e+02
2.838808999999999969e+02
2.838867500000000064e+02
2.839590499999999906e+02
2.839612500000000068e+02
2.839638499999999794e+02
2.839649499999999875e+02
2.839682000000000244e+02
2.859674499999999853e+02
2.866886000000000081e+02
2.873681000000000267e+02
2.878442000000000007e+02
2.878478999999999814e+02
2.878539000000000101e+02
2.878567499999999768e+02
2.879282999999999788e+02
2.879309999999999832e+02
2.879341499999999883e+02
2.879493499999999813e+02
2.880196000000000254e+02
2.880267499999999927e+02
2.881026499999999828e+02
2.881055499999999938e+02
2.881141000000000076e+02
2.881182000000000016e+02
2.881216000000000008e+02
2.881262500000000273e+02
2.881700999999999908e+02
2.881725000000000136e+02
2.881793000000000120e+02
2.881858500000000163e+02
2.881899500000000103e+02
2.883980000000000246e+02
2.892196500000000015e+02
2.896117499999999723e+02
2.899207000000000107e+02
2.899259000000000128e+02
2.908818999999999733e+02
2.909282999999999788e+02
2.909292500000000246e+02
2.942466999999999757e+02
2.953822999999999865e+02
2.953866499999999746e+02
2.954621500000000083e+02
2.957189999999999941e+02
2.957236500000000206e+02
2.957296999999999798e+02
2.957323999999999842e+02
2.957350000000000136e+02
2.958908999999999878e+02
2.959572000000000003e+02
2.960191500000000246e+02
2.960210000000000150e+02
2.960240499999999884e+02
2.960942499999999882e+02
2.960963499999999726e+02
2.960985999999999763e+02
2.961566000000000258e+02
2.961573999999999955e+02
2.961688500000000204e+02
2.963030999999999722e+02
2.963168000000000006e+02
2.981548500000000104e+02
2.999588499999999840e+02
3.011136500000000069e+02
3.011166000000000054e+02
3.011485500000000002e+02
3.011503999999999905e+02
3.012872499999999718e+02
3.012898000000000138e+02
3.012921499999999924e+02
3.013772999999999911e+02
3.013878000000000270e+02
3.013908500000000004e+02
3.013924499999999966e+02
3.013947499999999877e+02
3.013996500000000083e+02
3.014634500000000230e+02
3.014663499999999772e+02
3.015939000000000192e+02
3.026854999999999905e+02
3.026909999999999741e+02
3.027096500000000106e+02
3.038870999999999754e+02
3.041433000000000106e+02
3.042635000000000218e+02
3.044778999999999769e+02
3.045986500000000206e+02
3.048063999999999965e+02
3.054520999999999731e+02
3.055260499999999979e+02
3.055446499999999901e+02
3.056970000000000027e+02
3.058004999999999995e+02
3.059689500000000066e+02
3.060553499999999758e+02
3.061434499999999730e+02
3.064230999999999767e+02
3.064712499999999977e+02
3.071784499999999980e+02
3.078147500000000036e+02
3.078184499999999844e+02
3.078682000000000016e+02
3.079295500000000061e+02
3.080353000000000065e+02
3.081864499999999794e+02
3.082091500000000224e+02
3.082144499999999994e+02
3.082187999999999874e+02
3.082353499999999826e+02
3.086952499999999873e+02
3.087205000000000155e+02
3.090482000000000085e+02
3.094392000000000280e+02
3.094838500000000181e+02
3.095589499999999816e+02
3.110421999999999798e+02
3.118777499999999918e+02
3.125883999999999787e+02
3.126360999999999990e+02
3.129445999999999799e+02
3.130234500000000253e+02
3.131009000000000242e+02
3.131573500000000081e+02
3.132721000000000231e+02
3.132801000000000045e+02
3.133756999999999948e+02
3.134471500000000219e+02
3.134909000000000106e+02
3.134925000000000068e+02
3.134959000000000060e+02
3.135657499999999800e+02
3.136019999999999754e+02
3.137402500000000032e+02
3.137975999999999885e+02
3.138885500000000093e+02
3.139311000000000149e+02
3.139537000000000262e+02
3.139913000000000238e+02
3.141723000000000070e+02
3.142269499999999880e+02
3.143303500000000099e+02
3.143813000000000102e+02
3.143843499999999835e+02
3.144267500000000268e+02
3.144830000000000041e+02
3.145080500000000256e+02
3.146243999999999801e+02
3.150760999999999967e+02
3.151345499999999902e+02
3.156288499999999999e+02
3.164309499999999957e+02
3.164440000000000168e+02
3.164470499999999902e+02
3.168943499999999744e+02
3.169950499999999920e+02
3.171655999999999835e+02
3.174055500000000052e+02
3.175152499999999804e+02
3.188695500000000038e+02
3.189366999999999734e+02
3.191332499999999754e+02
3.191618500000000154e+02
3.192472500000000082e+02
3.192914999999999850e+02
3.193245000000000005e+02
3.193444999999999823e+02
3.193460499999999911e+02
3.193994000000000142e+02
3.194377000000000066e+02
3.195614499999999794e+02
3.195763999999999783e+02
3.196145500000000084e+02
3.196254000000000133e+02
3.197192000000000007e+02
3.197961500000000115e+02
3.198851500000000101e+02
3.199787999999999784e+02
3.200964999999999918e+02
3.201336999999999762e+02
3.201819499999999721e+02
3.203213999999999828e+02
3.205044500000000198e+02
3.205203500000000076e+02
3.205427500000000123e+02
3.205735500000000116e+02
3.206086500000000115e+02
3.208511500000000183e+02
3.208686000000000149e+02
3.209293000000000120e+02
3.210522000000000276e+02
3.210766499999999724e+02
3.211467499999999973e+02
3.212092000000000098e+02
3.212108499999999935e+02
3.212649999999999864e+02
3.212757500000000164e+02
3.213478499999999940e+02
3.214974000000000274e+02
3.215165999999999826e+02
3.216218499999999949e+02
3.216501999999999839e+02
3.218525999999999954e+02
3.218933000000000106e+02
3.219540999999999826e+02
3.219916499999999928e+02
3.220068999999999733e+02
3.221483499999999935e+02
3.222402500000000032e+02
3.223364000000000260e+02
3.224465000000000146e+02
3.225520999999999958e+02
3.228301500000000033e+02
3.237819999999999823e+02
3.241978500000000167e+02
3.247361500000000092e+02
3.257268000000000256e+02
3.260203500000000076e+02
3.261631499999999733e+02
3.262128999999999905e+02
3.262708499999999958e+02
3.262721999999999980e+02
3.263027999999999906e+02
3.263038999999999987e+02
3.263190999999999917e+02
3.263412000000000148e+02
3.263482500000000073e+02
3.263972499999999854e+02
3.264323999999999728e+02
3.264725500000000125e+02
3.265373000000000161e+02
3.265671500000000265e+02
3.266456000000000017e+02
3.267199499999999830e+02
3.267739500000000135e+02
3.267873000000000161e+02
3.268095500000000015e+02
3.268457999999999970e+02
3.268699500000000171e+02
3.269263000000000261e+02
3.269655500000000075e+02
3.269934999999999832e+02
3.270058999999999969e+02
3.270370500000000220e+02
3.270760500000000093e+02
3.271970000000000027e+02
3.271997000000000071e+02
3.272117499999999950e+02
3.272801999999999794e+02
3.272814000000000192e+02
3.276256000000000199e+02
3.276858500000000163e+02
3.278876000000000204e+02
3.279214499999999930e+02
3.279232999999999834e+02
3.279295000000000186e+02
3.279532500000000255e+02
3.279986999999999853e+02
3.280124999999999886e+02
3.280425000000000182e+02
3.281540499999999838e+02
3.282216000000000236e+02
3.282307500000000005e+02
3.283523000000000138e+02
3.283850499999999784e+02
3.284581999999999766e+02
3.284953499999999735e+02
3.285634499999999889e+02
3.285650499999999852e+02
3.285699000000000183e+02
3.287284500000000094e+02
3.287418499999999995e+02
3.287932999999999879e+02
3.287954500000000166e+02
3.288357500000000186e+02
3.288805500000000279e+02
3.290280000000000200e+02
3.291072500000000218e+02
3.291376999999999953e+02
3.291889499999999771e+02
3.292302999999999997e+02
3.292957999999999856e+02
3.293125999999999749e+02
3.295446000000000026e+02
3.296648000000000138e+02
3.297167999999999779e+02
3.298133000000000266e+02
3.300796000000000276e+02
3.301480999999999995e+02
3.303231000000000108e+02
3.306113500000000158e+02
3.306684000000000196e+02
3.308349499999999921e+02
3.317542500000000132e+02
3.329203499999999849e+02
3.334735999999999763e+02
3.352042999999999893e+02
3.360206999999999766e+02
3.373936499999999796e+02
3.376014499999999998e+02
3.376854000000000156e+02
3.379447000000000116e+02
3.384456999999999880e+02
3.384576500000000010e+02
3.390455999999999790e+02
3.392322500000000218e+02
3.393106999999999971e+02
3.410514999999999759e+02
3.410706000000000131e+02
3.419882999999999811e+02
3.430364999999999895e+02
3.433387500000000045e+02
3.434160499999999843e+02
3.434204500000000166e+02
3.440700499999999806e+02
3.440958999999999719e+02
3.450338499999999726e+02
3.454572000000000003e+02
3.456848499999999831e+02
3.459339499999999816e+02
3.459902000000000157e+02
3.460152499999999804e+02
3.460357000000000198e+02
3.460536000000000172e+02
3.460939500000000066e+02
3.461401000000000181e+02
3.461470499999999788e+02
3.461797000000000253e+02
3.462048500000000217e+02
3.462065499999999929e+02
3.462173000000000229e+02
3.462308499999999754e+02
3.462521499999999719e+02
3.462690499999999929e+02
3.462795499999999720e+02
3.463176000000000272e+02
3.463371000000000208e+02
3.463428000000000111e+02
3.463560499999999820e+02
3.464113500000000272e+02
3.464254999999999995e+02
3.464356000000000222e+02
3.464538499999999885e+02
3.464734000000000265e+02
3.464961999999999875e+02
3.465280500000000075e+02
3.466096999999999753e+02
3.466187499999999773e+02
3.466807000000000016e+02
3.468023000000000025e+02
3.468106000000000222e+02
3.468367499999999950e+02
3.468805500000000279e+02
3.469465999999999894e+02
3.469483999999999924e+02
3.469866999999999848e+02
3.470160999999999945e+02
3.470422500000000241e+02
3.470826999999999884e+02
3.472040000000000077e+02
3.472456999999999994e+02
3.472498499999999808e+02
3.472728999999999928e+02
3.472902000000000271e+02
3.473107499999999845e+02
3.474392500000000155e+02
3.474670499999999720e+02
3.475135999999999967e+02
3.475384500000000116e+02
3.481262500000000273e+02
3.481750999999999863e+02
3.482153500000000008e+02
3.483075000000000045e+02
3.483712499999999750e+02
3.483883000000000152e+02
3.484440999999999917e+02
3.484673999999999978e+02
3.484817499999999768e+02
3.485264000000000237e+02
3.485495500000000106e+02
3.486455000000000268e+02
3.487110500000000002e+02
3.489691500000000133e+02
3.489882499999999936e+02
3.489953499999999735e+02
3.490524500000000216e+02
3.490762500000000159e+02
3.491157999999999788e+02
3.491193000000000097e+02
3.491585499999999911e+02
3.492130999999999972e+02
3.493661000000000172e+02
3.494200999999999908e+02
3.494657500000000141e+02
3.494802000000000248e+02
3.495537499999999795e+02
3.495921500000000037e+02
3.496061000000000263e+02
3.496472999999999729e+02
3.496608499999999822e+02
3.496618000000000279e+02
3.497430499999999824e+02
3.498028499999999781e+02
3.499506499999999960e+02
3.501456000000000017e+02
3.506259000000000015e+02
3.507493999999999801e+02
3.530040500000000065e+02
3.532893500000000131e+02
3.537778999999999883e+02
3.538593999999999937e+02
3.539092499999999859e+02
3.539587500000000091e+02
3.541210500000000252e+02
3.541247999999999934e+02
3.544243000000000166e+02
3.558754999999999882e+02
3.560932500000000118e+02
3.561443499999999744e+02
3.582601500000000101e+02
3.583075999999999794e+02
3.592452499999999986e+02
3.593717500000000200e+02
3.597679499999999848e+02
3.600536500000000046e+02
3.604363500000000045e+02
3.608171500000000265e+02
3.609699499999999830e+02
3.609748999999999910e+02
3.613444499999999948e+02
3.622195500000000266e+02
3.622623500000000263e+02
3.622876999999999725e+02
3.623032499999999914e+02
3.623136000000000081e+02
3.623470500000000243e+02
3.623535499999999843e+02
3.623605000000000018e+02
3.624158499999999776e+02
3.624508500000000026e+02
3.624648500000000126e+02
3.624741000000000213e+02
3.624961999999999875e+02
3.625083000000000197e+02
3.625336500000000228e+02
3.625372499999999718e+02
3.625756000000000085e+02
3.625937000000000126e+02
3.625964500000000044e+02
3.626032000000000153e+02
3.626603499999999940e+02
3.626869500000000244e+02
3.627284500000000094e+02
3.627497500000000059e+02
3.627697999999999752e+02
3.628895499999999856e+02
3.629256500000000187e+02
3.629537000000000262e+02
3.630320500000000266e+02
3.630437999999999761e+02
3.630477000000000203e+02
3.630527999999999906e+02
3.630697499999999991e+02
3.631727500000000077e+02
3.633202999999999747e+02
3.633335000000000150e+02
3.633503499999999917e+02
3.633672500000000127e+02
3.634488000000000056e+02
3.634730999999999881e+02
3.636207999999999743e+02
3.638143999999999778e+02
3.638265000000000100e+02
3.639291499999999928e+02
3.639995000000000118e+02
3.640029499999999985e+02
3.643285999999999945e+02
3.646986499999999864e+02
3.655869000000000142e+02
3.671121999999999730e+02
3.676445499999999811e+02
3.693154999999999859e+02
3.699857999999999834e+02
3.713318499999999744e+02
3.713494000000000028e+02
3.717595499999999902e+02
3.721084000000000174e+02
3.729454999999999814e+02
3.733755499999999756e+02
3.734633499999999913e+02
3.734842499999999745e+02
3.734973499999999831e+02
3.735034999999999741e+02
3.735196000000000254e+02
3.735382500000000050e+02
3.735614499999999794e+02
3.735821500000000128e+02
3.736039499999999975e+02
3.736224500000000148e+02
3.736245999999999867e+02
3.736268999999999778e+02
3.737035999999999945e+02
3.737327000000000226e+02
3.737586499999999887e+02
3.737719000000000165e+02
3.738225499999999784e+02
3.738249000000000137e+02
3.738509500000000116e+02
3.739246499999999855e+02
3.739272000000000276e+02
3.739995999999999867e+02
3.740134499999999775e+02
3.740729999999999791e+02
3.740894499999999994e+02
3.741347499999999968e+02
3.741557500000000118e+02
3.742259000000000242e+02
3.743188000000000102e+02
3.743919000000000210e+02
3.744276500000000283e+02
3.744909999999999854e+02
3.744945999999999913e+02
3.745249000000000024e+02
3.745292499999999905e+02
3.745309500000000185e+02
3.746023999999999887e+02
3.746551000000000045e+02
3.746570500000000266e+02
3.746884000000000015e+02
3.747384500000000003e+02
3.747417500000000246e+02
3.748254000000000019e+02
3.748514000000000124e+02
3.749282000000000039e+02
3.750631000000000199e+02
3.750919000000000096e+02
3.751893000000000029e+02
3.752092499999999973e+02
3.752316000000000145e+02
3.754733499999999822e+02
3.755122499999999945e+02
3.755924999999999727e+02
3.760903999999999883e+02
3.766132499999999936e+02
3.767164000000000215e+02
3.767389999999999759e+02
3.785860000000000127e+02
3.790362999999999829e+02
3.799929999999999950e+02
3.809668500000000222e+02
3.817833999999999719e+02
3.818891499999999724e+02
3.829601499999999987e+02
3.841462999999999965e+02
3.841519499999999994e+02
3.850347499999999741e+02
3.856664499999999975e+02
3.862359500000000025e+02
3.863089499999999816e+02
3.869372999999999934e+02
3.871355500000000234e+02
3.876879999999999882e+02
3.879816500000000019e+02
3.887112000000000194e+02
3.898540499999999724e+02
3.898935500000000047e+02
3.904182000000000130e+02
3.935460499999999797e+02
3.936643000000000256e+02
3.936681500000000256e+02
3.946854500000000030e+02
3.953944999999999936e+02
3.984488499999999931e+02
3.985251000000000090e+02
3.987156499999999824e+02
3.988087499999999750e+02
3.989542500000000018e+02
3.990390499999999747e+02
3.991659500000000094e+02
3.994916999999999803e+02
3.995952500000000214e+02
3.995994499999999903e+02
4.006167500000000246e+02
4.012332499999999982e+02
4.014145500000000197e+02
4.029526500000000055e+02
4.029791000000000167e+02
4.031322499999999991e+02
4.032597000000000094e+02
4.036135499999999752e+02
4.040969499999999925e+02
4.043304499999999848e+02
4.049110499999999888e+02
4.070106999999999857e+02
4.072262000000000057e+02
4.073952499999999759e+02
4.074291499999999928e+02
4.074532500000000255e+02
4.074662500000000023e+02
4.074755499999999984e+02
4.075190999999999804e+02
4.075323999999999955e+02
4.075361500000000206e+02
4.075606999999999971e+02
4.076157000000000039e+02
4.076977499999999850e+02
4.077282999999999902e+02
4.079360500000000229e+02
4.079864000000000033e+02
4.080299499999999853e+02
4.080691499999999792e+02
4.080863499999999817e+02
4.080925500000000170e+02
4.081034000000000219e+02
4.081531499999999824e+02
4.082380999999999744e+02
4.083822000000000116e+02
4.083969999999999914e+02
4.084309000000000083e+02
4.084581000000000017e+02
4.085430499999999938e+02
4.085998500000000035e+02
4.086009000000000242e+02
4.086390499999999975e+02
4.086451000000000136e+02
4.086943999999999733e+02
4.087257500000000050e+02
4.087911500000000160e+02
4.087964499999999930e+02
4.088247499999999945e+02
4.088797999999999888e+02
4.089427499999999895e+02
4.094424500000000080e+02
4.094941999999999780e+02
4.096628999999999792e+02
4.097803499999999985e+02
4.102238500000000272e+02
4.135975500000000125e+02
4.141424499999999966e+02
4.142653999999999996e+02
4.142674000000000092e+02
4.159014000000000237e+02
4.160378000000000043e+02
4.160846999999999980e+02
4.161507500000000164e+02
4.161764000000000010e+02
4.162153500000000008e+02
4.162764999999999986e+02
4.163123499999999808e+02
4.163351000000000113e+02
4.164178499999999872e+02
4.164388999999999896e+02
4.164692499999999882e+02
4.165225500000000238e+02
4.165267999999999802e+02
4.165582499999999868e+02
4.165862000000000194e+02
4.166023500000000013e+02
4.166152000000000157e+02
4.166164499999999862e+02
4.166442999999999870e+02
4.166505999999999972e+02
4.167036499999999819e+02
4.168165999999999940e+02
4.168215999999999894e+02
4.168550500000000056e+02
4.168962000000000216e+02
4.168983999999999810e+02
4.170384999999999991e+02
4.170409000000000219e+02
4.171462500000000091e+02
4.171907499999999800e+02
4.172147499999999809e+02
4.172545499999999947e+02
4.172939499999999953e+02
4.172977000000000203e+02
4.173175499999999829e+02
4.173258500000000026e+02
4.173380000000000223e+02
4.174123500000000035e+02
4.174241000000000099e+02
4.174492500000000064e+02
4.174789999999999850e+02
4.176009500000000116e+02
4.176225999999999772e+02
4.176360999999999990e+02
4.176399000000000115e+02
4.176621999999999844e+02
4.176882499999999823e+02
4.177519500000000221e+02
4.178724000000000274e+02
4.180240000000000009e+02
4.180260000000000105e+02
4.180271500000000060e+02
4.181147000000000276e+02
4.181892000000000280e+02
4.183068999999999846e+02
4.184612500000000068e+02
4.186322499999999991e+02
4.186724500000000262e+02
4.186920999999999822e+02
4.187139500000000112e+02
4.188023000000000025e+02
4.188231000000000108e+02
4.188476999999999748e+02
4.188817999999999984e+02
4.189301500000000260e+02
4.189664999999999964e+02
4.191736999999999966e+02
4.191983000000000175e+02
4.194050500000000170e+02
4.198444999999999823e+02
4.217961500000000115e+02
4.218484000000000265e+02
4.221931999999999903e+02
4.237647999999999797e+02
4.244757999999999925e+02
4.245448000000000093e+02
4.245458499999999731e+02
4.245840999999999781e+02
4.245858499999999935e+02
4.251519499999999994e+02
4.258527500000000146e+02
4.268244500000000130e+02
4.299375999999999749e+02
4.312305000000000064e+02
4.329094999999999800e+02
4.330876499999999965e+02
4.343121499999999742e+02
4.343164499999999748e+02
4.344616500000000201e+02
4.345108999999999924e+02
4.352669999999999959e+02
4.353045000000000186e+02
4.357043499999999767e+02
4.397182500000000118e+02
4.400566000000000031e+02
4.419624999999999773e+02
4.451494999999999891e+02
4.455634499999999889e+02
4.458394000000000119e+02
4.463826999999999998e+02
4.466219500000000266e+02
4.466675500000000056e+02
4.468179000000000087e+02
4.470064499999999725e+02
4.470129000000000019e+02
4.471234499999999912e+02
4.475225500000000238e+02
4.483170999999999822e+02
4.483836499999999887e+02
4.504247500000000173e+02
4.510643499999999904e+02
4.510797999999999774e+02
4.514630000000000223e+02
4.514719499999999925e+02
4.515402000000000271e+02
4.515422500000000241e+02
4.523450000000000273e+02
4.534134500000000116e+02
4.540975999999999999e+02
4.543546999999999798e+02
4.570044500000000198e+02
4.587918999999999983e+02
4.647946999999999775e+02
4.671467999999999847e+02
4.673691499999999905e+02
4.680244500000000016e+02
4.680538999999999987e+02
4.680689499999999725e+02
4.690432999999999879e+02
4.695394000000000005e+02
4.706831000000000245e+02
4.707021500000000174e+02
4.707067999999999870e+02
4.714162499999999909e+02
4.721575500000000147e+02
4.737031000000000063e+02
4.737970500000000129e+02
4.743327499999999759e+02
4.743940499999999929e+02
4.781381000000000085e+02
4.794759500000000116e+02
4.795835500000000025e+02
4.797848999999999933e+02
4.797966999999999871e+02
4.798030999999999722e+02
4.798607000000000085e+02
4.799049999999999727e+02
4.799784500000000094e+02
4.800171000000000276e+02
4.800339999999999918e+02
4.800443999999999960e+02
4.800579000000000178e+02
4.800919000000000096e+02
4.801226500000000215e+02
4.801256000000000199e+02
4.803176000000000272e+02
4.803356499999999869e+02
4.803367999999999824e+02
4.803455999999999904e+02
4.803489000000000146e+02
4.803752000000000066e+02
4.803901500000000055e+02
4.804155000000000086e+02
4.804409999999999741e+02
4.805652000000000044e+02
4.805930999999999926e+02
4.806400499999999738e+02
4.807755999999999972e+02
4.809938999999999965e+02
4.810239000000000260e+02
4.813333999999999833e+02
4.813369500000000016e+02
4.813492499999999836e+02
4.813525500000000079e+02
4.813577500000000100e+02
4.814032000000000266e+02
4.815847999999999729e+02
4.816213999999999942e+02
4.816926500000000146e+02
4.817072000000000003e+02
4.817242499999999836e+02
4.817271999999999821e+02
4.817563000000000102e+02
4.820697499999999991e+02
4.821585999999999785e+02
4.822731499999999869e+02
4.822768500000000245e+02
4.823464999999999918e+02
4.827034499999999753e+02
4.827167999999999779e+02
4.829252000000000180e+02
4.832520999999999844e+02
4.832802500000000236e+02
4.833978999999999928e+02
4.838904499999999871e+02
4.853186499999999910e+02
4.853967000000000098e+02
4.887810999999999808e+02
4.889225500000000011e+02
4.889630999999999972e+02
4.893842000000000212e+02
4.896798499999999876e+02
4.911909499999999866e+02
4.923711999999999875e+02
4.924279500000000098e+02
4.925254499999999780e+02
4.931070500000000152e+02
4.933417000000000030e+02
4.933818499999999858e+02
4.956174500000000194e+02
4.958772999999999911e+02
4.984203999999999724e+02
4.985079999999999814e+02
4.985815499999999929e+02
4.985896000000000186e+02
4.986166499999999928e+02
4.988745000000000118e+02
4.988833500000000072e+02
4.996172500000000127e+02
4.997418499999999995e+02
4.998612499999999841e+02
5.001485999999999876e+02
5.002090999999999781e+02
5.003374999999999773e+02
5.004329999999999927e+02
5.009940500000000156e+02
5.009960500000000252e+02
5.011064499999999953e+02
5.018674500000000194e+02
5.022726000000000113e+02
5.023768999999999778e+02
5.024153000000000020e+02
5.024660999999999831e+02
5.024749499999999784e+02
5.029974000000000274e+02
5.030181499999999915e+02
5.046155499999999847e+02
5.046573500000000081e+02
5.047112000000000194e+02
5.047794000000000096e+02
5.048152499999999918e+02
5.048301000000000158e+02
5.048326999999999884e+02
5.048351499999999987e+02
5.048377500000000282e+02
5.050151999999999930e+02
5.050539499999999862e+02
5.051077500000000100e+02
5.051880499999999756e+02
5.052409000000000106e+02
5.052591499999999769e+02
5.053145499999999970e+02
5.053341500000000224e+02
5.055088999999999828e+02
5.069558499999999981e+02
5.072678999999999974e+02
5.083262500000000159e+02
5.104257999999999811e+02
5.123626500000000306e+02
5.125945000000000391e+02
5.145858500000000504e+02
5.152425500000000511e+02
5.157650499999999738e+02
5.157797500000000355e+02
5.159090999999999667e+02
5.159676500000000487e+02
5.194827500000000100e+02
5.197667500000000018e+02
5.206989499999999680e+02
5.208387000000000171e+02
5.221997499999999945e+02
5.230933999999999742e+02
5.240158000000000129e+02
5.241281000000000176e+02
5.241346499999999651e+02
5.241788999999999987e+02
5.243866500000000315e+02
5.247364000000000033e+02
5.255548000000000002e+02
5.259964499999999816e+02
5.279606999999999744e+02
5.296307500000000346e+02
5.296356500000000551e+02
5.296390000000000100e+02
5.297074999999999818e+02
5.298918999999999642e+02
5.298964999999999463e+02
5.299022499999999809e+02
5.299053999999999860e+02
5.299251500000000306e+02
5.299538499999999885e+02
5.299556499999999915e+02
5.299576499999999442e+02
5.299670499999999720e+02
5.300058500000000095e+02
5.301039500000000544e+02
5.301065499999999702e+02
5.305448000000000093e+02
5.316766000000000076e+02
5.326240999999999985e+02
5.332146999999999935e+02
5.344538000000000011e+02
5.344820999999999458e+02
5.351431000000000040e+02
5.352960500000000366e+02
5.352989000000000033e+02
5.370008500000000140e+02
5.370078499999999622e+02
5.370112500000000182e+02
5.370527499999999463e+02
5.394623500000000149e+02
5.400197500000000446e+02
5.401239500000000362e+02
5.401443500000000313e+02
5.401511500000000296e+02
5.401941000000000486e+02
5.402528499999999667e+02
5.403107999999999720e+02
5.403437000000000126e+02
5.404034500000000207e+02
5.405430999999999813e+02
5.407340000000000373e+02
5.407958999999999605e+02
5.408043000000000120e+02
5.408591999999999871e+02
5.409151000000000522e+02
5.411934999999999718e+02
5.413858999999999924e+02
5.416404499999999871e+02
5.416556500000000369e+02
5.417021999999999480e+02
5.417038499999999885e+02
5.417481999999999971e+02
5.417503500000000258e+02
5.418993000000000393e+02
5.419126499999999851e+02
5.425188500000000431e+02
5.425226999999999862e+02
5.426272000000000162e+02
5.428096500000000333e+02
5.428578999999999724e+02
5.429034500000000207e+02
5.431403500000000122e+02
5.431835499999999683e+02
5.435072999999999865e+02
5.435143500000000358e+02
5.436108000000000402e+02
5.438092500000000200e+02
5.441449000000000069e+02
5.443043000000000120e+02
5.443719499999999698e+02
5.443732999999999720e+02
5.443867000000000189e+02
5.450727500000000418e+02
5.451195500000000038e+02
5.453766500000000406e+02
5.457698500000000195e+02
5.461825000000000045e+02
5.464281999999999471e+02
5.464551000000000158e+02
5.464663500000000340e+02
5.468799999999999955e+02
5.474879499999999553e+02
5.512022500000000491e+02
5.522227500000000191e+02
5.523383999999999787e+02
5.525555000000000518e+02
5.526975499999999784e+02
5.530678500000000213e+02
5.534668000000000347e+02
5.536240999999999985e+02
5.536865000000000236e+02
5.537562500000000227e+02
5.537828500000000531e+02
5.538614000000000033e+02
5.539464000000000397e+02
5.539531500000000506e+02
5.543395000000000437e+02
5.549176499999999805e+02
5.571274499999999534e+02
5.574565999999999804e+02
5.584792999999999665e+02
5.593959999999999582e+02
5.593990000000000009e+02
5.595475500000000011e+02
5.599258499999999685e+02
5.600417999999999665e+02
5.601176000000000386e+02
5.602074000000000069e+02
5.603700499999999920e+02
5.618980999999999995e+02
5.644157500000000027e+02
5.645984999999999445e+02
5.648961500000000342e+02
5.649334499999999935e+02
5.649402000000000044e+02
5.649916500000000497e+02
5.651440000000000055e+02
5.651813499999999522e+02
5.651951999999999998e+02
5.652758999999999787e+02
5.653018499999999449e+02
5.653753000000000384e+02
5.653839500000000271e+02
5.654982999999999720e+02
5.661511500000000296e+02
5.661801000000000386e+02
5.664083000000000538e+02
5.664324000000000296e+02
5.668608000000000402e+02
5.668626500000000306e+02
5.672149500000000444e+02
5.675419500000000426e+02
5.689168499999999540e+02
5.716019499999999880e+02
5.716311500000000478e+02
