7.590600000000000236e+00
7.999299999999999855e+00
8.022700000000000387e+00
8.086050000000000182e+00
8.331099999999999284e+00
8.360300000000000509e+00
8.364100000000000534e+00
8.369749999999999801e+00
8.410999999999999588e+00
8.473900000000000432e+00
8.477249999999999730e+00
8.620900000000000674e+00
8.623649999999999594e+00
8.846750000000000114e+00
8.850550000000000139e+00
8.853249999999999176e+00
8.855150000000000077e+00
8.856249999999999289e+00
8.939000000000000057e+00
8.942050000000000054e+00
9.288850000000000051e+00
9.444950000000000401e+00
9.448349999999999582e+00
9.514350000000000307e+00
9.515499999999999403e+00
9.519800000000000040e+00
9.755900000000000460e+00
9.788650000000000517e+00
9.818500000000000227e+00
9.821699999999999875e+00
1.030109999999999992e+01
1.058595000000000041e+01
1.116039999999999921e+01
1.148729999999999940e+01
1.176580000000000048e+01
1.215649999999999942e+01
1.225420000000000087e+01
1.233535000000000004e+01
1.237775000000000070e+01
1.241210000000000058e+01
1.303359999999999985e+01
1.305485000000000007e+01
1.347369999999999912e+01
1.349424999999999919e+01
1.376544999999999952e+01
1.386449999999999960e+01
1.460340000000000060e+01
1.553810000000000002e+01
1.558174999999999955e+01
1.564024999999999999e+01
1.568604999999999983e+01
1.673754999999999882e+01
1.685095000000000098e+01
1.798479999999999990e+01
1.839124999999999943e+01
1.909890000000000043e+01
1.911005000000000109e+01
1.916764999999999830e+01
1.989460000000000051e+01
2.019989999999999952e+01
2.045439999999999969e+01
2.045720000000000027e+01
2.055975000000000108e+01
2.069754999999999967e+01
2.081330000000000169e+01
2.083770000000000167e+01
2.086820000000000164e+01
2.098385000000000034e+01
2.113810000000000144e+01
2.119269999999999854e+01
2.185439999999999827e+01
2.186210000000000164e+01
2.204990000000000094e+01
2.264335000000000164e+01
2.291209999999999880e+01
2.315210000000000079e+01
2.335579999999999856e+01
2.345054999999999978e+01
2.375609999999999999e+01
2.378575000000000017e+01
2.400124999999999886e+01
2.531250000000000000e+01
2.536909999999999954e+01
2.547810000000000130e+01
2.548100000000000165e+01
2.590615000000000023e+01
2.622704999999999842e+01
2.675414999999999921e+01
2.675690000000000168e+01
2.676000000000000156e+01
2.685979999999999990e+01
2.700454999999999828e+01
2.701344999999999885e+01
2.701780000000000115e+01
2.704834999999999923e+01
2.783804999999999907e+01
2.864989999999999881e+01
2.872269999999999968e+01
2.970489999999999853e+01
3.027159999999999940e+01
3.028105000000000047e+01
3.120870000000000033e+01
3.185535000000000139e+01
3.186100000000000065e+01
3.187950000000000017e+01
3.193055000000000021e+01
3.235979999999999990e+01
3.258424999999999727e+01
3.258760000000000190e+01
3.346544999999999703e+01
3.431584999999999752e+01
3.478759999999999764e+01
3.479064999999999941e+01
3.486769999999999925e+01
3.513555000000000206e+01
3.513935000000000031e+01
3.546264999999999645e+01
3.641499999999999915e+01
3.712680000000000291e+01
3.714744999999999919e+01
3.831304999999999694e+01
3.832119999999999749e+01
3.834300000000000352e+01
3.844010000000000105e+01
3.844794999999999874e+01
3.880205000000000126e+01
3.925444999999999851e+01
3.926774999999999949e+01
3.979594999999999771e+01
4.005794999999999817e+01
4.005930000000000035e+01
4.008200000000000074e+01
4.156555000000000177e+01
4.156875000000000142e+01
4.179525000000000290e+01
4.180494999999999806e+01
4.182220000000000226e+01
4.209100000000000108e+01
4.240605000000000047e+01
4.285490000000000066e+01
4.298035000000000139e+01
4.298434999999999917e+01
4.300390000000000157e+01
4.303580000000000183e+01
4.372270000000000323e+01
4.372625000000000028e+01
4.382350000000000279e+01
4.408285000000000053e+01
4.410855000000000103e+01
4.413439999999999941e+01
4.506474999999999653e+01
4.535464999999999947e+01
4.647339999999999804e+01
4.647794999999999987e+01
4.667295000000000016e+01
4.711760000000000304e+01
4.760965000000000202e+01
4.762069999999999936e+01
4.809675000000000011e+01
4.856645000000000323e+01
4.892210000000000036e+01
4.896509999999999962e+01
4.897144999999999726e+01
4.966749999999999687e+01
4.990030000000000143e+01
5.008089999999999975e+01
5.064224999999999710e+01
5.072180000000000177e+01
5.072310000000000230e+01
5.075074999999999648e+01
5.127060000000000173e+01
5.132750000000000057e+01
5.148349999999999937e+01
5.153070000000000306e+01
5.256784999999999997e+01
5.266940000000000310e+01
5.306304999999999694e+01
5.330250000000000199e+01
5.336554999999999893e+01
5.410529999999999973e+01
5.410764999999999958e+01
5.411064999999999969e+01
5.415174999999999983e+01
5.444919999999999760e+01
5.460094999999999743e+01
5.487360000000000326e+01
5.487715000000000032e+01
5.490429999999999922e+01
5.490829999999999700e+01
5.549445000000000050e+01
5.550979999999999848e+01
5.565724999999999767e+01
5.575124999999999886e+01
5.595765000000000100e+01
5.598114999999999952e+01
5.614645000000000152e+01
5.639600000000000080e+01
5.659749999999999659e+01
5.660029999999999717e+01
5.699354999999999905e+01
5.712630000000000052e+01
5.724674999999999869e+01
5.777315000000000111e+01
5.777640000000000242e+01
5.779025000000000034e+01
5.780030000000000001e+01
5.780335000000000178e+01
5.790955000000000297e+01
5.848740000000000094e+01
5.871329999999999671e+01
5.875654999999999717e+01
5.907874999999999943e+01
5.942445000000000022e+01
5.976744999999999663e+01
5.980725000000000335e+01
6.015885000000000105e+01
6.016190000000000282e+01
6.017045000000000243e+01
6.018650000000000233e+01
6.087975000000000136e+01
6.093144999999999811e+01
6.094050000000000011e+01
6.125804999999999723e+01
6.131430000000000291e+01
6.131770000000000209e+01
6.153244999999999720e+01
6.160510000000000019e+01
6.179930000000000234e+01
6.188589999999999947e+01
6.190704999999999814e+01
6.195530000000000115e+01
6.223449999999999704e+01
6.249949999999999761e+01
6.270199999999999818e+01
6.274830000000000041e+01
6.285464999999999947e+01
6.291290000000000049e+01
6.295754999999999768e+01
6.303620000000000090e+01
6.312800000000000011e+01
6.317029999999999745e+01
6.324354999999999905e+01
6.325665000000000049e+01
6.327955000000000041e+01
6.338304999999999723e+01
6.338864999999999839e+01
6.350710000000000122e+01
6.357880000000000109e+01
6.358149999999999835e+01
6.361574999999999847e+01
6.382419999999999760e+01
6.382620000000000005e+01
6.382860000000000156e+01
6.385184999999999889e+01
6.385705000000000098e+01
6.385940000000000083e+01
6.389885000000000304e+01
6.392439999999999856e+01
6.402169999999999561e+01
6.416594999999999516e+01
6.440945000000000675e+01
6.444544999999999391e+01
6.445199999999999818e+01
6.450690000000000168e+01
6.454035000000000366e+01
6.455185000000000173e+01
6.459744999999999493e+01
6.463665000000000305e+01
6.465874999999999773e+01
6.466200000000000614e+01
6.487215000000000487e+01
6.507429999999999382e+01
6.518214999999999293e+01
6.522365000000000634e+01
6.544105000000000416e+01
6.547129999999999939e+01
6.553379999999999939e+01
6.569355000000000189e+01
6.581040000000000134e+01
6.583039999999999736e+01
6.590595000000000425e+01
6.601205000000000211e+01
6.613439999999999941e+01
6.617879999999999541e+01
6.625034999999999741e+01
6.642024999999999579e+01
6.672360000000000468e+01
6.679680000000000462e+01
6.692579999999999529e+01
6.702519999999999811e+01
6.728515000000000157e+01
6.734024999999999750e+01
6.792430000000000234e+01
6.825339999999999918e+01
6.825879999999999370e+01
6.839180000000000348e+01
6.865845000000000198e+01
6.892149999999999466e+01
6.917295000000000016e+01
6.936969999999999459e+01
6.950664999999999338e+01
6.971550000000000580e+01
6.976080000000000325e+01
7.019735000000000014e+01
7.025060000000000571e+01
7.026515000000000555e+01
7.033124999999999716e+01
7.035420000000000584e+01
7.035665000000000191e+01
7.044724999999999682e+01
7.047844999999999516e+01
7.057349999999999568e+01
7.087815000000000509e+01
7.109669999999999845e+01
7.112669999999999959e+01
7.113994999999999891e+01
7.146439999999999770e+01
7.147005000000000052e+01
7.155464999999999520e+01
7.165609999999999502e+01
7.263044999999999618e+01
7.305119999999999436e+01
7.362000000000000455e+01
7.362699999999999534e+01
7.366320000000000334e+01
7.369889999999999475e+01
7.381159999999999854e+01
7.405299999999999727e+01
7.428929999999999723e+01
7.472860000000000014e+01
7.477424999999999500e+01
7.489974999999999739e+01
7.497145000000000437e+01
7.501295000000000357e+01
7.514060000000000628e+01
7.520924999999999727e+01
7.522299999999999898e+01
7.539045000000000130e+01
7.564724999999999966e+01
7.805164999999999509e+01
7.857994999999999663e+01
7.875469999999999970e+01
7.936010000000000275e+01
7.957959999999999923e+01
7.958839999999999293e+01
7.988859999999999673e+01
7.989275000000000659e+01
8.055615000000000236e+01
8.058754999999999313e+01
8.122235000000000582e+01
8.142789999999999395e+01
8.143404999999999916e+01
8.185705000000000098e+01
8.286384999999999934e+01
8.294185000000000230e+01
8.359969999999999857e+01
8.408844999999999459e+01
8.437489999999999668e+01
8.463100000000000023e+01
8.463739999999999952e+01
8.472690000000000055e+01
8.474200000000000443e+01
8.474474999999999625e+01
8.474830000000000041e+01
8.478555000000000064e+01
8.478884999999999650e+01
8.479335000000000377e+01
8.507680000000000575e+01
8.531485000000000696e+01
8.584879999999999711e+01
8.913890000000000668e+01
8.914459999999999695e+01
8.933984999999999843e+01
9.008015000000000327e+01
9.039459999999999695e+01
9.114249999999999829e+01
9.116044999999999732e+01
9.166885000000000616e+01
9.176014999999999588e+01
9.244429999999999836e+01
9.245210000000000150e+01
9.311939999999999884e+01
9.357340000000000657e+01
9.361159999999999570e+01
9.364055000000000462e+01
9.364839999999999520e+01
9.565949999999999420e+01
9.573850000000000193e+01
9.658509999999999707e+01
9.694289999999999452e+01
9.695399999999999352e+01
9.782299999999999329e+01
9.786029999999999518e+01
9.804460000000000264e+01
9.804779999999999518e+01
9.806159999999999854e+01
9.845470000000000255e+01
9.845714999999999861e+01
9.846020000000000039e+01
9.846354999999999791e+01
9.847599999999999909e+01
9.848935000000000173e+01
9.849314999999999998e+01
9.903964999999999463e+01
9.906005000000000393e+01
9.906435000000000457e+01
9.929685000000000628e+01
9.930379999999999541e+01
9.934900000000000375e+01
9.975194999999999368e+01
1.001944500000000033e+02
1.006945500000000067e+02
1.007977000000000061e+02
1.013123999999999967e+02
1.013981500000000011e+02
1.016599999999999966e+02
1.023425000000000011e+02
1.023851999999999975e+02
1.025114499999999964e+02
1.030317500000000024e+02
1.030347000000000008e+02
1.030382000000000033e+02
1.031151499999999999e+02
1.034592499999999973e+02
1.034626999999999981e+02
1.034673499999999962e+02
1.039281500000000023e+02
1.039420499999999947e+02
1.039926499999999976e+02
1.039960999999999984e+02
1.040699000000000041e+02
1.044108999999999980e+02
1.048247000000000071e+02
1.051453000000000060e+02
1.052719000000000023e+02
1.053971499999999963e+02
1.055106999999999999e+02
1.057409499999999980e+02
1.058634500000000003e+02
1.061889000000000038e+02
1.069422500000000014e+02
1.069506999999999977e+02
1.069637500000000045e+02
1.074399499999999961e+02
1.086997000000000071e+02
1.087572499999999991e+02
1.087690000000000055e+02
1.087738499999999959e+02
1.087759499999999946e+02
1.088185500000000019e+02
1.089377499999999941e+02
1.091039499999999975e+02
1.098429000000000002e+02
1.098520999999999930e+02
1.098650999999999982e+02
1.099671000000000021e+02
1.099822499999999934e+02
1.107270000000000039e+02
1.108783999999999992e+02
1.109855500000000035e+02
1.110316499999999991e+02
1.111470999999999947e+02
1.111606500000000040e+02
1.111718500000000063e+02
1.115085499999999996e+02
1.116434500000000014e+02
1.116457999999999942e+02
1.117820499999999981e+02
1.120485500000000059e+02
1.124378999999999991e+02
1.124745999999999952e+02
1.126307500000000061e+02
1.126930499999999995e+02
1.127449500000000029e+02
1.131709500000000048e+02
1.135243499999999983e+02
1.137304500000000047e+02
1.140179499999999990e+02
1.140285499999999956e+02
1.141452500000000043e+02
1.142542499999999990e+02
1.152065999999999946e+02
1.155479500000000002e+02
1.161908999999999992e+02
1.171788499999999971e+02
1.171867500000000035e+02
1.172244000000000028e+02
1.174778000000000020e+02
1.175369000000000028e+02
1.178063999999999965e+02
1.178414999999999964e+02
1.179040499999999980e+02
1.179727500000000049e+02
1.179859500000000025e+02
1.180449500000000000e+02
1.180608000000000004e+02
1.181354000000000042e+02
1.182700499999999977e+02
1.186073999999999984e+02
1.187075499999999977e+02
1.188128999999999991e+02
1.197023499999999956e+02
1.197409499999999980e+02
1.197440500000000014e+02
1.200008499999999998e+02
1.200991999999999962e+02
1.202767000000000053e+02
1.202958500000000015e+02
1.203599999999999994e+02
1.206586499999999944e+02
1.212795500000000004e+02
1.213978000000000037e+02
1.214794499999999999e+02
1.218085499999999968e+02
1.219955499999999944e+02
1.221020500000000055e+02
1.227042000000000002e+02
1.234009999999999962e+02
1.235839500000000015e+02
1.237827499999999930e+02
1.238083000000000027e+02
1.238574500000000000e+02
1.239166000000000025e+02
1.239906500000000023e+02
1.244386999999999972e+02
1.244756500000000017e+02
1.246932999999999936e+02
1.247737999999999943e+02
1.248446500000000015e+02
1.248713000000000051e+02
1.248770999999999987e+02
1.249414500000000032e+02
1.249778000000000020e+02
1.250838499999999982e+02
1.251649000000000029e+02
1.253054499999999933e+02
1.255276999999999958e+02
1.263747500000000059e+02
1.271208000000000027e+02
1.271569499999999948e+02
1.273488499999999988e+02
1.273546500000000066e+02
1.275168000000000035e+02
1.277007499999999993e+02
1.281705499999999915e+02
1.282008500000000026e+02
1.285782000000000096e+02
1.286457499999999925e+02
1.287404999999999973e+02
1.290483499999999992e+02
1.293437500000000000e+02
1.298224999999999909e+02
1.301990999999999872e+02
1.302172500000000070e+02
1.306432000000000073e+02
1.306465499999999906e+02
1.306955000000000098e+02
1.308444499999999948e+02
1.308646500000000117e+02
1.312210499999999911e+02
1.312294500000000141e+02
1.313239000000000090e+02
1.316744999999999948e+02
1.320235500000000002e+02
1.331995499999999879e+02
1.340178500000000099e+02
1.340214499999999873e+02
1.340824499999999944e+02
1.341631500000000017e+02
1.341653000000000020e+02
1.349519500000000107e+02
1.350966500000000110e+02
1.351146500000000117e+02
1.352083499999999958e+02
1.354005999999999972e+02
1.354122500000000002e+02
1.356989000000000090e+02
1.357972499999999911e+02
1.360596500000000049e+02
1.363032499999999914e+02
1.363751000000000033e+02
1.366634500000000116e+02
1.369330999999999960e+02
1.369468999999999994e+02
1.371165499999999895e+02
1.372545000000000073e+02
1.374883499999999970e+02
1.375456000000000074e+02
1.375607500000000130e+02
1.375681999999999903e+02
1.375724500000000035e+02
1.376659999999999968e+02
1.377003499999999860e+02
1.377027500000000089e+02
1.378913000000000011e+02
1.383704500000000053e+02
1.383854000000000042e+02
1.390919000000000096e+02
1.393919500000000085e+02
1.393951500000000010e+02
1.393968500000000006e+02
1.394763000000000090e+02
1.395320499999999981e+02
1.396580500000000029e+02
1.396634999999999991e+02
1.396747000000000014e+02
1.396899500000000103e+02
1.399205499999999915e+02
1.399430000000000121e+02
1.399505499999999927e+02
1.408328500000000076e+02
1.410335499999999911e+02
1.431040999999999883e+02
1.440910000000000082e+02
1.446049500000000023e+02
1.446109999999999900e+02
1.447156999999999982e+02
1.454762000000000057e+02
1.464286500000000046e+02
1.467036999999999978e+02
1.473606000000000051e+02
1.475515499999999918e+02
1.479439000000000135e+02
1.480235999999999876e+02
1.480269999999999868e+02
1.482187500000000000e+02
1.482229000000000099e+02
1.482437500000000057e+02
1.482675500000000000e+02
1.482716499999999940e+02
1.483094000000000108e+02
1.496158499999999947e+02
1.503204499999999939e+02
1.505936000000000092e+02
1.505953499999999963e+02
1.506541499999999871e+02
1.509681500000000085e+02
1.509716999999999985e+02
1.512033999999999878e+02
1.512055000000000007e+02
1.512085500000000025e+02
1.512100000000000080e+02
1.512121999999999957e+02
1.514384499999999889e+02
1.514416999999999973e+02
1.518081500000000119e+02
1.518112999999999886e+02
1.518229499999999916e+02
1.518451499999999896e+02
1.518485000000000014e+02
1.527090499999999906e+02
1.530007500000000107e+02
1.530036499999999933e+02
1.531718999999999937e+02
1.531964000000000112e+02
1.531993500000000097e+02
1.532028999999999996e+02
1.532083000000000084e+02
1.536031999999999869e+02
1.537452000000000112e+02
1.537600999999999942e+02
1.537663000000000011e+02
1.538830000000000098e+02
1.539537500000000136e+02
1.539678000000000111e+02
1.541936499999999910e+02
1.543728499999999997e+02
1.543822000000000116e+02
1.546851000000000056e+02
1.548001999999999896e+02
1.550432999999999879e+02
1.550460999999999956e+02
1.550496500000000140e+02
1.550610000000000070e+02
1.551525499999999909e+02
1.551560499999999934e+02
1.557182999999999993e+02
1.557295499999999890e+02
1.568637500000000102e+02
1.570759999999999934e+02
1.581706000000000074e+02
1.582327999999999975e+02
1.582931499999999971e+02
1.587556500000000028e+02
1.594038500000000056e+02
1.596739499999999907e+02
1.597028500000000122e+02
1.598488499999999988e+02
1.598515500000000031e+02
1.598548000000000116e+02
1.598635500000000036e+02
1.601163500000000113e+02
1.602199999999999989e+02
1.602229000000000099e+02
1.602258500000000083e+02
1.602320499999999868e+02
1.606222999999999956e+02
1.606332500000000039e+02
1.606383999999999901e+02
1.606568000000000040e+02
1.612769000000000119e+02
1.613291499999999985e+02
1.618249500000000012e+02
1.618287500000000136e+02
1.619875499999999988e+02
1.619919500000000028e+02
1.620722499999999968e+02
1.623239499999999964e+02
1.626288000000000125e+02
1.627139500000000112e+02
1.630019000000000062e+02
1.630211500000000058e+02
1.632023000000000081e+02
1.633909500000000037e+02
1.640016999999999996e+02
1.640097499999999968e+02
1.640567499999999939e+02
1.644045500000000004e+02
1.645747499999999945e+02
1.648035999999999888e+02
1.649720499999999959e+02
1.653960999999999899e+02
1.654114999999999895e+02
1.655208000000000084e+02
1.655250000000000057e+02
1.656810000000000116e+02
1.660092500000000086e+02
1.660229500000000087e+02
1.660420000000000016e+02
1.663505499999999984e+02
1.663534500000000094e+02
1.663577500000000100e+02
1.671773499999999899e+02
1.675617499999999893e+02
1.679553500000000099e+02
1.681182000000000016e+02
1.684242000000000132e+02
1.684294500000000028e+02
1.684890000000000043e+02
1.684927000000000135e+02
1.685027499999999918e+02
1.692410000000000139e+02
1.692553499999999929e+02
1.697778500000000008e+02
1.705838999999999999e+02
1.714120499999999936e+02
1.714160500000000127e+02
1.714492999999999938e+02
1.716955000000000098e+02
1.717021499999999889e+02
1.717617999999999938e+02
1.718396500000000060e+02
1.728570499999999868e+02
1.730264999999999986e+02
1.731754999999999995e+02
1.737143499999999960e+02
1.737351999999999919e+02
1.737428500000000042e+02
1.739159500000000094e+02
1.739191500000000019e+02
1.739258499999999970e+02
1.749343000000000075e+02
1.749415999999999940e+02
1.750695499999999925e+02
1.750732500000000016e+02
1.758764500000000055e+02
1.758812000000000069e+02
1.758944500000000062e+02
1.759014500000000112e+02
1.762353999999999985e+02
1.767949999999999875e+02
1.778253499999999860e+02
1.784375499999999874e+02
1.789096499999999992e+02
1.789124999999999943e+02
1.789300499999999943e+02
1.790201999999999884e+02
1.790872999999999990e+02
1.797858999999999980e+02
1.804844500000000096e+02
1.804984499999999912e+02
1.807817000000000007e+02
1.810809999999999889e+02
1.811217499999999916e+02
1.811723499999999945e+02
1.812512000000000114e+02
1.812545499999999947e+02
1.816011499999999899e+02
1.816501000000000090e+02
1.816546500000000037e+02
1.817658999999999878e+02
1.818756500000000074e+02
1.821569000000000074e+02
1.825924500000000137e+02
1.827957499999999982e+02
1.828179499999999962e+02
1.835061499999999910e+02
1.835178999999999974e+02
1.836893000000000029e+02
1.838281000000000063e+02
1.838317999999999870e+02
1.840362000000000080e+02
1.840587500000000034e+02
1.840616499999999860e+02
1.842103999999999928e+02
1.850674999999999955e+02
1.851030000000000086e+02
1.854102000000000032e+02
1.855050500000000113e+02
1.860656999999999925e+02
1.871671499999999924e+02
1.877622000000000071e+02
1.881146500000000117e+02
1.881179500000000075e+02
1.886775499999999965e+02
1.887918999999999983e+02
1.888059499999999957e+02
1.888789500000000032e+02
1.888813000000000102e+02
1.888845499999999902e+02
1.888888000000000034e+02
1.892493000000000052e+02
1.893900500000000022e+02
1.901055000000000064e+02
1.901098000000000070e+02
1.910315999999999974e+02
1.914781999999999869e+02
1.916304499999999962e+02
1.921097000000000037e+02
1.922548999999999921e+02
1.922586499999999887e+02
1.922622000000000071e+02
1.927072000000000003e+02
1.930331999999999937e+02
1.931869499999999960e+02
1.931903499999999951e+02
1.931937000000000069e+02
1.932313499999999920e+02
1.936216000000000008e+02
1.941647000000000105e+02
1.941680499999999938e+02
1.941773499999999899e+02
1.941889999999999930e+02
1.942016999999999882e+02
1.945127999999999986e+02
1.949555000000000007e+02
1.951208000000000027e+02
1.951251499999999908e+02
1.961650999999999954e+02
1.961834499999999935e+02
1.962363499999999874e+02
1.964570500000000095e+02
1.964605999999999995e+02
1.966329000000000065e+02
1.968283500000000004e+02
1.968314000000000021e+02
1.972613000000000056e+02
1.988193499999999858e+02
1.990851499999999987e+02
1.995806499999999915e+02
1.995840499999999906e+02
1.999110499999999888e+02
1.999148000000000138e+02
1.999205499999999915e+02
1.999527500000000089e+02
2.002549500000000080e+02
2.002712500000000091e+02
2.005398999999999887e+02
2.010963000000000136e+02
2.013112500000000011e+02
2.019929999999999950e+02
2.027639000000000067e+02
2.029521000000000015e+02
2.029603999999999928e+02
2.029626000000000090e+02
2.029901000000000124e+02
2.030535000000000139e+02
2.040558000000000050e+02
2.042204499999999996e+02
2.042332499999999982e+02
2.042379500000000121e+02
2.048712999999999909e+02
2.049708500000000129e+02
2.053508999999999958e+02
2.054938500000000090e+02
2.058959999999999866e+02
2.058999000000000024e+02
2.061981499999999983e+02
2.063565000000000111e+02
2.064961999999999875e+02
2.067709999999999866e+02
2.084248000000000047e+02
2.084450999999999965e+02
2.084485500000000116e+02
2.084518500000000074e+02
2.089746499999999969e+02
2.093049000000000035e+02
2.098170499999999947e+02
2.100004500000000007e+02
2.106155500000000131e+02
2.106179999999999950e+02
2.106233499999999879e+02
2.109533500000000004e+02
2.111177000000000135e+02
2.111210499999999968e+02
2.111256999999999948e+02
2.112037500000000136e+02
2.112404999999999973e+02
2.115092500000000086e+02
2.115338000000000136e+02
2.115776500000000055e+02
2.116230999999999938e+02
2.116627499999999884e+02
2.116916999999999973e+02
2.120925499999999886e+02
2.120991500000000087e+02
2.121177000000000135e+02
2.121273500000000070e+02
2.121314999999999884e+02
2.125207000000000050e+02
2.125305500000000052e+02
2.126017500000000098e+02
2.126372499999999945e+02
2.126399000000000115e+02
2.128289499999999919e+02
2.132949999999999875e+02
2.136418500000000051e+02
2.146527000000000100e+02
2.148462000000000103e+02
2.148495499999999936e+02
2.150997999999999877e+02
2.151314000000000135e+02
2.157131500000000131e+02
2.158305499999999881e+02
2.158338999999999999e+02
2.158420000000000130e+02
2.159764000000000124e+02
2.159799500000000023e+02
2.161610000000000014e+02
2.161879500000000007e+02
2.162545000000000073e+02
2.164580499999999859e+02
2.167417499999999961e+02
2.167459000000000060e+02
2.167545499999999947e+02
2.167872000000000128e+02
2.168144000000000062e+02
2.168173500000000047e+02
2.168276500000000055e+02
2.169163000000000068e+02
2.171896500000000003e+02
2.173851500000000101e+02
2.174045999999999879e+02
2.175607500000000130e+02
2.175820999999999970e+02
2.176834000000000060e+02
2.176869499999999960e+02
2.181983500000000049e+02
2.182499500000000126e+02
2.182605000000000075e+02
2.182635999999999967e+02
2.182678500000000099e+02
2.184381999999999948e+02
2.188967000000000098e+02
2.192985999999999933e+02
2.197092499999999973e+02
2.197746500000000083e+02
2.200525499999999965e+02
2.207317999999999927e+02
2.208746999999999900e+02
2.209910500000000013e+02
2.215211500000000058e+02
2.218485499999999888e+02
2.219255499999999870e+02
2.221015500000000031e+02
2.221507000000000005e+02
2.222274500000000046e+02
2.222660999999999945e+02
2.222698499999999910e+02
2.222810499999999934e+02
2.225943000000000040e+02
2.226187999999999931e+02
2.226362000000000023e+02
2.231628499999999917e+02
2.235736499999999864e+02
2.235934000000000026e+02
2.236363000000000056e+02
2.236564500000000066e+02
2.236590500000000077e+02
2.236615999999999929e+02
2.236653000000000020e+02
2.238240499999999997e+02
2.243333499999999958e+02
2.249200500000000034e+02
2.249238000000000000e+02
2.251623999999999910e+02
2.252770500000000027e+02
2.253660999999999888e+02
2.253704999999999927e+02
2.253856499999999983e+02
2.253923499999999933e+02
2.255706500000000005e+02
2.256124000000000080e+02
2.256340999999999894e+02
2.261650999999999954e+02
2.262598500000000001e+02
2.262627500000000111e+02
2.262666499999999985e+02
2.264380999999999915e+02
2.264770499999999913e+02
2.264801500000000090e+02
2.266419999999999959e+02
2.268740500000000111e+02
2.268772999999999911e+02
2.268822000000000116e+02
2.269590499999999906e+02
2.273302999999999940e+02
2.274885500000000036e+02
2.274918999999999869e+02
2.274972500000000082e+02
2.276340999999999894e+02
2.276709999999999923e+02
2.276743500000000040e+02
2.276785999999999888e+02
2.283079999999999927e+02
2.283121999999999900e+02
2.285848000000000013e+02
2.287846499999999992e+02
2.291654499999999928e+02
2.294473000000000127e+02
2.294500999999999920e+02
2.294832499999999982e+02
2.298865499999999997e+02
2.298893500000000074e+02
2.298919999999999959e+02
2.298954500000000110e+02
2.299019999999999868e+02
2.299056500000000085e+02
2.301235000000000070e+02
2.301300500000000113e+02
2.305566499999999905e+02
2.305596500000000049e+02
2.305631500000000074e+02
2.311203500000000020e+02
2.314189000000000078e+02
2.315416999999999916e+02
2.315473000000000070e+02
2.315510999999999910e+02
2.315528999999999940e+02
2.316375500000000045e+02
2.316396000000000015e+02
2.317784000000000049e+02
2.318295999999999992e+02
2.323863499999999931e+02
2.326624999999999943e+02
2.327379999999999995e+02
2.328183999999999969e+02
2.328213499999999954e+02
2.328244500000000130e+02
2.332415499999999895e+02
2.332606000000000108e+02
2.332714499999999873e+02
2.335033999999999992e+02
2.335518999999999892e+02
2.335629999999999882e+02
2.335661499999999933e+02
2.335699500000000057e+02
2.336194000000000131e+02
2.339802999999999997e+02
2.340054499999999962e+02
2.340179500000000132e+02
2.340534499999999980e+02
2.341184000000000083e+02
2.342809499999999900e+02
2.342838000000000136e+02
2.342866500000000087e+02
2.343035999999999888e+02
2.344536500000000103e+02
2.344563499999999863e+02
2.345821500000000128e+02
2.346197999999999979e+02
2.347011500000000126e+02
2.347143000000000086e+02
2.348750000000000000e+02
2.350619499999999960e+02
2.350654499999999985e+02
2.350702499999999873e+02
2.353993499999999983e+02
2.354254999999999995e+02
2.355261000000000138e+02
2.357253000000000043e+02
2.359801999999999964e+02
2.360353000000000065e+02
2.360955999999999904e+02
2.360986000000000047e+02
2.361017999999999972e+02
2.361123000000000047e+02
2.362206999999999937e+02
2.371577000000000055e+02
2.371605999999999881e+02
2.371819999999999879e+02
2.371943499999999858e+02
2.371982999999999890e+02
2.372033999999999878e+02
2.372342500000000030e+02
2.372370999999999981e+02
2.374350000000000023e+02
2.378884999999999934e+02
2.381488500000000101e+02
2.383054500000000075e+02
2.383085499999999968e+02
2.383119499999999960e+02
2.383138500000000022e+02
2.383711500000000001e+02
2.383739999999999952e+02
2.383770499999999970e+02
2.386499499999999898e+02
2.386811500000000024e+02
2.386936499999999910e+02
2.389131999999999891e+02
2.391921000000000106e+02
2.395152999999999963e+02
2.395449999999999875e+02
2.397085500000000025e+02
2.397111500000000035e+02
2.397138500000000079e+02
2.397322000000000060e+02
2.397357000000000085e+02
2.402631000000000085e+02
2.402924999999999898e+02
2.402950999999999908e+02
2.402977500000000077e+02
2.403009000000000128e+02
2.403761499999999955e+02
2.403815500000000043e+02
2.403853499999999883e+02
2.404436499999999910e+02
2.404475999999999942e+02
2.406694999999999993e+02
2.407750499999999931e+02
2.407788999999999930e+02
2.407882500000000050e+02
2.407939499999999953e+02
2.409390999999999963e+02
2.409781000000000120e+02
2.409807999999999879e+02
2.409835500000000081e+02
2.409868999999999915e+02
2.411287000000000091e+02
2.411824000000000012e+02
2.411887999999999863e+02
2.412041999999999859e+02
2.413014000000000010e+02
2.413546000000000049e+02
2.413993000000000109e+02
2.414260500000000036e+02
2.417050500000000000e+02
2.417611499999999864e+02
2.419743499999999869e+02
2.419779000000000053e+02
2.420927499999999952e+02
2.421732000000000085e+02
2.422325500000000034e+02
2.422359999999999900e+02
2.422719500000000039e+02
2.422762500000000045e+02
2.426521999999999935e+02
2.426549500000000137e+02
2.426579000000000121e+02
2.426637499999999932e+02
2.427567999999999984e+02
2.427602500000000134e+02
2.427640499999999975e+02
2.428117499999999893e+02
2.428223000000000127e+02
2.428252999999999986e+02
2.428867999999999938e+02
2.430575000000000045e+02
2.430721000000000060e+02
2.430920500000000004e+02
2.430951000000000022e+02
2.430987499999999955e+02
2.431029499999999928e+02
2.431261499999999955e+02
2.431352500000000134e+02
2.431387000000000000e+02
2.432172500000000070e+02
2.432222999999999900e+02
2.436594499999999925e+02
2.436629499999999950e+02
2.436689000000000078e+02
2.437094500000000039e+02
2.442471500000000049e+02
2.442509499999999889e+02
2.442554000000000087e+02
2.443592500000000030e+02
2.443623000000000047e+02
2.448183999999999969e+02
2.448342499999999973e+02
2.448373499999999865e+02
2.448399000000000001e+02
2.450063000000000102e+02
2.455861999999999910e+02
2.455903999999999883e+02
2.456822500000000105e+02
2.456854500000000030e+02
2.456885499999999922e+02
2.457362500000000125e+02
2.463369500000000016e+02
2.463435000000000059e+02
2.464105000000000132e+02
2.470816499999999962e+02
2.471275500000000136e+02
2.471305499999999995e+02
2.471336499999999887e+02
2.475004999999999882e+02
2.475198499999999910e+02
2.477304000000000030e+02
2.478942000000000121e+02
2.478979500000000087e+02
2.479441999999999950e+02
2.479476500000000101e+02
2.487007499999999993e+02
2.487374000000000080e+02
2.489147000000000105e+02
2.489174999999999898e+02
2.489202500000000100e+02
2.489237500000000125e+02
2.489705999999999904e+02
2.489790000000000134e+02
2.496666500000000042e+02
2.496710500000000081e+02
2.496996499999999912e+02
2.497028999999999996e+02
2.497060999999999922e+02
2.497098499999999888e+02
2.502541500000000099e+02
2.503500500000000102e+02
2.505640500000000088e+02
2.505904999999999916e+02
2.506784000000000106e+02
2.507016999999999882e+02
2.509680500000000052e+02
2.510311000000000092e+02
2.510345499999999959e+02
2.510480000000000018e+02
2.510515499999999918e+02
2.510692999999999984e+02
2.513125000000000000e+02
2.513892500000000041e+02
2.514662999999999897e+02
2.514936500000000024e+02
2.516673000000000116e+02
2.516713499999999897e+02
2.516787500000000080e+02
2.516850499999999897e+02
2.520468500000000063e+02
2.520764499999999941e+02
2.525517000000000110e+02
2.528190999999999917e+02
2.528580499999999915e+02
2.528718499999999949e+02
2.530716500000000053e+02
2.531641500000000065e+02
2.531785500000000013e+02
2.532796500000000037e+02
2.532853499999999940e+02
2.534533000000000129e+02
2.535393500000000131e+02
2.535498499999999922e+02
2.541930000000000121e+02
2.543127499999999941e+02
2.543163499999999999e+02
2.543384000000000071e+02
2.543543500000000108e+02
2.543575500000000034e+02
2.543601999999999919e+02
2.543645999999999958e+02
2.544143500000000131e+02
2.545559000000000083e+02
2.546094500000000096e+02
2.550131499999999960e+02
2.551444500000000062e+02
2.551850499999999897e+02
2.551991500000000030e+02
2.552018500000000074e+02
2.552594499999999869e+02
2.554959499999999935e+02
2.555005500000000040e+02
2.557628499999999860e+02
2.559522499999999923e+02
2.560275500000000193e+02
2.564820000000000277e+02
2.564855000000000018e+02
2.565035500000000184e+02
2.566802000000000135e+02
2.570226000000000113e+02
2.570316000000000258e+02
2.570347499999999741e+02
2.570380499999999984e+02
2.570406500000000278e+02
2.570618499999999926e+02
2.570683500000000095e+02
2.573692500000000223e+02
2.573883500000000026e+02
2.573913999999999760e+02
2.574112000000000080e+02
2.574431500000000028e+02
2.574681499999999801e+02
2.576850000000000023e+02
2.579836999999999989e+02
2.580808499999999981e+02
2.584716999999999985e+02
2.584839499999999930e+02
2.585305000000000177e+02
2.585437000000000012e+02
2.585477000000000203e+02
2.588842000000000212e+02
2.588876999999999953e+02
2.590547500000000127e+02
2.593346999999999980e+02
2.593385999999999854e+02
2.594614500000000135e+02
2.595703500000000190e+02
2.601119499999999789e+02
2.601166000000000054e+02
2.601829999999999927e+02
2.603279499999999871e+02
2.603685500000000275e+02
2.604873999999999796e+02
2.607594000000000278e+02
2.608253000000000270e+02
2.609498500000000263e+02
2.609915500000000179e+02
2.609947000000000230e+02
2.614233500000000276e+02
2.614295999999999935e+02
2.614789499999999975e+02
2.614822500000000218e+02
2.615563000000000216e+02
2.616184999999999832e+02
2.616211500000000001e+02
2.616238000000000170e+02
2.616272500000000036e+02
2.617110000000000127e+02
2.617883499999999799e+02
2.619366499999999860e+02
2.624356000000000222e+02
2.624522499999999923e+02
2.624870500000000106e+02
2.629389499999999771e+02
2.629428500000000213e+02
2.636254000000000133e+02
2.636307499999999777e+02
2.636344000000000278e+02
2.637840499999999793e+02
2.637923000000000116e+02
2.638097999999999956e+02
2.638521499999999946e+02
2.638563500000000204e+02
2.639205000000000041e+02
2.639433000000000220e+02
2.639472499999999968e+02
2.639503500000000145e+02
2.639534499999999753e+02
2.639581499999999892e+02
2.641639999999999873e+02
2.642931500000000256e+02
2.645682499999999777e+02
2.645695499999999925e+02
2.645713000000000079e+02
2.647631000000000085e+02
2.647918000000000234e+02
2.654085999999999785e+02
2.654633499999999913e+02
2.654671000000000163e+02
2.657284500000000094e+02
2.657311500000000137e+02
2.657343999999999937e+02
2.657941500000000019e+02
2.657971999999999753e+02
2.658007499999999936e+02
2.659191999999999894e+02
2.664397000000000162e+02
2.664533500000000004e+02
2.664567999999999870e+02
2.664601000000000113e+02
2.664633000000000038e+02
2.665840000000000032e+02
2.665881499999999846e+02
2.666467999999999847e+02
2.668044499999999744e+02
2.668076500000000237e+02
2.668960000000000150e+02
2.669510500000000093e+02
2.672478500000000281e+02
2.673921500000000151e+02
2.674033000000000015e+02
2.674099499999999807e+02
2.678836499999999887e+02
2.681859999999999786e+02
2.683303999999999974e+02
2.687128000000000156e+02
2.687927999999999997e+02
2.688653499999999781e+02
2.691201500000000237e+02
2.692396499999999833e+02
2.694970500000000015e+02
2.695304499999999734e+02
2.695998000000000161e+02
2.697890499999999747e+02
2.697921000000000049e+02
2.697949499999999716e+02
2.697998000000000047e+02
2.703086000000000126e+02
2.705864000000000260e+02
2.705896000000000186e+02
2.705929499999999734e+02
2.706549999999999727e+02
2.708555499999999938e+02
2.712846000000000117e+02
2.715590500000000134e+02
2.715625000000000000e+02
2.715672500000000014e+02
2.715699999999999932e+02
2.718485000000000014e+02
2.718522500000000264e+02
2.718562999999999761e+02
2.721793000000000120e+02
2.722152500000000259e+02
2.722196500000000015e+02
2.724460500000000138e+02
2.726646499999999946e+02
2.726679500000000189e+02
2.727989499999999907e+02
2.728030999999999722e+02
2.728251000000000204e+02
2.728607999999999834e+02
2.730411500000000160e+02
2.730482999999999834e+02
2.730542500000000246e+02
2.731123999999999796e+02
2.731459500000000276e+02
2.731865999999999985e+02
2.732502000000000066e+02
2.742559499999999844e+02
2.746859499999999912e+02
2.748442000000000007e+02
2.748473999999999933e+02
2.748505000000000109e+02
2.748550000000000182e+02
2.751714499999999930e+02
2.753867500000000064e+02
2.753904499999999871e+02
2.754316999999999780e+02
2.757896499999999946e+02
2.757937000000000012e+02
2.758143000000000029e+02
2.758575500000000034e+02
2.763365499999999884e+02
2.765036000000000058e+02
2.767104499999999803e+02
2.768059999999999832e+02
2.771490499999999884e+02
2.771905499999999734e+02
2.773634000000000128e+02
2.773673000000000002e+02
2.774728499999999940e+02
2.775425000000000182e+02
2.778233999999999924e+02
2.778244000000000256e+02
2.778270499999999856e+02
2.778294999999999959e+02
2.778385499999999979e+02
2.778870499999999879e+02
2.785798500000000217e+02
2.785998999999999910e+02
2.787467500000000200e+02
2.790058999999999969e+02
2.792730500000000120e+02
2.802077499999999759e+02
2.802115000000000009e+02
2.802162999999999897e+02
2.802283499999999776e+02
2.802318000000000211e+02
2.811460500000000025e+02
2.814610000000000127e+02
2.814670499999999720e+02
2.816002500000000168e+02
2.816040499999999724e+02
2.816109500000000025e+02
2.819169999999999732e+02
2.823679000000000201e+02
2.825914500000000089e+02
2.826120500000000106e+02
2.826515999999999735e+02
2.827242499999999836e+02
2.827278999999999769e+02
2.827346999999999753e+02
2.828804499999999962e+02
2.830036000000000058e+02
2.831782999999999788e+02
2.835285499999999956e+02
2.836111000000000217e+02
2.837138499999999794e+02
2.839866999999999848e+02
2.839932499999999891e+02
2.841322999999999865e+02
2.841366499999999746e+02
2.845674999999999955e+02
2.845968500000000176e+02
2.846415499999999952e+02
2.846807999999999765e+02
2.858047000000000253e+02
2.858731000000000222e+02
2.859784999999999968e+02
2.864496500000000196e+02
2.864638499999999794e+02
2.864895999999999958e+02
2.865866500000000201e+02
2.868081999999999994e+02
2.870968500000000176e+02
2.874383500000000140e+02
2.874657000000000266e+02
2.874728000000000065e+02
2.876238999999999919e+02
2.881270499999999970e+02
2.882463000000000193e+02
2.885758999999999901e+02
2.890009499999999889e+02
2.896293999999999755e+02
2.896546500000000037e+02
2.896955500000000256e+02
2.898864500000000248e+02
2.909504499999999894e+02
2.909535999999999945e+02
2.911854999999999905e+02
2.912226499999999874e+02
2.912260999999999740e+02
2.912296499999999924e+02
2.921043000000000234e+02
2.924375999999999749e+02
2.924408000000000243e+02
2.924425499999999829e+02
2.924830999999999790e+02
2.924920999999999935e+02
2.925009499999999889e+02
2.925682499999999777e+02
2.926721999999999753e+02
2.929481999999999857e+02
2.930307500000000118e+02
2.937047999999999774e+02
2.938121499999999742e+02
2.941411499999999819e+02
2.946777000000000157e+02
2.948623999999999796e+02
2.950835500000000025e+02
2.950964999999999918e+02
2.951080499999999915e+02
2.957083999999999833e+02
2.959216499999999996e+02
2.967151000000000067e+02
2.972919499999999857e+02
2.976700500000000034e+02
2.977685999999999922e+02
2.977815499999999815e+02
2.983334500000000276e+02
2.985262999999999920e+02
2.992773500000000126e+02
2.995658500000000117e+02
2.996863000000000170e+02
2.997966000000000122e+02
3.000142500000000041e+02
3.011243499999999926e+02
3.016927499999999895e+02
3.020563500000000090e+02
3.035856499999999869e+02
3.037524500000000103e+02
3.042180999999999926e+02
3.042488000000000170e+02
3.043873500000000263e+02
3.046659999999999968e+02
3.047884999999999991e+02
3.048138000000000147e+02
3.048280500000000188e+02
3.049226499999999760e+02
3.049256500000000187e+02
3.050708999999999946e+02
3.050745999999999754e+02
3.051490000000000009e+02
3.051827499999999986e+02
3.052013499999999908e+02
3.052913500000000226e+02
3.057726999999999862e+02
3.058858500000000049e+02
3.059711500000000228e+02
3.059950999999999794e+02
3.060388500000000249e+02
3.061527500000000259e+02
3.061667499999999791e+02
3.061988999999999805e+02
3.063319500000000062e+02
3.063777499999999918e+02
3.064410500000000184e+02
3.065181000000000040e+02
3.065267999999999802e+02
3.066308500000000095e+02
3.066436499999999796e+02
3.066462000000000216e+02
3.067124499999999898e+02
3.067662000000000262e+02
3.068398500000000126e+02
3.068429499999999734e+02
3.068732999999999720e+02
3.068917500000000018e+02
3.070142999999999915e+02
3.070705500000000256e+02
3.070767999999999915e+02
3.073373000000000275e+02
3.074406500000000051e+02
3.074879999999999995e+02
3.075614499999999794e+02
3.077112999999999943e+02
3.079543499999999767e+02
3.079702500000000214e+02
3.080195499999999811e+02
3.080361500000000206e+02
3.080939999999999941e+02
3.080996499999999969e+02
3.088478000000000065e+02
3.091483000000000061e+02
3.094922000000000253e+02
3.097509000000000015e+02
3.097942499999999768e+02
3.098747000000000185e+02
3.098788999999999874e+02
3.098904499999999871e+02
3.100350000000000250e+02
3.100794999999999959e+02
3.102343500000000063e+02
3.103883500000000026e+02
3.104037000000000148e+02
3.105446999999999775e+02
3.106797000000000253e+02
3.107203499999999963e+02
3.110760500000000093e+02
3.112279500000000212e+02
3.113962500000000091e+02
3.115079999999999814e+02
3.115287000000000148e+02
3.115464000000000055e+02
3.115663499999999999e+02
3.116761999999999944e+02
3.118928000000000225e+02
3.120786499999999819e+02
3.120812000000000239e+02
3.124520999999999731e+02
3.127486999999999853e+02
3.127762000000000171e+02
3.128015500000000202e+02
3.129146999999999821e+02
3.129483500000000049e+02
3.129721999999999866e+02
3.131741999999999848e+02
3.131951000000000249e+02
3.132282500000000027e+02
3.132963500000000181e+02
3.133928000000000225e+02
3.134663499999999772e+02
3.135335999999999785e+02
3.136614000000000146e+02
3.137535500000000184e+02
3.137583500000000072e+02
3.138012499999999818e+02
3.139116999999999962e+02
3.139172500000000241e+02
3.140248500000000149e+02
3.140899999999999750e+02
3.141256999999999948e+02
3.143784999999999741e+02
3.150230000000000246e+02
3.151045500000000175e+02
3.152506500000000074e+02
3.152941000000000145e+02
3.156708499999999731e+02
3.157444499999999721e+02
3.158138500000000022e+02
3.160974499999999807e+02
3.161970000000000027e+02
3.163073499999999854e+02
3.163731999999999971e+02
3.165009000000000015e+02
3.171003999999999792e+02
3.173026500000000283e+02
3.174892500000000268e+02
3.177524000000000228e+02
3.178388499999999794e+02
3.178806999999999903e+02
3.181249500000000126e+02
3.181628499999999917e+02
3.182402999999999906e+02
3.182921499999999924e+02
3.183074500000000171e+02
3.183747999999999934e+02
3.185387999999999806e+02
3.187779499999999757e+02
3.188512999999999806e+02
3.189962499999999750e+02
3.191341499999999769e+02
3.192898999999999887e+02
3.194728499999999940e+02
3.195150499999999738e+02
3.195697000000000116e+02
3.195804499999999848e+02
3.196762499999999818e+02
3.196823499999999854e+02
3.199544999999999959e+02
3.200581999999999994e+02
3.201063500000000204e+02
3.201571000000000140e+02
3.201630499999999984e+02
3.202173000000000229e+02
3.202236500000000206e+02
3.203824999999999932e+02
3.206985500000000116e+02
3.207459499999999935e+02
3.208786499999999933e+02
3.211592999999999734e+02
3.214010000000000105e+02
3.214105999999999881e+02
3.217133000000000038e+02
3.217408500000000231e+02
3.217916500000000042e+02
3.218497499999999718e+02
3.219549499999999966e+02
3.219667000000000030e+02
3.220081500000000005e+02
3.220221500000000106e+02
3.222318500000000085e+02
3.222722499999999854e+02
3.223208000000000197e+02
3.223315499999999929e+02
3.226819499999999721e+02
3.227158000000000015e+02
3.227900500000000079e+02
3.228242500000000064e+02
3.228376499999999965e+02
3.228407500000000141e+02
3.228702000000000112e+02
3.230261499999999728e+02
3.231168999999999869e+02
3.232572999999999865e+02
3.238144500000000221e+02
3.239056499999999801e+02
3.239651000000000067e+02
3.239723999999999933e+02
3.239963999999999942e+02
3.241775000000000091e+02
3.243377500000000282e+02
3.245958499999999844e+02
3.249240500000000225e+02
3.251772000000000276e+02
3.254184000000000196e+02
3.254735499999999888e+02
3.255401499999999828e+02
3.256381499999999960e+02
3.257364999999999782e+02
3.257635999999999967e+02
3.258122999999999934e+02
3.259495499999999879e+02
3.259924500000000194e+02
3.259954999999999927e+02
3.260226999999999862e+02
3.263100499999999897e+02
3.263925500000000284e+02
3.264775000000000205e+02
3.265120499999999879e+02
3.265341500000000110e+02
3.267838499999999726e+02
3.270226499999999987e+02
3.270298999999999978e+02
3.271121999999999730e+02
3.271222500000000082e+02
3.272187999999999874e+02
3.274277999999999906e+02
3.275946999999999889e+02
3.277035999999999945e+02
3.281172000000000253e+02
3.281320000000000050e+02
3.283380500000000097e+02
3.283944000000000187e+02
3.287030500000000188e+02
3.289076000000000022e+02
3.290186499999999796e+02
3.290781499999999937e+02
3.291412500000000136e+02
3.291666999999999916e+02
3.291924500000000080e+02
3.292862499999999955e+02
3.292927000000000248e+02
3.293521000000000072e+02
3.293643000000000143e+02
3.294737999999999829e+02
3.295033000000000243e+02
3.295117500000000064e+02
3.295242999999999824e+02
3.295682499999999777e+02
3.296186999999999898e+02
3.296242500000000177e+02
3.296396500000000174e+02
3.298322999999999752e+02
3.298704999999999927e+02
3.299575500000000261e+02
3.299947500000000105e+02
3.300404500000000212e+02
3.302154499999999757e+02
3.302199499999999830e+02
3.302375000000000114e+02
3.302701500000000010e+02
3.303472499999999741e+02
3.304843000000000188e+02
3.305989500000000021e+02
3.306532000000000266e+02
3.306587499999999977e+02
3.308500999999999976e+02
3.309397999999999911e+02
3.310745000000000005e+02
3.311089499999999930e+02
3.311700999999999908e+02
3.311720000000000255e+02
3.311779000000000224e+02
3.312334000000000174e+02
3.314563499999999863e+02
3.314792499999999791e+02
3.316850999999999772e+02
3.320695999999999799e+02
3.320753000000000270e+02
3.331657999999999902e+02
3.334918000000000120e+02
3.336958999999999946e+02
3.341044999999999732e+02
3.342565500000000043e+02
3.343366500000000201e+02
3.343574499999999716e+02
3.343834499999999821e+02
3.344504000000000019e+02
3.345997499999999718e+02
3.348346000000000231e+02
3.349883500000000254e+02
3.350165499999999952e+02
3.350588500000000067e+02
3.352103000000000179e+02
3.354336500000000001e+02
3.355747000000000071e+02
3.363924999999999841e+02
3.371687999999999761e+02
3.373960999999999899e+02
3.374285499999999729e+02
3.375296999999999912e+02
3.379232000000000085e+02
3.380508500000000254e+02
3.381809499999999957e+02
3.384586499999999774e+02
3.385029000000000110e+02
3.385076500000000124e+02
3.387189999999999941e+02
3.391264499999999771e+02
3.392017999999999915e+02
3.392505499999999756e+02
3.396818000000000097e+02
3.397733000000000061e+02
3.399345500000000015e+02
3.400157500000000255e+02
3.401841499999999883e+02
3.404187000000000012e+02
3.404425499999999829e+02
3.404759999999999991e+02
3.405417499999999791e+02
3.406037499999999909e+02
3.409101499999999874e+02
3.414033000000000015e+02
3.417704499999999825e+02
3.418458999999999719e+02
3.418571999999999775e+02
3.426553499999999985e+02
3.428842500000000086e+02
3.429218999999999937e+02
3.430249499999999898e+02
3.433917999999999893e+02
3.433952499999999759e+02
3.435650999999999726e+02
3.439499999999999886e+02
3.441616500000000087e+02
3.447026500000000055e+02
3.452440000000000282e+02
3.454879000000000246e+02
3.456933000000000220e+02
3.457948499999999967e+02
3.459400999999999726e+02
3.460078500000000190e+02
3.461661500000000160e+02
3.462183999999999742e+02
3.464674999999999727e+02
3.465459999999999923e+02
3.468738500000000045e+02
3.469515499999999975e+02
3.470853000000000179e+02
3.471007000000000176e+02
3.471323499999999740e+02
3.472431000000000267e+02
3.473231000000000108e+02
3.473721499999999764e+02
3.473817000000000235e+02
3.474330499999999802e+02
3.475898500000000126e+02
3.475938499999999749e+02
3.476158500000000231e+02
3.476245499999999993e+02
3.476770999999999958e+02
3.477841500000000110e+02
3.478109499999999912e+02
3.478138000000000147e+02
3.478994500000000016e+02
3.479062500000000000e+02
3.479375999999999749e+02
3.479648500000000126e+02
3.480056500000000028e+02
3.481046000000000049e+02
3.481168499999999995e+02
3.481721999999999753e+02
3.483550999999999931e+02
3.483922000000000025e+02
3.484778999999999769e+02
3.485185000000000173e+02
3.485998500000000035e+02
3.486694499999999834e+02
3.487638499999999908e+02
3.488437500000000000e+02
3.488475500000000125e+02
3.489997000000000185e+02
3.490172499999999900e+02
3.490762500000000159e+02
3.491009999999999991e+02
3.491472499999999854e+02
3.491762499999999818e+02
3.492020499999999856e+02
3.492661499999999819e+02
3.493023999999999774e+02
3.493840000000000146e+02
3.493894999999999982e+02
3.495489999999999782e+02
3.495607999999999720e+02
3.495854499999999803e+02
3.496426000000000158e+02
3.498020000000000209e+02
3.498534999999999968e+02
3.498576499999999783e+02
3.501975499999999784e+02
3.502048500000000217e+02
3.503372499999999832e+02
3.505116499999999746e+02
3.505640500000000088e+02
3.507615000000000123e+02
3.510317499999999882e+02
3.512670499999999834e+02
3.512767999999999802e+02
3.518304499999999848e+02
3.521211999999999875e+02
3.525820499999999811e+02
3.526505999999999972e+02
3.527746000000000208e+02
3.532806499999999801e+02
3.535492499999999723e+02
3.539707500000000095e+02
3.540584499999999935e+02
3.540880999999999972e+02
3.541776500000000283e+02
3.545914999999999964e+02
3.547173500000000104e+02
3.555134499999999775e+02
3.555381499999999733e+02
3.559008499999999913e+02
3.567517500000000155e+02
3.573838000000000079e+02
3.577128999999999905e+02
3.577418499999999995e+02
3.588713000000000193e+02
3.589372999999999934e+02
3.593491999999999962e+02
3.602658500000000004e+02
3.602725500000000238e+02
3.602817499999999882e+02
3.604916499999999928e+02
3.605167500000000018e+02
3.606020500000000197e+02
3.612393999999999892e+02
3.612679999999999723e+02
3.614975000000000023e+02
3.616386999999999716e+02
3.621205499999999802e+02
3.621859999999999786e+02
3.622438500000000090e+02
3.623084999999999809e+02
3.623818999999999733e+02
3.624631499999999846e+02
3.624847500000000196e+02
3.625188999999999737e+02
3.625304499999999734e+02
3.626237499999999727e+02
3.627114500000000135e+02
3.627353499999999826e+02
3.628098499999999831e+02
3.628607000000000085e+02
3.630987999999999829e+02
3.631284999999999741e+02
3.631301000000000272e+02
3.631623999999999910e+02
3.632930499999999938e+02
3.632952000000000226e+02
3.634662000000000148e+02
3.634767499999999814e+02
3.635243500000000267e+02
3.635326000000000022e+02
3.640640999999999963e+02
3.640708999999999946e+02
3.642327000000000226e+02
3.642644000000000233e+02
3.642820500000000266e+02
3.643109000000000037e+02
3.644979999999999905e+02
3.645466999999999871e+02
3.645484500000000025e+02
3.645756000000000085e+02
3.645791500000000269e+02
3.646035999999999717e+02
3.646345499999999902e+02
3.648480999999999881e+02
3.649408500000000117e+02
3.650768499999999790e+02
3.651048999999999864e+02
3.651308500000000095e+02
3.655566999999999780e+02
3.655800500000000284e+02
3.662624000000000137e+02
3.665939000000000192e+02
3.667714000000000283e+02
3.668369999999999891e+02
3.670145499999999856e+02
3.672549000000000206e+02
3.675645999999999844e+02
3.681088500000000181e+02
3.682192999999999756e+02
3.684891999999999825e+02
3.685360499999999888e+02
3.691264499999999771e+02
3.698308499999999981e+02
3.698487000000000080e+02
3.706575500000000147e+02
3.713184999999999718e+02
3.714705500000000029e+02
3.715137500000000159e+02
3.715210500000000025e+02
3.723639000000000010e+02
3.723960000000000150e+02
3.729811500000000137e+02
3.730132500000000277e+02
3.730987000000000080e+02
3.731478500000000054e+02
3.733521499999999946e+02
3.734238500000000158e+02
3.735514999999999759e+02
3.735708000000000197e+02
3.735937500000000000e+02
3.737958499999999731e+02
3.738829499999999939e+02
3.738849999999999909e+02
3.738992499999999950e+02
3.739833499999999731e+02
3.740253999999999905e+02
3.741738000000000284e+02
3.741870999999999867e+02
3.743508499999999799e+02
3.743700999999999794e+02
3.744026000000000067e+02
3.744248499999999922e+02
3.744302999999999884e+02
3.745159499999999753e+02
3.745421999999999798e+02
3.747096000000000231e+02
3.747153000000000134e+02
3.747533000000000243e+02
3.747588000000000079e+02
3.751166499999999928e+02
3.751467499999999973e+02
3.754098000000000184e+02
3.754169999999999732e+02
3.754517500000000041e+02
3.754648500000000126e+02
3.754678499999999985e+02
3.755314999999999941e+02
3.757553500000000213e+02
3.758278500000000122e+02
3.758709499999999935e+02
3.758976000000000113e+02
3.759687999999999874e+02
3.761449499999999944e+02
3.762055500000000166e+02
3.762506500000000074e+02
3.762603500000000167e+02
3.763374499999999898e+02
3.764451500000000124e+02
3.764980499999999779e+02
3.767632500000000277e+02
3.768027500000000032e+02
3.768378000000000156e+02
3.769761500000000183e+02
3.776127999999999929e+02
3.776140500000000202e+02
3.776435000000000173e+02
3.780182500000000232e+02
3.781032999999999902e+02
3.781066500000000019e+02
3.782356500000000210e+02
3.785514999999999759e+02
3.787306500000000256e+02
3.788580999999999790e+02
3.790011499999999955e+02
3.790195499999999811e+02
3.792963500000000181e+02
3.794592999999999847e+02
3.799089999999999918e+02
3.801992500000000064e+02
3.802769999999999868e+02
3.811167500000000246e+02
3.811997499999999945e+02
3.815359500000000139e+02
3.817738499999999817e+02
3.821958500000000072e+02
3.822099999999999795e+02
3.822946999999999775e+02
3.823598000000000070e+02
3.825808000000000106e+02
3.830133999999999901e+02
3.830401499999999828e+02
3.831648000000000138e+02
3.833131999999999948e+02
3.833236499999999864e+02
3.839408500000000117e+02
3.840617500000000177e+02
3.840650499999999852e+02
3.842687999999999988e+02
3.847759500000000230e+02
3.851688500000000204e+02
3.852506500000000074e+02
3.860776000000000181e+02
3.863534500000000094e+02
3.863962999999999965e+02
3.866170500000000061e+02
3.870697000000000116e+02
3.870783000000000129e+02
3.871194499999999721e+02
3.874936999999999898e+02
3.878145499999999970e+02
3.879988000000000170e+02
3.880473000000000070e+02
3.882808499999999867e+02
3.892729499999999803e+02
3.894483500000000049e+02
3.894782000000000153e+02
3.899009500000000230e+02
3.899422500000000014e+02
3.904651000000000067e+02
3.915360000000000014e+02
3.916816999999999780e+02
3.916861499999999978e+02
3.919207999999999856e+02
3.923815000000000168e+02
3.928892999999999915e+02
3.930625499999999874e+02
3.934557500000000232e+02
3.935976999999999748e+02
3.938137500000000273e+02
3.942429000000000201e+02
3.946086999999999989e+02
3.946406999999999812e+02
3.950235999999999876e+02
3.951997499999999945e+02
3.952651500000000055e+02
3.952669999999999959e+02
3.954413999999999874e+02
3.954488000000000056e+02
3.954520999999999731e+02
3.956721499999999878e+02
3.956748999999999796e+02
3.969284999999999854e+02
3.972572999999999865e+02
3.972898000000000138e+02
3.973413499999999772e+02
3.977809500000000185e+02
3.977938500000000204e+02
3.979207499999999982e+02
3.981312500000000227e+02
3.981863500000000045e+02
3.984325000000000045e+02
3.984687500000000000e+02
3.985380000000000109e+02
3.985415499999999724e+02
3.985536500000000046e+02
3.985585500000000252e+02
3.985758500000000026e+02
3.985988500000000272e+02
3.986396500000000174e+02
3.986505999999999972e+02
3.988527000000000271e+02
3.988614499999999907e+02
3.989155000000000086e+02
3.989481499999999983e+02
3.989570499999999811e+02
3.993509999999999991e+02
3.994679499999999734e+02
3.996938999999999851e+02
3.997676500000000033e+02
4.000343500000000176e+02
4.002094999999999914e+02
4.002737500000000068e+02
4.003285500000000070e+02
4.004157500000000027e+02
4.007244000000000028e+02
4.009081499999999778e+02
4.011356499999999983e+02
4.015480499999999893e+02
4.015869000000000142e+02
4.015885000000000105e+02
4.016466500000000224e+02
4.016673999999999864e+02
4.020325000000000273e+02
4.028249999999999886e+02
4.029076999999999771e+02
4.029689000000000192e+02
4.029721999999999866e+02
4.030539999999999736e+02
4.030876000000000090e+02
4.033435999999999808e+02
4.033761999999999830e+02
4.034367500000000177e+02
4.034419500000000198e+02
4.034789000000000101e+02
4.036910500000000184e+02
4.037484499999999912e+02
4.039279500000000098e+02
4.044779500000000212e+02
4.046811000000000149e+02
4.052135000000000105e+02
4.052302999999999997e+02
4.059725999999999999e+02
4.061266499999999837e+02
4.062746500000000083e+02
4.062825000000000273e+02
4.063793000000000006e+02
4.064238500000000158e+02
4.066081500000000233e+02
4.066112499999999841e+02
4.066739999999999782e+02
4.068514999999999873e+02
4.068729999999999905e+02
4.071397999999999797e+02
4.071656500000000278e+02
4.072252500000000168e+02
4.072764000000000237e+02
4.073052500000000009e+02
4.074035999999999831e+02
4.074121999999999844e+02
4.074660499999999956e+02
4.075635500000000206e+02
4.075860999999999876e+02
4.077168500000000222e+02
4.077438999999999965e+02
4.077713499999999840e+02
4.077745499999999765e+02
4.077839500000000044e+02
4.077952999999999975e+02
4.079005999999999972e+02
4.080910499999999956e+02
4.081702500000000100e+02
4.082524999999999977e+02
4.085008000000000266e+02
4.088226000000000226e+02
4.089701999999999771e+02
4.090288499999999772e+02
4.091475500000000238e+02
4.091638500000000249e+02
4.096161500000000046e+02
4.096766000000000076e+02
4.098007000000000062e+02
4.098236499999999864e+02
4.098312999999999988e+02
4.098571000000000026e+02
4.098906499999999937e+02
4.099064500000000066e+02
4.099824499999999716e+02
4.100400999999999954e+02
4.101302000000000021e+02
4.111491500000000201e+02
4.117477999999999838e+02
4.121536500000000274e+02
4.124793000000000234e+02
4.126055499999999938e+02
4.130440500000000270e+02
4.130570000000000164e+02
4.134975499999999897e+02
4.135042500000000132e+02
4.138405999999999949e+02
4.138442999999999756e+02
4.145334500000000162e+02
4.151859999999999786e+02
4.153514499999999998e+02
4.155188499999999863e+02
4.159242499999999723e+02
4.160770999999999731e+02
4.161555999999999926e+02
4.161677999999999997e+02
4.162449500000000171e+02
4.162601500000000101e+02
4.162914999999999850e+02
4.166206500000000119e+02
4.166857999999999720e+02
4.166910500000000184e+02
4.167196999999999889e+02
4.170249499999999898e+02
4.172916000000000167e+02
4.173796500000000265e+02
4.174383500000000140e+02
4.174752500000000168e+02
4.175437000000000012e+02
4.176682999999999879e+02
4.177203999999999837e+02
4.178432500000000118e+02
4.179596999999999980e+02
4.179687999999999874e+02
4.181018500000000131e+02
4.183196500000000242e+02
4.183235999999999990e+02
4.185145999999999731e+02
4.187403499999999781e+02
4.187763499999999794e+02
4.188059499999999957e+02
4.189558499999999981e+02
4.190049500000000080e+02
4.190111999999999739e+02
4.190522500000000150e+02
4.190729499999999916e+02
4.190858499999999935e+02
4.192332000000000107e+02
4.193138000000000147e+02
4.194488999999999805e+02
4.196488499999999817e+02
4.196766499999999951e+02
4.205486999999999966e+02
4.232456999999999994e+02
4.236597499999999741e+02
4.242796999999999912e+02
4.244522000000000048e+02
4.245717999999999961e+02
4.248833000000000197e+02
4.252018499999999790e+02
4.252744000000000142e+02
4.252774999999999750e+02
4.253496999999999844e+02
4.257444499999999721e+02
4.258697000000000230e+02
4.263492499999999836e+02
4.267219000000000051e+02
4.273740999999999985e+02
4.273775499999999852e+02
4.273832499999999754e+02
4.274984999999999786e+02
4.275104499999999916e+02
4.284329999999999927e+02
4.287631499999999960e+02
4.292318500000000085e+02
4.292349500000000262e+02
4.292650499999999738e+02
4.297292499999999791e+02
4.299169999999999732e+02
4.302558500000000095e+02
4.302595499999999902e+02
4.308614499999999907e+02
4.316926000000000272e+02
4.322039500000000203e+02
4.325149000000000115e+02
4.325199000000000069e+02
4.325390499999999747e+02
4.325464999999999804e+02
4.326367000000000189e+02
4.330034499999999866e+02
4.334981000000000222e+02
4.338210500000000138e+02
4.338919999999999959e+02
4.344361499999999978e+02
4.344490000000000123e+02
4.346892500000000155e+02
4.348167000000000257e+02
4.348193999999999733e+02
4.348224000000000160e+02
4.348565500000000270e+02
4.355095499999999902e+02
4.355367499999999836e+02
4.356247500000000059e+02
4.356634999999999991e+02
4.356691999999999894e+02
4.359543499999999767e+02
4.359599000000000046e+02
4.359685999999999808e+02
4.362144499999999994e+02
4.367332000000000107e+02
4.370484500000000025e+02
4.371607999999999947e+02
4.377835000000000036e+02
4.380704999999999814e+02
4.393004000000000246e+02
4.394125500000000102e+02
4.394153000000000020e+02
4.395482000000000085e+02
4.397058999999999855e+02
4.399153499999999894e+02
4.399506499999999960e+02
4.399841999999999871e+02
4.402006999999999834e+02
4.402760499999999979e+02
4.403004500000000121e+02
4.406065500000000270e+02
4.410760999999999967e+02
4.419373499999999808e+02
4.420445000000000277e+02
4.431609500000000139e+02
4.435077999999999747e+02
4.444153499999999894e+02
4.446380500000000211e+02
4.451942500000000109e+02
4.453655499999999847e+02
4.454033499999999890e+02
4.455405499999999961e+02
4.459239499999999907e+02
4.461361999999999739e+02
4.461509500000000230e+02
4.461634999999999991e+02
4.461764499999999884e+02
4.461967500000000086e+02
4.462078999999999951e+02
4.462203499999999963e+02
4.464303499999999758e+02
4.466773999999999774e+02
4.467008000000000152e+02
4.467622499999999945e+02
4.468922000000000025e+02
4.469730999999999881e+02
4.470174000000000092e+02
4.471456000000000017e+02
4.471657500000000027e+02
4.471705999999999790e+02
4.472267499999999814e+02
4.473530999999999835e+02
4.476893000000000029e+02
4.477266500000000065e+02
4.477848000000000184e+02
4.478251000000000204e+02
4.478330000000000268e+02
4.479103499999999940e+02
4.479509499999999775e+02
4.482495499999999993e+02
4.490498499999999922e+02
4.491899999999999977e+02
4.493045999999999935e+02
4.493928000000000225e+02
4.494193000000000211e+02
4.502802500000000236e+02
4.504413000000000125e+02
4.504586499999999774e+02
4.505197999999999752e+02
4.505230000000000246e+02
4.506575000000000273e+02
4.517048500000000217e+02
4.520279499999999757e+02
4.521147500000000150e+02
4.525348999999999933e+02
4.527556500000000028e+02
4.532044999999999959e+02
4.532076500000000010e+02
4.532099499999999921e+02
4.532115999999999758e+02
4.532155999999999949e+02
4.535380000000000109e+02
4.541195999999999913e+02
4.541350499999999784e+02
4.545105500000000234e+02
4.545142000000000166e+02
4.545180500000000166e+02
4.547678500000000099e+02
4.552604499999999916e+02
4.569101999999999748e+02
4.573115999999999985e+02
4.589441499999999792e+02
4.594286000000000172e+02
4.594318000000000097e+02
4.596286999999999807e+02
4.596424000000000092e+02
4.596460000000000150e+02
4.599087499999999977e+02
4.599125999999999976e+02
4.602004000000000019e+02
4.602351499999999760e+02
4.608174999999999955e+02
4.608464999999999918e+02
4.609309499999999957e+02
4.609336000000000126e+02
4.610844000000000165e+02
4.611202999999999861e+02
4.611555000000000177e+02
4.611911499999999933e+02
4.612796500000000037e+02
4.621529499999999757e+02
4.622557499999999777e+02
4.637667999999999893e+02
4.639714500000000044e+02
4.642599500000000035e+02
4.642749499999999898e+02
4.646650500000000079e+02
4.670262000000000171e+02
4.674268000000000143e+02
4.682368999999999915e+02
4.683198499999999740e+02
4.685090500000000020e+02
4.693632000000000062e+02
4.696766999999999825e+02
4.697918000000000234e+02
4.702900000000000205e+02
4.705876000000000090e+02
4.706418499999999767e+02
4.722526500000000169e+02
4.722761499999999728e+02
4.723097999999999956e+02
4.724608999999999810e+02
4.730172499999999900e+02
4.734839000000000055e+02
4.737744500000000016e+02
4.738099000000000274e+02
4.742592000000000212e+02
4.751138000000000261e+02
4.751180499999999824e+02
4.757126999999999839e+02
4.757172499999999786e+02
4.758143000000000029e+02
4.759807500000000005e+02
4.761692499999999768e+02
4.762502499999999941e+02
4.764182000000000130e+02
4.764496500000000196e+02
4.768332500000000209e+02
4.768667500000000246e+02
4.769281500000000165e+02
4.773368500000000267e+02
4.777413500000000113e+02
4.777615999999999872e+02
4.778031500000000165e+02
4.778443500000000199e+02
4.779478500000000167e+02
4.781021000000000072e+02
4.786838999999999942e+02
4.788675999999999817e+02
4.789529499999999871e+02
4.790074000000000183e+02
4.790411500000000160e+02
4.791428000000000225e+02
4.791809499999999957e+02
4.791886999999999830e+02
4.792062999999999988e+02
4.792439499999999839e+02
4.793744500000000244e+02
4.795771500000000174e+02
4.798211999999999762e+02
4.801211000000000126e+02
4.804739999999999895e+02
4.805003500000000258e+02
4.805585500000000252e+02
4.806329999999999814e+02
4.806348499999999717e+02
4.810481500000000210e+02
4.811139000000000010e+02
4.812083000000000084e+02
4.812352999999999952e+02
4.812698500000000195e+02
4.813838999999999828e+02
4.814015999999999735e+02
4.814482499999999732e+02
4.814898000000000025e+02
4.815473000000000070e+02
4.815726000000000226e+02
4.816156500000000165e+02
4.816381999999999834e+02
4.816391499999999724e+02
4.816580999999999904e+02
4.816664000000000101e+02
4.817250500000000102e+02
4.817545499999999947e+02
4.820583500000000186e+02
4.822756999999999721e+02
4.823154499999999985e+02
4.823684999999999832e+02
4.823724000000000274e+02
4.823931000000000040e+02
4.824691500000000133e+02
4.825029999999999859e+02
4.825219000000000165e+02
4.826719499999999812e+02
4.826774500000000216e+02
4.827083999999999833e+02
4.827234000000000265e+02
4.828052500000000009e+02
4.828407000000000266e+02
4.832576999999999998e+02
4.835283999999999764e+02
4.836904999999999859e+02
4.837590000000000146e+02
4.840880999999999972e+02
4.842853999999999814e+02
4.845509999999999877e+02
4.849773500000000013e+02
4.850344999999999800e+02
4.850715500000000020e+02
4.850967499999999859e+02
4.851002500000000168e+02
4.851623500000000035e+02
4.852912999999999784e+02
4.856552500000000236e+02
4.856859000000000037e+02
4.857174499999999853e+02
4.859105000000000132e+02
4.859846000000000004e+02
4.860443000000000211e+02
4.861140500000000202e+02
4.862420999999999935e+02
4.863946500000000128e+02
4.864283500000000231e+02
4.865045499999999947e+02
4.867764500000000112e+02
4.871616500000000087e+02
4.875060500000000161e+02
4.882590500000000020e+02
4.888367000000000075e+02
4.888462000000000103e+02
4.888494499999999903e+02
4.888892999999999915e+02
4.890769000000000233e+02
4.891329000000000065e+02
4.894069000000000074e+02
4.909248999999999796e+02
4.909708499999999844e+02
4.918865499999999997e+02
4.921809499999999957e+02
4.924255499999999870e+02
4.925704499999999939e+02
4.929217499999999745e+02
4.934030500000000075e+02
4.934060499999999934e+02
4.934094999999999800e+02
4.934164000000000101e+02
4.934209999999999923e+02
4.937334500000000048e+02
4.939476500000000101e+02
4.947782500000000141e+02
4.952133499999999913e+02
4.955715000000000146e+02
4.956320499999999925e+02
4.956358999999999924e+02
4.956436499999999796e+02
4.963446000000000140e+02
4.975957500000000095e+02
4.980768499999999790e+02
4.981073000000000093e+02
4.982203999999999837e+02
4.983721499999999764e+02
4.990454500000000166e+02
4.995614499999999794e+02
4.999879999999999995e+02
4.999907499999999914e+02
5.000135999999999967e+02
5.000961500000000228e+02
5.001059000000000196e+02
5.004692999999999756e+02
5.006366499999999746e+02
5.007362499999999841e+02
5.009911999999999921e+02
5.016970499999999902e+02
5.024866499999999974e+02
5.024914499999999862e+02
5.025004999999999882e+02
5.028222999999999843e+02
5.034060499999999934e+02
5.034099499999999807e+02
5.036362500000000182e+02
5.036408500000000004e+02
5.037334500000000048e+02
5.037841000000000236e+02
5.038111999999999853e+02
5.038285999999999945e+02
5.040879499999999780e+02
5.041778499999999781e+02
5.043423000000000229e+02
5.043998500000000149e+02
5.045383499999999799e+02
5.045828999999999951e+02
5.045908000000000015e+02
5.046168999999999869e+02
5.047638000000000034e+02
5.048106500000000096e+02
5.051783500000000231e+02
5.051933999999999969e+02
5.052271499999999946e+02
5.053763500000000022e+02
5.054707500000000095e+02
5.055039499999999748e+02
5.055337499999999977e+02
5.055431500000000256e+02
5.055576500000000237e+02
5.056116499999999974e+02
5.056483499999999935e+02
5.056521999999999935e+02
5.056584500000000162e+02
5.058580999999999790e+02
5.059040499999999838e+02
5.059739000000000146e+02
5.059770500000000197e+02
5.059956999999999994e+02
5.061041000000000167e+02
5.062855000000000132e+02
5.063453999999999837e+02
5.065332999999999970e+02
5.066102000000000203e+02
5.066210500000000252e+02
5.066908999999999992e+02
5.067787000000000148e+02
5.068284499999999753e+02
5.070863499999999817e+02
5.072067999999999870e+02
5.076056500000000256e+02
5.079167499999999791e+02
5.080647500000000036e+02
5.083516500000000065e+02
5.083550999999999931e+02
5.083598000000000070e+02
5.087117000000000075e+02
5.091135499999999752e+02
5.093788499999999999e+02
5.095120999999999754e+02
5.101274999999999977e+02
5.101311499999999910e+02
5.101346500000000219e+02
5.104940500000000156e+02
5.105002999999999815e+02
5.105047500000000014e+02
5.105661999999999807e+02
5.107225500000000125e+02
5.107587500000000205e+02
5.107610999999999990e+02
5.108360500000000002e+02
5.109040499999999838e+02
5.109078000000000088e+02
5.112142999999999802e+02
5.120927000000000362e+02
5.124785000000000537e+02
5.133406999999999698e+02
5.135332499999999527e+02
5.137598000000000411e+02
5.140544499999999744e+02
5.145661999999999807e+02
5.148298999999999523e+02
5.152897500000000264e+02
5.152923500000000558e+02
5.155937500000000000e+02
5.156997000000000071e+02
5.160909000000000333e+02
5.160958500000000413e+02
5.174873000000000047e+02
5.176601000000000568e+02
5.181087499999999864e+02
5.181200499999999920e+02
5.181303500000000213e+02
5.183223500000000286e+02
5.186013500000000249e+02
5.186054000000000315e+02
5.186090500000000247e+02
5.187259000000000242e+02
5.191511500000000296e+02
5.194643999999999551e+02
5.202857500000000073e+02
5.203172499999999445e+02
5.203188000000000102e+02
5.204442000000000235e+02
5.204648499999999558e+02
5.204755000000000109e+02
5.204798500000000558e+02
5.209361000000000104e+02
5.210946500000000015e+02
5.211110999999999649e+02
5.211150999999999840e+02
5.211204000000000178e+02
5.212413999999999987e+02
5.212472000000000207e+02
5.217879000000000360e+02
5.220448999999999842e+02
5.228196000000000367e+02
5.228228000000000293e+02
5.228259000000000469e+02
5.229447000000000116e+02
5.229534499999999753e+02
5.230765499999999975e+02
5.230800000000000409e+02
5.230952999999999520e+02
5.233998500000000149e+02
5.237721000000000231e+02
5.239105499999999438e+02
5.247124499999999898e+02
5.247265999999999622e+02
5.248347999999999729e+02
5.248370499999999765e+02
5.250303000000000111e+02
5.251330000000000382e+02
5.253745499999999993e+02
5.253958999999999833e+02
5.254111000000000331e+02
5.258696499999999787e+02
5.263476500000000442e+02
5.274397500000000036e+02
5.278064500000000407e+02
5.284944000000000415e+02
5.285228499999999485e+02
5.285258999999999787e+02
5.285289500000000089e+02
5.289190499999999702e+02
5.289292000000000371e+02
5.289519500000000107e+02
5.289557999999999538e+02
5.290451000000000477e+02
5.291228499999999713e+02
5.291787000000000489e+02
5.292424499999999625e+02
5.292509499999999889e+02
5.292863999999999578e+02
5.296363499999999931e+02
5.300241499999999633e+02
5.300318499999999631e+02
5.300334000000000287e+02
5.300398000000000138e+02
5.300455500000000484e+02
5.306534000000000333e+02
5.306658499999999776e+02
5.313250500000000329e+02
5.313284999999999627e+02
5.313328500000000076e+02
5.313540000000000418e+02
5.313605999999999767e+02
5.318051000000000386e+02
5.319911499999999478e+02
5.320696500000000242e+02
5.322025999999999613e+02
5.322162499999999454e+02
5.327364999999999782e+02
5.328442499999999882e+02
5.328580500000000484e+02
5.330823000000000320e+02
5.336184500000000526e+02
5.340255499999999529e+02
5.343995999999999640e+02
5.344022999999999683e+02
5.344053999999999860e+02
5.344682999999999993e+02
5.344743499999999585e+02
5.345752999999999702e+02
5.345810500000000047e+02
5.345986000000000331e+02
5.346072000000000344e+02
5.347181500000000369e+02
5.347233999999999696e+02
5.347290000000000418e+02
5.347306999999999562e+02
5.348627500000000055e+02
5.350570000000000164e+02
5.352055500000000166e+02
5.354835000000000491e+02
5.368235499999999547e+02
5.372065000000000055e+02
5.374741000000000213e+02
5.375769999999999982e+02
5.375980499999999438e+02
5.376310999999999467e+02
5.376734500000000025e+02
5.377069999999999936e+02
5.377254500000000235e+02
5.377649999999999864e+02
5.377732999999999493e+02
5.379307000000000016e+02
5.381278999999999542e+02
5.382402499999999463e+02
5.384420499999999947e+02
5.386237499999999727e+02
5.386627499999999600e+02
5.388818999999999733e+02
5.389102000000000317e+02
5.390323499999999513e+02
5.390787000000000262e+02
5.391401499999999487e+02
5.392677499999999782e+02
5.393435500000000502e+02
5.394083500000000413e+02
5.394958000000000311e+02
5.395060999999999467e+02
5.395715500000000020e+02
5.395919999999999845e+02
5.396269999999999527e+02
5.396981500000000551e+02
5.397613499999999931e+02
5.397933500000000322e+02
5.399399499999999534e+02
5.399515000000000100e+02
5.399870499999999538e+02
5.400031500000000051e+02
5.400719500000000153e+02
5.401231500000000096e+02
5.401274499999999534e+02
5.401308000000000220e+02
5.401580000000000155e+02
5.401594000000000051e+02
5.403078500000000304e+02
5.404415999999999940e+02
5.404480999999999540e+02
5.405105999999999540e+02
5.405787500000000136e+02
5.406984999999999673e+02
5.407015999999999849e+02
5.407235500000000457e+02
5.407853000000000065e+02
5.407995499999999538e+02
5.408011500000000069e+02
5.408266999999999598e+02
5.408813499999999976e+02
5.408855999999999540e+02
5.409451500000000124e+02
5.409496500000000196e+02
5.409732000000000198e+02
5.410814500000000180e+02
5.411011999999999489e+02
5.412114500000000135e+02
5.412680500000000166e+02
5.413255500000000211e+02
5.413328500000000076e+02
5.413652499999999463e+02
5.413796999999999571e+02
5.414007000000000289e+02
5.414061500000000251e+02
5.414138500000000249e+02
5.414241500000000542e+02
5.414352499999999964e+02
5.414539999999999509e+02
5.414574000000000069e+02
5.414682000000000244e+02
5.414711499999999660e+02
5.414721500000000560e+02
5.414801999999999680e+02
5.415115500000000566e+02
5.415748499999999694e+02
5.415765499999999975e+02
5.415932500000000118e+02
5.416337499999999636e+02
5.417201000000000022e+02
5.417641999999999598e+02
5.417939999999999827e+02
5.418030499999999847e+02
5.418701499999999669e+02
5.418935500000000047e+02
5.419282500000000482e+02
5.419311500000000024e+02
5.419340999999999440e+02
5.419588999999999714e+02
5.419895999999999958e+02
5.420724999999999909e+02
5.421203000000000429e+02
5.421269499999999653e+02
5.421443500000000313e+02
5.421552500000000236e+02
5.421685499999999820e+02
5.421952999999999747e+02
5.422814499999999498e+02
5.422965000000000373e+02
5.423464500000000044e+02
5.423948000000000320e+02
5.424472500000000537e+02
5.424546000000000276e+02
5.424764000000000124e+02
5.425747499999999945e+02
5.426281500000000051e+02
5.426618499999999585e+02
5.426823000000000548e+02
5.427781499999999824e+02
5.427866999999999962e+02
5.427952999999999975e+02
5.428502499999999600e+02
5.428519999999999754e+02
5.428644000000000460e+02
5.429337000000000444e+02
5.429466999999999643e+02
5.430090999999999894e+02
5.430706500000000005e+02
5.430932000000000244e+02
5.431313499999999976e+02
5.431816499999999905e+02
5.432831999999999653e+02
5.435284000000000333e+02
5.435430499999999938e+02
5.435475500000000011e+02
5.435514500000000453e+02
5.435841000000000349e+02
5.436843499999999949e+02
5.437147999999999683e+02
5.437312500000000455e+02
5.437353000000000520e+02
5.437404999999999973e+02
5.437556499999999460e+02
5.438685500000000275e+02
5.439112000000000080e+02
5.439294999999999618e+02
5.440123499999999694e+02
5.440344999999999800e+02
5.441053500000000440e+02
5.442115999999999758e+02
5.442228499999999940e+02
5.442281500000000278e+02
5.444813500000000204e+02
5.447088499999999840e+02
5.447476000000000340e+02
5.448178500000000213e+02
5.448536000000000286e+02
5.449571999999999434e+02
5.449587999999999965e+02
5.449629999999999654e+02
5.452602500000000418e+02
5.453405500000000075e+02
5.454451999999999998e+02
5.455064499999999725e+02
5.455454999999999472e+02
5.456425000000000409e+02
5.456541499999999587e+02
5.457317500000000337e+02
5.457368500000000040e+02
5.457389500000000453e+02
5.457431000000000267e+02
5.457604999999999791e+02
5.459497999999999820e+02
5.460372999999999593e+02
5.460889499999999543e+02
5.461095500000000129e+02
5.461221500000000333e+02
5.462381000000000313e+02
5.462412000000000489e+02
5.462462000000000444e+02
5.462943500000000085e+02
5.462979500000000144e+02
5.462998499999999922e+02
5.463614999999999782e+02
5.465183500000000549e+02
5.465383500000000367e+02
5.465420500000000175e+02
5.466168499999999995e+02
5.466204000000000178e+02
5.466375000000000455e+02
5.466393500000000358e+02
5.467143499999999676e+02
5.467568499999999858e+02
5.469385999999999513e+02
5.469764999999999873e+02
5.469798500000000558e+02
5.470910499999999956e+02
5.471360499999999547e+02
5.473094999999999573e+02
5.475901000000000067e+02
5.477133999999999787e+02
5.478325999999999567e+02
5.478918999999999642e+02
5.479163999999999533e+02
5.479255500000000438e+02
5.479645500000000311e+02
5.479876000000000431e+02
5.479919499999999744e+02
5.481625999999999976e+02
5.485442000000000462e+02
5.491525500000000193e+02
5.491803999999999633e+02
5.495354999999999563e+02
5.498953999999999951e+02
5.501713999999999487e+02
5.508724999999999454e+02
5.508873999999999569e+02
5.509568000000000438e+02
5.519922000000000253e+02
5.526522999999999683e+02
5.527967499999999745e+02
5.528451000000000022e+02
5.530967000000000553e+02
5.549841999999999871e+02
5.558741499999999860e+02
5.560308999999999742e+02
5.561989499999999680e+02
5.569477500000000418e+02
5.575588999999999942e+02
5.580348000000000184e+02
5.580436999999999443e+02
5.580603999999999587e+02
5.582741999999999507e+02
5.582780000000000200e+02
5.585048500000000331e+02
5.585774499999999989e+02
5.588704999999999927e+02
5.595969999999999800e+02
5.597430000000000518e+02
5.597802000000000362e+02
5.598332000000000335e+02
5.599186999999999443e+02
5.600288000000000466e+02
5.600324000000000524e+02
5.602195500000000266e+02
5.603080499999999802e+02
5.603435500000000502e+02
5.603496499999999969e+02
5.604987999999999602e+02
5.605267499999999927e+02
5.605557999999999765e+02
5.611769500000000335e+02
5.612432999999999765e+02
5.612555499999999711e+02
5.616183999999999514e+02
5.616251999999999498e+02
5.618311499999999796e+02
5.619419500000000198e+02
5.620543000000000120e+02
5.622394500000000335e+02
5.624166999999999916e+02
5.624988499999999476e+02
5.630295499999999720e+02
5.630327499999999645e+02
5.630361500000000206e+02
5.630575499999999920e+02
5.630605000000000473e+02
5.630636500000000524e+02
5.630756000000000085e+02
5.633618000000000166e+02
5.633784000000000560e+02
5.633872499999999945e+02
5.633922499999999900e+02
5.634808500000000322e+02
5.634887999999999693e+02
5.636924000000000206e+02
5.637131500000000415e+02
5.637611000000000558e+02
5.638370999999999640e+02
5.638543499999999540e+02
5.638794500000000198e+02
5.639347999999999956e+02
5.639371499999999742e+02
5.640224500000000489e+02
5.641304499999999962e+02
5.642093499999999722e+02
5.642762000000000171e+02
5.642936999999999443e+02
5.643689000000000533e+02
5.644333500000000186e+02
5.644449499999999489e+02
5.644480499999999665e+02
5.644669499999999971e+02
5.644740000000000464e+02
5.644895999999999958e+02
5.645202000000000453e+02
5.645345499999999674e+02
5.645868000000000393e+02
5.646147999999999456e+02
5.646174999999999500e+02
5.646518499999999676e+02
5.646748999999999796e+02
5.647076499999999442e+02
5.647109000000000378e+02
5.647385000000000446e+02
5.647419999999999618e+02
5.647485500000000229e+02
5.647790499999999838e+02
5.648120499999999993e+02
5.648623000000000047e+02
5.649012999999999920e+02
5.649074000000000524e+02
5.649384999999999764e+02
5.649666999999999462e+02
5.649811499999999569e+02
5.649868000000000166e+02
5.649992999999999483e+02
5.650096499999999651e+02
5.650427499999999554e+02
5.650897499999999809e+02
5.650951499999999896e+02
5.650976500000000442e+02
5.651067500000000337e+02
5.651186500000000024e+02
5.651313999999999851e+02
5.651740499999999656e+02
5.652196500000000015e+02
5.652287000000000035e+02
5.652335000000000491e+02
5.652422000000000253e+02
5.652500999999999749e+02
5.652580500000000256e+02
5.652596499999999651e+02
5.652705499999999574e+02
5.652770000000000437e+02
5.653048000000000002e+02
5.653077500000000555e+02
5.653461499999999660e+02
5.653596499999999878e+02
5.653718999999999824e+02
5.654075500000000147e+02
5.654184999999999945e+02
5.654287500000000364e+02
5.654316000000000031e+02
5.654358999999999469e+02
5.654509000000000469e+02
5.654612499999999500e+02
5.654715499999999793e+02
5.655510000000000446e+02
5.655814500000000180e+02
5.656017500000000382e+02
5.656172000000000253e+02
5.656207500000000437e+02
5.656235000000000355e+02
5.656562000000000126e+02
5.656638000000000375e+02
5.656816000000000031e+02
5.656961000000000013e+02
5.657441499999999905e+02
5.657824000000000524e+02
5.657957499999999982e+02
5.657975999999999885e+02
5.658626000000000431e+02
5.658877499999999827e+02
5.659089500000000044e+02
5.659263499999999567e+02
5.659401500000000169e+02
5.659439499999999725e+02
5.659519999999999982e+02
5.659796499999999924e+02
5.660019999999999527e+02
5.661227499999999964e+02
5.661837500000000318e+02
5.661875499999999874e+02
5.662074999999999818e+02
5.662094499999999471e+02
5.662752500000000282e+02
5.662844499999999925e+02
5.663438499999999749e+02
5.663640000000000327e+02
5.664642000000000053e+02
5.665311000000000377e+02
5.665345499999999674e+02
5.665471999999999753e+02
5.666146999999999707e+02
5.666489500000000135e+02
5.667302499999999554e+02
5.667417500000000246e+02
5.667545999999999822e+02
5.667690000000000055e+02
5.667731999999999744e+02
5.668019500000000335e+02
5.668701999999999543e+02
5.668803500000000213e+02
5.670190999999999804e+02
5.670552000000000135e+02
5.670666999999999689e+02
5.670684999999999718e+02
5.670701000000000249e+02
5.671240500000000111e+02
5.671686499999999569e+02
5.671711500000000115e+02
5.674321999999999662e+02
5.674873999999999796e+02
5.675015499999999520e+02
5.684213499999999613e+02
5.689243500000000040e+02
5.689311000000000149e+02
5.690390999999999622e+02
5.690686500000000478e+02
5.693093499999999949e+02
5.693124500000000126e+02
5.695022500000000036e+02
5.697644999999999982e+02
5.697688500000000431e+02
5.697740999999999758e+02
5.700245999999999640e+02
5.701427999999999656e+02
5.701538000000000466e+02
5.703495500000000220e+02
5.704760499999999865e+02
5.708273500000000240e+02
5.710457000000000107e+02
5.711849499999999580e+02
5.711893999999999778e+02
5.715946000000000140e+02
5.715984499999999571e+02
5.716036500000000160e+02
5.716107500000000528e+02
5.718192999999999984e+02
5.719779499999999643e+02
5.721589500000000044e+02
5.728332000000000335e+02
5.735843999999999596e+02
5.736683000000000447e+02
5.736946500000000242e+02
5.736980999999999540e+02
5.737019999999999982e+02
5.738493999999999460e+02
5.743175499999999829e+02
5.744099999999999682e+02
5.745788999999999760e+02
5.745883000000000038e+02
5.749291500000000497e+02
5.749764499999999998e+02
