1.949756500000000017e+02
2.039483500000000049e+02
2.052916500000000042e+02
2.089258000000000095e+02
2.172503000000000100e+02
2.179793999999999983e+02
2.215851999999999862e+02
2.255874000000000024e+02
2.332973499999999945e+02
2.423518500000000131e+02
2.482341499999999996e+02
2.656397999999999797e+02
2.656413000000000011e+02
2.691497499999999832e+02
2.692062500000000114e+02
2.698084499999999935e+02
2.791055999999999813e+02
2.873004000000000246e+02
2.936772000000000276e+02
2.959903499999999781e+02
2.985468000000000188e+02
3.005583500000000186e+02
3.133469499999999925e+02
3.311039999999999850e+02
3.589262499999999818e+02
3.723797999999999888e+02
3.742542000000000257e+02
3.838363499999999817e+02
3.840548499999999876e+02
3.860889500000000112e+02
4.071771499999999833e+02
4.121852999999999838e+02
4.154245000000000232e+02
4.243912500000000136e+02
4.422178999999999860e+02
4.422400999999999840e+02
4.443432000000000244e+02
4.927287499999999909e+02
5.522713499999999840e+02
