8.129400000000000404e+00
1.025404999999999944e+01
1.042154999999999987e+01
1.046950000000000003e+01
1.053754999999999953e+01
1.065610000000000035e+01
1.077089999999999925e+01
1.088930000000000042e+01
1.094454999999999956e+01
1.107724999999999937e+01
1.115290000000000070e+01
1.119950000000000045e+01
1.123659999999999926e+01
1.173535000000000039e+01
1.181939999999999991e+01
1.188165000000000049e+01
1.190830000000000055e+01
1.223215000000000074e+01
1.238679999999999914e+01
1.259065000000000012e+01
1.288719999999999999e+01
1.309389999999999965e+01
1.329074999999999918e+01
1.346565000000000012e+01
1.360740000000000016e+01
1.436389999999999922e+01
1.498470000000000013e+01
1.498755000000000059e+01
1.499034999999999940e+01
1.499559999999999960e+01
2.153900000000000148e+01
2.166850000000000165e+01
2.191904999999999859e+01
2.199954999999999927e+01
2.208239999999999981e+01
2.217824999999999847e+01
2.228790000000000049e+01
2.233695000000000164e+01
2.263354999999999961e+01
2.268009999999999948e+01
2.273069999999999879e+01
2.275150000000000006e+01
2.277505000000000024e+01
2.280030000000000001e+01
2.288404999999999845e+01
2.384195000000000064e+01
2.393005000000000138e+01
2.487539999999999907e+01
2.690934999999999988e+01
2.861850000000000094e+01
3.693075000000000330e+01
3.955799999999999983e+01
4.071195000000000164e+01
4.071759999999999735e+01
4.353835000000000122e+01
4.580140000000000100e+01
4.809029999999999916e+01
4.940440000000000254e+01
4.958084999999999809e+01
4.965509999999999735e+01
4.968549999999999756e+01
4.982979999999999876e+01
4.986184999999999690e+01
5.014549999999999841e+01
5.017564999999999742e+01
5.027620000000000289e+01
5.053495000000000203e+01
5.212955000000000183e+01
5.213369999999999749e+01
6.045020000000000238e+01
6.097999999999999687e+01
6.104249999999999687e+01
6.107645000000000124e+01
6.112095000000000056e+01
6.118050000000000210e+01
6.121464999999999890e+01
6.125439999999999685e+01
6.131564999999999799e+01
6.134770000000000323e+01
6.140435000000000088e+01
6.143594999999999828e+01
6.149904999999999688e+01
6.154265000000000185e+01
6.170394999999999897e+01
6.181224999999999881e+01
6.197789999999999822e+01
6.208239999999999981e+01
6.240035000000000309e+01
6.261860000000000070e+01
6.307679999999999865e+01
6.314739999999999753e+01
6.331224999999999881e+01
6.344534999999999769e+01
6.347939999999999827e+01
6.359300000000000352e+01
6.373069999999999879e+01
6.380960000000000321e+01
6.397104999999999819e+01
6.423645000000000493e+01
6.427464999999999407e+01
6.430230000000000246e+01
6.436639999999999873e+01
6.447809999999999775e+01
6.452934999999999377e+01
6.457510000000000616e+01
6.461480000000000246e+01
6.462534999999999741e+01
6.466665000000000418e+01
6.468489999999999895e+01
6.475854999999999961e+01
6.486690000000000111e+01
6.523860000000000525e+01
6.531794999999999618e+01
6.534574999999999534e+01
6.548314999999999486e+01
6.572459999999999525e+01
6.583344999999999914e+01
6.589910000000000423e+01
6.598125000000000284e+01
6.611490000000000578e+01
6.615805000000000291e+01
6.664445000000000618e+01
6.702200000000000557e+01
6.705395000000000039e+01
6.735809999999999320e+01
6.738594999999999402e+01
6.808735000000000070e+01
6.809290000000000020e+01
6.937194999999999823e+01
6.942785000000000650e+01
6.946450000000000102e+01
6.964634999999999820e+01
6.968614999999999782e+01
6.972209999999999752e+01
6.974625000000000341e+01
6.995884999999999820e+01
7.006034999999999968e+01
7.042669999999999675e+01
7.076754999999999995e+01
7.429465000000000430e+01
7.441219999999999857e+01
7.446750000000000114e+01
7.452724999999999511e+01
7.456850000000000023e+01
7.463325000000000387e+01
7.466814999999999714e+01
7.477694999999999936e+01
7.489220000000000255e+01
7.510694999999999766e+01
7.521514999999999418e+01
7.662269999999999470e+01
7.924025000000000318e+01
7.924354999999999905e+01
9.328340000000000032e+01
1.049990499999999969e+02
1.054599500000000063e+02
1.055122999999999962e+02
1.055833499999999958e+02
1.196278499999999951e+02
1.238893000000000058e+02
1.240703500000000048e+02
1.241210999999999984e+02
1.241768500000000017e+02
1.241927000000000021e+02
1.242788500000000056e+02
1.243293500000000051e+02
1.244038500000000056e+02
1.244671500000000037e+02
1.245072499999999991e+02
1.245838999999999999e+02
1.246488999999999976e+02
1.247574000000000041e+02
1.248692499999999939e+02
1.251466499999999940e+02
1.286142000000000110e+02
1.297276500000000112e+02
1.359345500000000015e+02
1.360072499999999991e+02
1.361168499999999995e+02
1.361666500000000042e+02
1.362274999999999920e+02
1.362747999999999990e+02
1.363404999999999916e+02
1.364340500000000134e+02
1.364930999999999983e+02
1.365530500000000131e+02
1.365803500000000099e+02
1.366169999999999902e+02
1.366354000000000042e+02
1.366493499999999983e+02
1.366830500000000086e+02
1.367726000000000113e+02
1.368432999999999993e+02
1.368944999999999936e+02
1.370446499999999901e+02
1.374054999999999893e+02
1.374352499999999964e+02
1.407035500000000070e+02
1.464444000000000017e+02
1.464473000000000127e+02
1.464500999999999920e+02
1.488882499999999993e+02
1.513414999999999964e+02
1.513440999999999974e+02
1.513471499999999992e+02
1.524627499999999998e+02
1.529061499999999967e+02
1.548655500000000131e+02
1.548679999999999950e+02
1.578700000000000045e+02
1.588355500000000120e+02
1.595399500000000046e+02
1.600157000000000096e+02
1.617477000000000089e+02
1.629362500000000011e+02
1.629393499999999904e+02
1.629438000000000102e+02
1.653714500000000100e+02
1.653745499999999993e+02
1.653780500000000018e+02
1.659636500000000012e+02
1.659660000000000082e+02
1.659682500000000118e+02
1.659713000000000136e+02
1.697319500000000119e+02
1.697377999999999929e+02
1.702644999999999982e+02
1.702713999999999999e+02
1.710722000000000094e+02
1.710765000000000100e+02
1.710789000000000044e+02
1.710817000000000121e+02
1.714021500000000060e+02
1.714048500000000104e+02
1.728298000000000059e+02
1.732824500000000114e+02
1.744158500000000060e+02
1.749558499999999981e+02
1.749582499999999925e+02
1.749605500000000120e+02
1.749634000000000071e+02
1.749667499999999905e+02
1.753654500000000098e+02
1.753677999999999884e+02
1.753702499999999986e+02
1.753728499999999997e+02
1.753778000000000077e+02
1.759545999999999992e+02
1.759585999999999899e+02
1.759632499999999879e+02
1.759671999999999912e+02
1.760689999999999884e+02
1.767635999999999967e+02
1.767660500000000070e+02
1.767686999999999955e+02
1.768994500000000016e+02
1.769024000000000001e+02
1.769056999999999960e+02
1.776151999999999873e+02
1.798735000000000070e+02
1.798768000000000029e+02
1.798800999999999988e+02
1.806125999999999863e+02
1.809998500000000092e+02
1.810016999999999996e+02
1.810033999999999992e+02
1.810052499999999895e+02
1.810098500000000001e+02
1.810136500000000126e+02
1.811867000000000019e+02
1.826971499999999935e+02
1.835963500000000010e+02
1.835991500000000087e+02
1.836017999999999972e+02
1.838832999999999913e+02
1.838863499999999931e+02
1.838921499999999867e+02
1.840191499999999962e+02
1.848290499999999952e+02
1.848310999999999922e+02
1.848329999999999984e+02
1.848351499999999987e+02
1.848378500000000031e+02
1.863705999999999960e+02
1.869593999999999880e+02
1.869615000000000009e+02
1.869636000000000138e+02
1.869657500000000141e+02
1.869684000000000026e+02
1.870160500000000070e+02
1.886904000000000110e+02
1.886930999999999869e+02
1.886956999999999880e+02
1.893697999999999979e+02
1.898805000000000121e+02
1.905831000000000017e+02
1.905851000000000113e+02
1.905869500000000016e+02
1.905891000000000020e+02
1.905915500000000122e+02
1.905946000000000140e+02
1.906016999999999939e+02
1.909319000000000131e+02
1.910377499999999884e+02
1.915790499999999952e+02
1.915811500000000080e+02
1.915831499999999892e+02
1.915857000000000028e+02
1.918746500000000026e+02
1.918768499999999904e+02
1.918790500000000065e+02
1.918814000000000135e+02
1.932289499999999975e+02
1.932352500000000077e+02
1.932384000000000128e+02
1.934565000000000055e+02
1.934588999999999999e+02
1.942740499999999884e+02
1.942769499999999994e+02
1.942796500000000037e+02
1.947336500000000115e+02
1.954448999999999899e+02
1.965591000000000008e+02
1.965614999999999952e+02
1.965640999999999963e+02
1.965674999999999955e+02
1.970144999999999982e+02
1.970174000000000092e+02
1.970200000000000102e+02
1.972675999999999874e+02
1.972709499999999991e+02
1.978738500000000045e+02
1.980390500000000031e+02
1.980433500000000038e+02
1.985821500000000128e+02
1.985845999999999947e+02
1.985869999999999891e+02
1.985902000000000100e+02
1.990250499999999931e+02
1.996247500000000059e+02
1.996267499999999870e+02
1.996286000000000058e+02
1.996305999999999869e+02
1.996330000000000098e+02
1.996358999999999924e+02
1.996398499999999956e+02
1.996840500000000134e+02
1.997376500000000021e+02
2.004016499999999894e+02
2.004037999999999897e+02
2.004059499999999900e+02
2.004080500000000029e+02
2.004105000000000132e+02
2.004146000000000072e+02
2.007978999999999985e+02
2.008857999999999890e+02
2.008892999999999915e+02
2.008912500000000136e+02
2.008935999999999922e+02
2.008960500000000025e+02
2.008993499999999983e+02
2.010380499999999984e+02
2.010401999999999987e+02
2.011119999999999948e+02
2.011140499999999918e+02
2.011160999999999888e+02
2.011214500000000100e+02
2.013579000000000008e+02
2.016439000000000021e+02
2.020260499999999979e+02
2.028344999999999914e+02
2.028363999999999976e+02
2.028382000000000005e+02
2.028402499999999975e+02
2.028426499999999919e+02
2.028472999999999900e+02
2.032297000000000082e+02
2.032395500000000084e+02
2.033826500000000124e+02
2.040730000000000075e+02
2.040758500000000026e+02
2.048365499999999884e+02
2.048391499999999894e+02
2.048415999999999997e+02
2.048454000000000121e+02
2.054579999999999984e+02
2.054608000000000061e+02
2.054634000000000071e+02
2.054675499999999886e+02
2.061581500000000062e+02
2.062083499999999958e+02
2.062110500000000002e+02
2.062134499999999946e+02
2.062165500000000122e+02
2.069834500000000048e+02
2.069866499999999974e+02
2.069913999999999987e+02
2.090719499999999869e+02
2.092755500000000097e+02
2.097930499999999938e+02
2.097949999999999875e+02
2.097968500000000063e+02
2.097988499999999874e+02
2.098012999999999977e+02
2.098041499999999928e+02
2.098094499999999982e+02
2.098445499999999981e+02
2.098824999999999932e+02
2.099351000000000056e+02
2.099767999999999972e+02
2.104086000000000070e+02
2.104110000000000014e+02
2.104133500000000083e+02
2.107013499999999908e+02
2.107033500000000004e+02
2.107056499999999915e+02
2.107137500000000045e+02
2.109775500000000079e+02
2.109788000000000068e+02
2.109798999999999864e+02
2.109825999999999908e+02
2.113723999999999990e+02
2.114517500000000041e+02
2.120385499999999865e+02
2.120422000000000082e+02
2.120516499999999951e+02
2.122687999999999988e+02
2.122752000000000123e+02
2.124952499999999986e+02
2.125550499999999943e+02
2.130301000000000045e+02
2.139977000000000089e+02
2.141388499999999908e+02
2.142364499999999907e+02
2.147659999999999911e+02
2.147678500000000099e+02
2.147714499999999873e+02
2.147735999999999876e+02
2.147760499999999979e+02
2.151049500000000023e+02
2.151072000000000060e+02
2.152599999999999909e+02
2.152650500000000022e+02
2.154162499999999909e+02
2.154194999999999993e+02
2.169782999999999902e+02
2.169816500000000019e+02
2.176031499999999994e+02
2.176502999999999872e+02
2.185096000000000060e+02
2.185130499999999927e+02
2.185149000000000115e+02
2.185168999999999926e+02
2.185193999999999903e+02
2.185226000000000113e+02
2.189530499999999904e+02
2.189567000000000121e+02
2.189586500000000058e+02
2.189608499999999935e+02
2.189635499999999979e+02
2.192270000000000039e+02
2.192350500000000011e+02
2.193128000000000100e+02
2.194026000000000067e+02
2.195994000000000028e+02
2.199749999999999943e+02
2.204798000000000116e+02
2.204815999999999860e+02
2.204833000000000141e+02
2.204851500000000044e+02
2.204873499999999922e+02
2.204895500000000084e+02
2.204924000000000035e+02
2.204980500000000063e+02
2.206986499999999864e+02
2.207646000000000015e+02
2.207682000000000073e+02
2.207701999999999884e+02
2.207775000000000034e+02
2.209268999999999892e+02
2.209392499999999870e+02
2.209436499999999910e+02
2.209928500000000042e+02
2.209971500000000049e+02
2.214431999999999903e+02
2.219373999999999967e+02
2.219393499999999904e+02
2.221086999999999989e+02
2.221125999999999863e+02
2.222777000000000100e+02
2.223362500000000068e+02
2.223414500000000089e+02
2.224081500000000062e+02
2.224574499999999944e+02
2.233092000000000041e+02
2.233131999999999948e+02
2.233154499999999985e+02
2.233180499999999995e+02
2.233215500000000020e+02
2.233410499999999956e+02
2.233797000000000139e+02
2.235780000000000030e+02
2.242227499999999907e+02
2.242280499999999961e+02
2.242300999999999931e+02
2.242325500000000034e+02
2.242356000000000051e+02
2.242800499999999886e+02
2.246571500000000015e+02
2.247305000000000064e+02
2.247360500000000059e+02
2.247389000000000010e+02
2.248804000000000087e+02
2.249012500000000045e+02
2.249404000000000110e+02
2.249470499999999902e+02
2.254115999999999929e+02
2.258467499999999859e+02
2.258506500000000017e+02
2.258527499999999861e+02
2.258551999999999964e+02
2.258590000000000089e+02
2.262533500000000117e+02
2.262565999999999917e+02
2.263586999999999989e+02
2.263682000000000016e+02
2.265714000000000112e+02
2.265734500000000082e+02
2.265774999999999864e+02
2.265800000000000125e+02
2.265954499999999996e+02
2.268605000000000018e+02
2.268628500000000088e+02
2.268660999999999888e+02
2.276234499999999912e+02
2.276251499999999908e+02
2.276271500000000003e+02
2.276297000000000139e+02
2.276331500000000005e+02
2.276402999999999963e+02
2.281926499999999862e+02
2.281943499999999858e+02
2.281983999999999924e+02
2.285378000000000043e+02
2.285409500000000094e+02
2.285429000000000030e+02
2.285472499999999911e+02
2.286023000000000138e+02
2.286049500000000023e+02
2.286149499999999932e+02
2.286218499999999949e+02
2.296779999999999973e+02
2.296799499999999910e+02
2.296817499999999939e+02
2.296859000000000037e+02
2.296887000000000114e+02
2.296929000000000087e+02
2.301836500000000001e+02
2.301872500000000059e+02
2.301891999999999996e+02
2.301914500000000032e+02
2.301937000000000069e+02
2.301970000000000027e+02
2.303355999999999995e+02
2.304944500000000005e+02
2.304966000000000008e+02
2.305007500000000107e+02
2.305036499999999933e+02
2.309461000000000013e+02
2.309481000000000108e+02
2.309504000000000019e+02
2.309533999999999878e+02
2.315081500000000005e+02
2.315101999999999975e+02
2.315118999999999971e+02
2.315139000000000067e+02
2.315160999999999945e+02
2.315226499999999987e+02
2.317086999999999932e+02
2.317115499999999884e+02
2.317144999999999868e+02
2.317206999999999937e+02
2.320829500000000110e+02
2.321893499999999904e+02
2.321930999999999869e+02
2.321964000000000112e+02
2.325311499999999967e+02
2.325332500000000095e+02
2.325352000000000032e+02
2.325375999999999976e+02
2.330242499999999950e+02
2.330260000000000105e+02
2.330280500000000075e+02
2.330301499999999919e+02
2.330327000000000055e+02
2.330364500000000021e+02
2.336594499999999925e+02
2.337196000000000140e+02
2.337252000000000010e+02
2.338839999999999861e+02
2.338881499999999960e+02
2.340247500000000116e+02
2.340374999999999943e+02
2.341151000000000124e+02
2.346302499999999895e+02
2.346321000000000083e+02
2.346357000000000141e+02
2.346376999999999953e+02
2.346440000000000055e+02
2.346668500000000108e+02
2.348880000000000052e+02
2.348943999999999903e+02
2.348973499999999888e+02
2.354584999999999866e+02
2.354606499999999869e+02
2.354627499999999998e+02
2.354649499999999875e+02
2.354684499999999900e+02
2.360410500000000127e+02
2.360433999999999912e+02
2.360456000000000074e+02
2.360480499999999893e+02
2.364549499999999966e+02
2.364568999999999903e+02
2.364587999999999965e+02
2.364610000000000127e+02
2.364668499999999938e+02
2.369514499999999941e+02
2.369535500000000070e+02
2.369556000000000040e+02
2.369577999999999918e+02
2.369608499999999935e+02
2.373649000000000058e+02
2.373705999999999960e+02
2.376228000000000122e+02
2.380774999999999864e+02
2.380794999999999959e+02
2.380813499999999863e+02
2.380834000000000117e+02
2.380857499999999902e+02
2.380886500000000012e+02
2.386426500000000033e+02
2.386446500000000128e+02
2.386465499999999906e+02
2.386487500000000068e+02
2.390510999999999910e+02
2.390529500000000098e+02
2.390549499999999910e+02
2.390571500000000071e+02
2.393882499999999993e+02
2.393941499999999962e+02
2.393967499999999973e+02
2.397503000000000100e+02
2.397608500000000049e+02
2.399419000000000040e+02
2.405115000000000123e+02
2.405135500000000093e+02
2.405173000000000059e+02
2.405198499999999910e+02
2.405244500000000016e+02
2.408886500000000126e+02
2.408905499999999904e+02
2.408927999999999940e+02
2.408951999999999884e+02
2.408982499999999902e+02
2.413857000000000141e+02
2.413885999999999967e+02
2.413911500000000103e+02
2.419582000000000050e+02
2.419602500000000020e+02
2.419621999999999957e+02
2.425180499999999881e+02
2.425198499999999910e+02
2.425215499999999906e+02
2.425252999999999872e+02
2.426352500000000134e+02
2.426986499999999864e+02
2.427025500000000022e+02
2.427051500000000033e+02
2.427817000000000007e+02
2.427915500000000009e+02
2.428633000000000095e+02
2.433854000000000042e+02
2.433876999999999953e+02
2.433898000000000081e+02
2.433924000000000092e+02
2.433956499999999892e+02
2.439557000000000073e+02
2.439652499999999975e+02
2.441021499999999946e+02
2.445754000000000019e+02
2.445778500000000122e+02
2.445801999999999907e+02
2.445831499999999892e+02
2.452786999999999864e+02
2.454752499999999884e+02
2.454772499999999980e+02
2.454798499999999990e+02
2.454828500000000133e+02
2.459075499999999863e+02
2.459097999999999900e+02
2.459119499999999903e+02
2.459147000000000105e+02
2.461239999999999952e+02
2.465286999999999864e+02
2.465343499999999892e+02
2.465367999999999995e+02
2.466153500000000065e+02
2.469436000000000035e+02
2.469458999999999946e+02
2.469479499999999916e+02
2.469549000000000092e+02
2.479217500000000030e+02
2.479237500000000125e+02
2.479255499999999870e+02
2.479276000000000124e+02
2.479302000000000135e+02
2.479334000000000060e+02
2.483907000000000096e+02
2.483925999999999874e+02
2.484011999999999887e+02
2.484071500000000015e+02
2.487441499999999905e+02
2.487478999999999871e+02
2.487498500000000092e+02
2.487522500000000036e+02
2.487553499999999929e+02
2.492879499999999950e+02
2.492898000000000138e+02
2.492915000000000134e+02
2.492932999999999879e+02
2.492954000000000008e+02
2.492978500000000111e+02
2.493020500000000084e+02
2.497222500000000025e+02
2.497243499999999869e+02
2.497263000000000090e+02
2.497284999999999968e+02
2.497315999999999860e+02
2.502597499999999968e+02
2.502617500000000064e+02
2.502636500000000126e+02
2.502658500000000004e+02
2.502686500000000080e+02
2.502737500000000068e+02
2.511624500000000069e+02
2.511662000000000035e+02
2.511682500000000005e+02
2.511704499999999882e+02
2.511735999999999933e+02
2.514777499999999861e+02
2.514797499999999957e+02
2.514816999999999894e+02
2.514838499999999897e+02
2.518188499999999976e+02
2.518207999999999913e+02
2.518229000000000042e+02
2.518254499999999894e+02
2.519594500000000039e+02
2.521385500000000093e+02
2.526086999999999989e+02
2.526126999999999896e+02
2.526149000000000058e+02
2.526222999999999956e+02
2.529271500000000117e+02
2.529378000000000100e+02
2.531305000000000121e+02
2.531339499999999987e+02
2.531999999999999886e+02
2.537597499999999968e+02
2.537684500000000014e+02
2.537716499999999940e+02
2.542939499999999953e+02
2.543720500000000015e+02
2.543739999999999952e+02
2.543759000000000015e+02
2.543779999999999859e+02
2.543837000000000046e+02
2.545304500000000019e+02
2.546117500000000007e+02
2.547627999999999986e+02
2.550713499999999954e+02
2.550949999999999989e+02
2.550970000000000084e+02
2.550988000000000113e+02
2.551008500000000083e+02
2.551031999999999869e+02
2.551074500000000000e+02
2.553903999999999996e+02
2.553927500000000066e+02
2.554646999999999935e+02
2.554742500000000121e+02
2.555954999999999870e+02
2.559749999999999943e+02
2.559773500000000013e+02
2.559828500000000133e+02
2.562753999999999905e+02
2.562796999999999912e+02
2.564751499999999851e+02
2.564775999999999954e+02
2.564798999999999864e+02
2.567341999999999871e+02
2.573428499999999985e+02
2.573449499999999830e+02
2.573489500000000021e+02
2.573516999999999939e+02
2.575849999999999795e+02
2.575901000000000067e+02
2.580778999999999996e+02
2.580819500000000062e+02
2.582509499999999889e+02
2.588887500000000159e+02
2.588910500000000070e+02
2.602015000000000100e+02
2.602038000000000011e+02
2.602060000000000173e+02
2.602087500000000091e+02
2.602131999999999721e+02
2.608899000000000115e+02
2.608956499999999892e+02
2.608981499999999869e+02
2.609012500000000045e+02
2.611487500000000068e+02
2.611575000000000273e+02
2.613127000000000066e+02
2.613169500000000198e+02
2.613193499999999858e+02
2.613233500000000049e+02
2.615637500000000273e+02
2.615657499999999800e+02
2.615683000000000220e+02
2.615715000000000146e+02
2.616043999999999983e+02
2.616759999999999877e+02
2.621040499999999724e+02
2.621097500000000196e+02
2.636186000000000149e+02
2.636206000000000245e+02
2.636243499999999926e+02
2.636295999999999822e+02
2.639714000000000169e+02
2.639735000000000014e+02
2.639754500000000235e+02
2.639775000000000205e+02
2.641702999999999975e+02
2.641727000000000203e+02
2.641746999999999730e+02
2.641773000000000025e+02
2.641972000000000094e+02
2.646313499999999976e+02
2.646333000000000197e+02
2.646351000000000226e+02
2.646371500000000196e+02
2.646395999999999731e+02
2.646426000000000158e+02
2.648974999999999795e+02
2.648996999999999957e+02
2.649017000000000053e+02
2.649039999999999964e+02
2.649071000000000140e+02
2.653253500000000145e+02
2.653325500000000261e+02
2.657235000000000014e+02
2.657657500000000255e+02
2.657676500000000033e+02
2.657694000000000187e+02
2.657712999999999965e+02
2.657735999999999876e+02
2.657762000000000171e+02
2.659228499999999826e+02
2.659997000000000185e+02
2.660020999999999844e+02
2.660047000000000139e+02
2.664904500000000098e+02
2.664950499999999920e+02
2.664978500000000281e+02
2.670684499999999844e+02
2.670708000000000197e+02
2.670731000000000108e+02
2.670763999999999783e+02
2.682673500000000217e+02
2.682712500000000091e+02
2.682733999999999810e+02
2.682805000000000177e+02
2.687119999999999891e+02
2.687142499999999927e+02
2.687164500000000089e+02
2.687188499999999749e+02
2.687234000000000265e+02
2.692223000000000184e+02
2.692243000000000279e+02
2.692262000000000057e+02
2.692284500000000094e+02
2.692309999999999945e+02
2.696068500000000085e+02
2.696093000000000188e+02
2.696146499999999833e+02
2.702026999999999930e+02
2.702051000000000158e+02
2.702072499999999877e+02
2.702114500000000135e+02
2.707117499999999950e+02
2.707149499999999875e+02
2.708790500000000065e+02
2.713494999999999777e+02
2.713514000000000124e+02
2.713533499999999776e+02
2.713553499999999872e+02
2.713576499999999783e+02
2.713610499999999774e+02
2.713722000000000207e+02
2.715242000000000075e+02
2.727659499999999753e+02
2.727680500000000166e+02
2.727699499999999944e+02
2.727721500000000106e+02
2.727749999999999773e+02
2.731310500000000161e+02
2.731348499999999717e+02
2.731367999999999938e+02
2.731385000000000218e+02
2.731406000000000063e+02
2.731435999999999922e+02
2.732832000000000221e+02
2.732855500000000006e+02
2.732877500000000168e+02
2.733607499999999959e+02
2.733654500000000098e+02
2.748249999999999886e+02
2.748270499999999856e+02
2.748290000000000077e+02
2.748311499999999796e+02
2.748337999999999965e+02
2.748376499999999965e+02
2.756944500000000176e+02
2.756964500000000271e+02
2.756983000000000175e+02
2.757004000000000019e+02
2.757029499999999871e+02
2.757085999999999899e+02
2.760721500000000219e+02
2.760779999999999745e+02
2.764657000000000266e+02
2.764678999999999860e+02
2.764698500000000081e+02
2.764721000000000117e+02
2.764755000000000109e+02
2.768643999999999892e+02
2.768678499999999758e+02
2.772494500000000244e+02
2.772524999999999977e+02
2.772586999999999762e+02
2.784422000000000139e+02
2.784443499999999858e+02
2.784463499999999954e+02
2.784485999999999990e+02
2.789141000000000190e+02
2.789182999999999879e+02
2.789232499999999959e+02
2.790018000000000029e+02
2.796788999999999987e+02
2.796809999999999832e+02
2.796836000000000126e+02
2.800514499999999884e+02
2.814350999999999772e+02
2.814418999999999755e+02
2.817064500000000180e+02
2.817087000000000216e+02
2.817107500000000186e+02
2.817131499999999846e+02
2.826567000000000007e+02
2.826589999999999918e+02
2.826611500000000206e+02
2.826637000000000057e+02
2.834712499999999977e+02
2.834732000000000198e+02
2.834748999999999910e+02
2.834769000000000005e+02
2.834789000000000101e+02
2.834815500000000270e+02
2.837812500000000000e+02
2.837850999999999999e+02
2.839660999999999831e+02
2.840303499999999985e+02
2.847733000000000061e+02
2.847756999999999721e+02
2.847887999999999806e+02
2.853706999999999994e+02
2.853729000000000156e+02
2.853747999999999934e+02
2.853772500000000036e+02
2.853824500000000057e+02
2.857592500000000086e+02
2.857616499999999746e+02
2.857640000000000100e+02
2.857685500000000047e+02
2.865724000000000160e+02
2.865745000000000005e+02
2.865763999999999783e+02
2.865787000000000262e+02
2.865815999999999804e+02
2.866105499999999893e+02
2.867509999999999764e+02
2.876968499999999835e+02
2.876996500000000196e+02
2.877026999999999930e+02
2.880228999999999928e+02
2.880249499999999898e+02
2.880290499999999838e+02
2.882690499999999929e+02
2.882715499999999906e+02
2.882740999999999758e+02
2.883898500000000240e+02
2.891671499999999924e+02
2.895163000000000011e+02
2.895212500000000091e+02
2.899242499999999723e+02
2.899292500000000246e+02
2.908036000000000172e+02
2.908055499999999824e+02
2.908075000000000045e+02
2.908095999999999890e+02
2.908122999999999934e+02
2.908162500000000250e+02
2.911528500000000008e+02
2.911564999999999941e+02
2.915020000000000095e+02
2.929315500000000156e+02
2.933793000000000006e+02
2.937880999999999858e+02
2.937906500000000278e+02
2.937932500000000005e+02
2.937984500000000025e+02
2.942164999999999964e+02
2.955946000000000140e+02
2.955966999999999985e+02
2.955987499999999955e+02
2.956010499999999865e+02
2.958965999999999781e+02
2.960844500000000039e+02
2.961601999999999748e+02
2.961624499999999784e+02
2.981685499999999820e+02
2.988266499999999724e+02
2.988310000000000173e+02
2.988337000000000216e+02
2.988371999999999957e+02
2.994748000000000161e+02
2.996895999999999844e+02
2.996917500000000132e+02
2.996936000000000035e+02
2.996960500000000138e+02
2.996992999999999938e+02
2.997044500000000085e+02
3.001689999999999827e+02
3.001712999999999738e+02
3.001734999999999900e+02
3.001764999999999759e+02
3.001815500000000156e+02
3.011422499999999900e+02
3.011442999999999870e+02
3.011474999999999795e+02
3.013716000000000008e+02
3.013738500000000045e+02
3.013759999999999764e+02
3.013784499999999866e+02
3.026922500000000014e+02
3.026967000000000212e+02
3.026990499999999997e+02
3.027044000000000210e+02
3.031919500000000198e+02
3.034251499999999737e+02
3.038000000000000114e+02
3.040880500000000097e+02
3.042071500000000128e+02
3.042812999999999874e+02
3.044748000000000161e+02
3.045344499999999925e+02
3.046471500000000106e+02
3.047269999999999754e+02
3.049021000000000186e+02
3.050850500000000238e+02
3.052670499999999834e+02
3.054510000000000218e+02
3.056181000000000267e+02
3.057169499999999971e+02
3.059806500000000256e+02
3.065342999999999734e+02
3.069067499999999882e+02
3.077715999999999781e+02
3.077792000000000030e+02
3.078270499999999856e+02
3.078698499999999854e+02
3.078967499999999973e+02
3.079601499999999987e+02
3.080697499999999991e+02
3.083283999999999878e+02
3.084979999999999905e+02
3.086229500000000030e+02
3.086773000000000025e+02
3.088682999999999765e+02
3.092225500000000125e+02
3.093250499999999761e+02
3.093958499999999958e+02
3.094878499999999804e+02
3.098578499999999849e+02
3.107876999999999725e+02
3.107970000000000255e+02
3.113081999999999994e+02
3.118808000000000220e+02
3.126139499999999884e+02
3.127629499999999894e+02
3.130491499999999974e+02
3.131232499999999845e+02
3.133287000000000262e+02
3.134648500000000126e+02
3.135186499999999796e+02
3.137260499999999865e+02
3.137625499999999761e+02
3.138858999999999924e+02
3.139644999999999868e+02
3.141640499999999747e+02
3.142447000000000230e+02
3.142979000000000269e+02
3.143727999999999838e+02
3.144022499999999809e+02
3.144608499999999935e+02
3.145545000000000186e+02
3.146258500000000140e+02
3.146856999999999971e+02
3.149125500000000102e+02
3.149149499999999762e+02
3.149531499999999937e+02
3.152214000000000169e+02
3.153700499999999920e+02
3.154132500000000050e+02
3.155316000000000258e+02
3.165455000000000041e+02
3.165482499999999959e+02
3.165507000000000062e+02
3.173090000000000259e+02
3.177875999999999976e+02
3.186257499999999823e+02
3.189159000000000219e+02
3.190980999999999881e+02
3.191798499999999876e+02
3.191847000000000207e+02
3.192188499999999749e+02
3.192658500000000004e+02
3.194298000000000002e+02
3.194999500000000126e+02
3.195520000000000209e+02
3.196007500000000050e+02
3.196902999999999793e+02
3.197291500000000042e+02
3.197922500000000241e+02
3.198322499999999877e+02
3.198835000000000264e+02
3.203430999999999926e+02
3.203986499999999751e+02
3.204313999999999965e+02
3.204551000000000158e+02
3.205451499999999783e+02
3.207948499999999967e+02
3.210371000000000095e+02
3.210825500000000261e+02
3.211406999999999812e+02
3.212678999999999974e+02
3.214079500000000280e+02
3.214657000000000266e+02
3.214855499999999893e+02
3.215748500000000263e+02
3.216106500000000210e+02
3.217278499999999894e+02
3.218766499999999837e+02
3.219508999999999901e+02
3.220570000000000164e+02
3.221533499999999890e+02
3.223976000000000113e+02
3.224378500000000258e+02
3.226585999999999785e+02
3.226938000000000102e+02
3.227669999999999959e+02
3.228258500000000026e+02
3.229091000000000236e+02
3.237681499999999915e+02
3.244463499999999954e+02
3.261778499999999781e+02
3.262928999999999746e+02
3.263122000000000185e+02
3.263245000000000005e+02
3.263454500000000280e+02
3.264189999999999827e+02
3.264529999999999745e+02
3.264878499999999804e+02
3.265513500000000136e+02
3.265754999999999768e+02
3.266388499999999908e+02
3.266628000000000043e+02
3.268036000000000172e+02
3.268501999999999725e+02
3.268642500000000268e+02
3.268976000000000113e+02
3.269317500000000223e+02
3.270027000000000044e+02
3.270963499999999726e+02
3.271558499999999867e+02
3.272746500000000083e+02
3.274216000000000122e+02
3.275471499999999878e+02
3.276804000000000201e+02
3.277546500000000265e+02
3.277986999999999966e+02
3.279171000000000049e+02
3.279848000000000070e+02
3.280047999999999888e+02
3.281138500000000136e+02
3.281919500000000198e+02
3.285079000000000065e+02
3.286386999999999716e+02
3.287264000000000124e+02
3.288448999999999955e+02
3.288784499999999866e+02
3.289440999999999917e+02
3.290456500000000233e+02
3.291628000000000043e+02
3.292364499999999907e+02
3.295160000000000196e+02
3.296227999999999838e+02
3.301173499999999876e+02
3.303301999999999907e+02
3.308170499999999947e+02
3.310806000000000040e+02
3.313427500000000236e+02
3.313459500000000162e+02
3.313498999999999910e+02
3.460321000000000140e+02
3.460599500000000148e+02
3.461834499999999935e+02
3.462719500000000039e+02
3.463102999999999838e+02
3.464304000000000201e+02
3.466059000000000196e+02
3.466323499999999740e+02
3.467434000000000083e+02
3.467813499999999749e+02
3.468402500000000259e+02
3.469624000000000024e+02
3.469667999999999779e+02
3.472192999999999756e+02
3.473063000000000216e+02
3.474782500000000027e+02
3.475323999999999955e+02
3.476634500000000116e+02
3.479193000000000211e+02
3.481222000000000207e+02
3.481701499999999783e+02
3.482054499999999848e+02
3.483763000000000147e+02
3.484995999999999867e+02
3.486351999999999975e+02
3.487411999999999921e+02
3.488113500000000045e+02
3.488698999999999728e+02
3.489988500000000045e+02
3.492468000000000075e+02
3.495045499999999947e+02
3.496195999999999913e+02
3.497373499999999922e+02
3.498586000000000240e+02
3.499182999999999879e+02
3.499599000000000046e+02
3.499893500000000017e+02
3.500244500000000016e+02
3.500668999999999755e+02
3.501129500000000121e+02
3.503050499999999943e+02
3.504098000000000184e+02
3.511020500000000197e+02
3.511045500000000175e+02
3.511073999999999842e+02
3.511116000000000099e+02
3.513156000000000176e+02
3.538260000000000218e+02
3.539723999999999933e+02
3.544062500000000000e+02
3.548079999999999927e+02
3.599090499999999793e+02
3.622366000000000099e+02
3.623048499999999876e+02
3.623315999999999804e+02
3.623985000000000127e+02
3.624385500000000206e+02
3.624660000000000082e+02
3.624694000000000074e+02
3.625036000000000058e+02
3.625290499999999838e+02
3.626103499999999826e+02
3.626263000000000147e+02
3.627090499999999906e+02
3.627658000000000129e+02
3.628131000000000199e+02
3.628736000000000104e+02
3.629124499999999784e+02
3.629227500000000077e+02
3.629444500000000176e+02
3.629936000000000149e+02
3.631371500000000196e+02
3.633187500000000227e+02
3.633647000000000276e+02
3.633858000000000175e+02
3.636900999999999726e+02
3.733116999999999734e+02
3.734329000000000178e+02
3.734805000000000064e+02
3.735154499999999871e+02
3.735475999999999885e+02
3.735774999999999864e+02
3.735883999999999787e+02
3.735991500000000087e+02
3.736759999999999877e+02
3.737123000000000275e+02
3.737563000000000102e+02
3.738543500000000108e+02
3.738720999999999890e+02
3.738872999999999820e+02
3.739308500000000208e+02
3.739755999999999858e+02
3.740245499999999765e+02
3.740463500000000181e+02
3.740744500000000130e+02
3.740984500000000139e+02
3.742826000000000022e+02
3.743260000000000218e+02
3.744108499999999822e+02
3.744628500000000031e+02
3.744726999999999748e+02
3.745109499999999798e+02
3.745129000000000019e+02
3.746755499999999870e+02
3.747067499999999995e+02
3.747341999999999871e+02
3.747810499999999934e+02
3.748093999999999824e+02
3.749833499999999731e+02
3.751816499999999905e+02
3.754999000000000251e+02
3.757609499999999798e+02
3.759589000000000283e+02
3.760069500000000176e+02
3.863068499999999972e+02
3.868801500000000146e+02
3.870343500000000176e+02
3.871973499999999717e+02
3.878580499999999915e+02
3.889460000000000264e+02
3.943068999999999846e+02
3.946557000000000244e+02
3.950464000000000055e+02
3.952932999999999879e+02
3.952973999999999819e+02
3.989064000000000192e+02
3.990851499999999987e+02
3.991669499999999857e+02
3.992501500000000192e+02
3.993052500000000009e+02
3.999685999999999808e+02
4.025968500000000176e+02
4.071493500000000267e+02
4.073564999999999827e+02
4.073917500000000018e+02
4.074427000000000021e+02
4.075102999999999724e+02
4.075394000000000005e+02
4.075669500000000198e+02
4.076143500000000017e+02
4.079794499999999857e+02
4.080312999999999874e+02
4.081546500000000037e+02
4.082121999999999957e+02
4.082613499999999931e+02
4.083315999999999804e+02
4.084699499999999830e+02
4.085360000000000014e+02
4.086083499999999731e+02
4.087108000000000061e+02
4.087708000000000084e+02
4.088097500000000082e+02
4.088571000000000026e+02
4.088867999999999938e+02
4.089986000000000104e+02
4.090090000000000146e+02
4.090393000000000256e+02
4.091772000000000276e+02
4.093036500000000046e+02
4.095486500000000092e+02
4.100956499999999778e+02
4.103393500000000245e+02
4.103418500000000222e+02
4.103442999999999756e+02
4.103482999999999947e+02
4.110667500000000132e+02
4.110746500000000196e+02
4.160523499999999899e+02
4.161985000000000241e+02
4.162350000000000136e+02
4.163188999999999851e+02
4.164277999999999906e+02
4.165012500000000273e+02
4.165657499999999800e+02
4.165834500000000276e+02
4.166135499999999752e+02
4.167103999999999928e+02
4.168122500000000059e+02
4.168915000000000077e+02
4.169726999999999748e+02
4.169771999999999821e+02
4.169995499999999993e+02
4.170458499999999731e+02
4.170981499999999755e+02
4.172239500000000021e+02
4.172349500000000262e+02
4.172484999999999786e+02
4.172841500000000110e+02
4.173118499999999926e+02
4.173215000000000146e+02
4.173414000000000215e+02
4.173541999999999916e+02
4.174152500000000146e+02
4.174614500000000135e+02
4.174955499999999802e+02
4.176259000000000015e+02
4.176632000000000176e+02
4.177139500000000112e+02
4.179730500000000006e+02
4.179827000000000226e+02
4.180089500000000271e+02
4.180198500000000195e+02
4.180735000000000241e+02
4.181966499999999769e+02
4.182429999999999950e+02
4.183150999999999726e+02
4.183632000000000062e+02
4.186379499999999894e+02
4.186933000000000220e+02
4.187432499999999891e+02
4.190705500000000256e+02
4.193291500000000269e+02
4.198376999999999839e+02
4.198405500000000075e+02
4.198433999999999742e+02
4.217640999999999849e+02
4.246203499999999735e+02
4.316430500000000166e+02
4.336483000000000061e+02
4.343960500000000025e+02
4.352631000000000085e+02
4.390500000000000114e+02
4.412918000000000234e+02
4.451449999999999818e+02
4.458352499999999736e+02
4.458419499999999971e+02
4.458451999999999771e+02
4.462894999999999754e+02
4.466194499999999721e+02
4.467361500000000092e+02
4.467841000000000236e+02
4.469109000000000265e+02
4.470088499999999954e+02
4.471066500000000019e+02
4.475314500000000066e+02
4.475767000000000166e+02
4.483181000000000154e+02
4.515373999999999910e+02
4.534159500000000094e+02
4.543294999999999959e+02
4.543344500000000039e+02
4.571709999999999923e+02
4.583018000000000143e+02
4.583331000000000017e+02
4.585076999999999998e+02
4.587965500000000247e+02
4.598014999999999759e+02
4.598048000000000002e+02
4.603609000000000151e+02
4.604669499999999971e+02
4.608322999999999752e+02
4.614938500000000090e+02
4.614961000000000126e+02
4.614984000000000037e+02
4.615022000000000162e+02
4.621439500000000180e+02
4.654452499999999873e+02
4.692803499999999985e+02
4.692828499999999963e+02
4.692855500000000006e+02
4.692893500000000131e+02
4.722656499999999937e+02
4.724080000000000155e+02
4.725695000000000050e+02
4.743550000000000182e+02
4.743574499999999716e+02
4.743598499999999945e+02
4.743645999999999958e+02
4.761643000000000256e+02
4.791852499999999964e+02
4.794130000000000109e+02
4.794415999999999940e+02
4.795944499999999948e+02
4.797100500000000238e+02
4.797727499999999736e+02
4.797987499999999841e+02
4.798347499999999854e+02
4.798767500000000155e+02
4.799087499999999977e+02
4.799334499999999935e+02
4.799919499999999744e+02
4.800094500000000153e+02
4.800371999999999844e+02
4.800858499999999935e+02
4.801268999999999778e+02
4.801600999999999999e+02
4.801763000000000261e+02
4.801997000000000071e+02
4.802257999999999925e+02
4.802454000000000178e+02
4.802802500000000236e+02
4.803128500000000258e+02
4.803389500000000112e+02
4.804012000000000171e+02
4.804055500000000052e+02
4.805346000000000117e+02
4.805700499999999806e+02
4.806265500000000088e+02
4.806929499999999962e+02
4.809067000000000007e+02
4.810444499999999834e+02
4.812276499999999828e+02
4.812403499999999781e+02
4.812887499999999932e+02
4.814671000000000163e+02
4.815307999999999993e+02
4.815813499999999863e+02
4.819390500000000088e+02
4.821136500000000069e+02
4.822122499999999832e+02
4.823498500000000035e+02
4.826367500000000064e+02
4.830747499999999945e+02
4.887570999999999799e+02
4.887595999999999776e+02
4.887620499999999879e+02
4.965325500000000147e+02
4.991865000000000236e+02
4.996975499999999784e+02
5.007588499999999954e+02
5.007909000000000219e+02
5.011179000000000201e+02
5.034344500000000266e+02
5.045686999999999784e+02
5.046130999999999744e+02
5.046793999999999869e+02
5.047089500000000157e+02
5.047466499999999883e+02
5.047771500000000060e+02
5.048172000000000139e+02
5.048683500000000208e+02
5.049593499999999722e+02
5.050108999999999924e+02
5.050502000000000180e+02
5.050777499999999804e+02
5.051969500000000153e+02
5.055060500000000161e+02
5.055602499999999964e+02
5.057360499999999774e+02
5.104175000000000182e+02
5.108273500000000240e+02
5.114316499999999905e+02
5.139365000000000236e+02
5.157836499999999660e+02
5.157859999999999445e+02
5.157883500000000367e+02
5.157924000000000433e+02
5.176493500000000267e+02
5.195233500000000504e+02
5.198959499999999707e+02
5.208407999999999447e+02
5.208441500000000133e+02
5.212602500000000418e+02
5.216363999999999805e+02
5.216397500000000491e+02
5.216499999999999773e+02
5.235500500000000557e+02
5.236266000000000531e+02
5.236818500000000540e+02
5.241316500000000360e+02
5.241356500000000551e+02
5.242476500000000215e+02
5.257906500000000278e+02
5.257949499999999716e+02
5.291705500000000484e+02
5.299520499999999856e+02
5.299629499999999780e+02
5.317391000000000076e+02
5.317426000000000386e+02
5.332095500000000357e+02
5.352616500000000315e+02
5.352642499999999472e+02
5.352668999999999642e+02
5.352721000000000231e+02
5.354442999999999984e+02
5.365782000000000380e+02
5.370389499999999998e+02
5.370410000000000537e+02
5.370430000000000064e+02
5.370452500000000100e+02
5.370491500000000542e+02
5.371924500000000080e+02
5.375411500000000160e+02
5.381603000000000065e+02
5.385886500000000296e+02
5.394565000000000055e+02
5.397694500000000062e+02
5.398205500000000256e+02
5.399894500000000335e+02
5.400317499999999882e+02
5.400697499999999991e+02
5.401375000000000455e+02
5.401697000000000344e+02
5.403257999999999583e+02
5.404068999999999505e+02
5.405392500000000382e+02
5.405945000000000391e+02
5.406759499999999434e+02
5.407623999999999569e+02
5.408549500000000307e+02
5.409601000000000113e+02
5.410462999999999738e+02
5.411204000000000178e+02
5.411496499999999514e+02
5.412160000000000082e+02
5.413844500000000153e+02
5.415270500000000311e+02
5.415409499999999525e+02
5.416360499999999547e+02
5.417467000000000326e+02
5.417695499999999811e+02
5.419020000000000437e+02
5.419405500000000302e+02
5.419610000000000127e+02
5.419763500000000249e+02
5.420587000000000444e+02
5.421412500000000136e+02
5.422572000000000116e+02
5.422735000000000127e+02
5.424905499999999847e+02
5.425978499999999940e+02
5.426394999999999982e+02
5.426934999999999718e+02
5.427563499999999976e+02
5.427641499999999724e+02
5.428072499999999536e+02
5.429307499999999891e+02
5.429519999999999982e+02
5.429824499999999716e+02
5.433071499999999787e+02
5.435892999999999802e+02
5.436378999999999451e+02
5.437028999999999996e+02
5.438147500000000036e+02
5.440047499999999445e+02
5.442997500000000173e+02
5.443747499999999491e+02
5.444990999999999985e+02
5.448624999999999545e+02
5.449155500000000529e+02
5.451960500000000138e+02
5.452845499999999674e+02
5.454153000000000020e+02
5.454726500000000442e+02
5.460079500000000507e+02
5.460588000000000193e+02
5.462475500000000466e+02
5.463883499999999458e+02
5.464230000000000018e+02
5.466005999999999858e+02
5.466446499999999560e+02
5.469985000000000355e+02
5.526418499999999767e+02
5.526766000000000076e+02
5.527982500000000528e+02
5.535377499999999600e+02
5.535742500000000064e+02
5.537451499999999669e+02
5.537871499999999969e+02
5.538392999999999802e+02
5.575534999999999854e+02
5.575567999999999529e+02
5.596593000000000302e+02
5.600200999999999567e+02
5.601214499999999816e+02
5.602861500000000206e+02
5.608198999999999614e+02
5.608238499999999931e+02
5.644682999999999993e+02
5.644710999999999785e+02
5.644755000000000109e+02
5.645605500000000347e+02
5.647603500000000167e+02
5.648686999999999898e+02
5.649101000000000568e+02
5.649360500000000229e+02
5.650267000000000053e+02
5.650594999999999573e+02
5.651037000000000035e+02
5.651645499999999629e+02
5.651933999999999969e+02
5.652875999999999976e+02
5.653679499999999507e+02
5.654303499999999758e+02
5.655546500000000378e+02
5.656883000000000266e+02
5.657294500000000426e+02
5.659461999999999762e+02
5.662763999999999669e+02
5.668246000000000322e+02
5.670369500000000471e+02
5.681636999999999489e+02
5.732558000000000220e+02
5.732585500000000138e+02
