7.584900000000000198e+00
1.013185000000000002e+01
1.050639999999999930e+01
1.083280000000000065e+01
1.086330000000000062e+01
1.086930000000000085e+01
1.195919999999999916e+01
1.242714999999999925e+01
1.253139999999999965e+01
1.381595000000000084e+01
1.424624999999999986e+01
1.431230000000000047e+01
1.457024999999999970e+01
1.458004999999999995e+01
1.773430000000000106e+01
1.866189999999999927e+01
1.890210000000000079e+01
1.959065000000000012e+01
2.046399999999999864e+01
2.054410000000000025e+01
2.058105000000000118e+01
2.143339999999999890e+01
2.158405000000000129e+01
2.206680000000000064e+01
2.240595000000000070e+01
2.258630000000000138e+01
2.317425000000000068e+01
2.322635000000000005e+01
2.367640000000000100e+01
2.374320000000000164e+01
2.402949999999999875e+01
2.425469999999999970e+01
2.461234999999999928e+01
2.497939999999999827e+01
2.575175000000000125e+01
2.591094999999999970e+01
2.722514999999999930e+01
2.770410000000000039e+01
2.903849999999999909e+01
2.928265000000000029e+01
2.964600000000000080e+01
3.002605000000000146e+01
3.070084999999999908e+01
3.097360000000000113e+01
3.101839999999999975e+01
3.126445000000000007e+01
3.262319999999999709e+01
3.269485000000000241e+01
3.280454999999999899e+01
3.443104999999999905e+01
3.483655000000000257e+01
3.556255000000000166e+01
3.600195000000000078e+01
3.624110000000000298e+01
3.710990000000000322e+01
3.906750000000000256e+01
3.991855000000000331e+01
4.087339999999999662e+01
4.234270000000000067e+01
4.361200000000000188e+01
4.381130000000000280e+01
4.421410000000000196e+01
4.467065000000000197e+01
4.504695000000000249e+01
4.611119999999999663e+01
4.717139999999999844e+01
4.729905000000000115e+01
4.775750000000000028e+01
4.798125000000000284e+01
4.820300000000000296e+01
4.851095000000000113e+01
4.869559999999999889e+01
4.946730000000000160e+01
5.003204999999999814e+01
5.033209999999999695e+01
5.098910000000000053e+01
5.126109999999999900e+01
5.162319999999999709e+01
5.166660000000000252e+01
5.203070000000000306e+01
5.203385000000000105e+01
5.269304999999999950e+01
5.295315000000000083e+01
5.539900000000000091e+01
5.581640000000000157e+01
5.678685000000000116e+01
5.687339999999999662e+01
5.785000000000000142e+01
5.939750000000000085e+01
5.949765000000000015e+01
6.011149999999999949e+01
6.040644999999999953e+01
6.122840000000000060e+01
6.177174999999999727e+01
6.180734999999999957e+01
6.272534999999999883e+01
6.321775000000000233e+01
6.329209999999999781e+01
6.330575000000000330e+01
6.379399999999999693e+01
6.389135000000000275e+01
6.443800000000000239e+01
6.453570000000000562e+01
6.491785000000000139e+01
6.514759999999999707e+01
6.526715000000000089e+01
6.546240000000000236e+01
6.593245000000000289e+01
6.600700000000000500e+01
6.611695000000000277e+01
6.630270000000000152e+01
6.724654999999999916e+01
6.782065000000000055e+01
6.782415000000000305e+01
6.804869999999999663e+01
6.879300000000000637e+01
6.900369999999999493e+01
6.920345000000000368e+01
7.046980000000000643e+01
7.077034999999999343e+01
7.085954999999999870e+01
7.173305000000000575e+01
7.218675000000000352e+01
7.219105000000000416e+01
7.266214999999999691e+01
7.307550000000000523e+01
7.422679999999999723e+01
7.427944999999999709e+01
7.437139999999999418e+01
7.448945000000000505e+01
7.600674999999999670e+01
7.610229999999999961e+01
7.617220000000000368e+01
7.781029999999999802e+01
7.860869999999999891e+01
7.938545000000000584e+01
7.986230000000000473e+01
7.995619999999999550e+01
8.005424999999999613e+01
8.077670000000000528e+01
8.094705000000000439e+01
8.129269999999999641e+01
8.181914999999999338e+01
8.200579999999999359e+01
8.261679999999999779e+01
8.305320000000000391e+01
8.382479999999999620e+01
8.403754999999999598e+01
8.485705000000000098e+01
8.518035000000000423e+01
8.530554999999999666e+01
8.603395000000000437e+01
8.612524999999999409e+01
8.629890000000000327e+01
8.717655000000000598e+01
8.726645000000000607e+01
8.726864999999999384e+01
8.758689999999999998e+01
9.002190000000000225e+01
9.015389999999999304e+01
9.048964999999999748e+01
9.065919999999999845e+01
9.154600000000000648e+01
9.186135000000000161e+01
9.273824999999999363e+01
9.385190000000000055e+01
9.482744999999999891e+01
9.562350000000000705e+01
9.593689999999999429e+01
9.735335000000000605e+01
9.981345000000000312e+01
1.007610999999999990e+02
1.034475999999999942e+02
1.038308499999999981e+02
1.043666500000000070e+02
1.057287500000000051e+02
1.058174999999999955e+02
1.059237499999999983e+02
1.061403499999999980e+02
1.063892500000000041e+02
1.067400999999999982e+02
1.084127000000000010e+02
1.090675499999999971e+02
1.093491999999999962e+02
1.096380500000000069e+02
1.098022500000000008e+02
1.107516999999999996e+02
1.109373999999999967e+02
1.125141500000000008e+02
1.130990000000000038e+02
1.146287999999999982e+02
1.149201000000000050e+02
1.149248000000000047e+02
1.156478000000000037e+02
1.156513499999999937e+02
1.165678500000000071e+02
1.168612499999999983e+02
1.171492999999999967e+02
1.176600499999999982e+02
1.191115999999999957e+02
1.194293499999999995e+02
1.194360999999999962e+02
1.200561000000000007e+02
1.211691000000000003e+02
1.225378500000000059e+02
1.232892499999999956e+02
1.239603000000000037e+02
1.242897499999999980e+02
1.243805499999999995e+02
1.245551499999999976e+02
1.247252500000000026e+02
1.250327499999999930e+02
1.254745499999999936e+02
1.258170499999999947e+02
1.264680500000000052e+02
1.286789499999999862e+02
1.286831500000000119e+02
1.292695999999999970e+02
1.321179500000000075e+02
1.324035499999999956e+02
1.328353999999999928e+02
1.340276000000000067e+02
1.341862000000000137e+02
1.345261500000000012e+02
1.354739999999999895e+02
1.362643500000000074e+02
1.370791000000000111e+02
1.371658500000000060e+02
1.378392000000000053e+02
1.383005499999999870e+02
1.383725499999999897e+02
1.390780000000000030e+02
1.390806499999999915e+02
1.395394499999999880e+02
1.413917500000000018e+02
1.426496999999999957e+02
1.432010999999999967e+02
1.460900000000000034e+02
1.461250000000000000e+02
1.463115500000000111e+02
1.463917999999999893e+02
1.479250999999999863e+02
1.482722500000000139e+02
1.490577999999999861e+02
1.495438499999999920e+02
1.501040500000000009e+02
1.510940999999999974e+02
1.516861499999999978e+02
1.521600500000000125e+02
1.573281499999999937e+02
1.591239500000000078e+02
1.601467499999999973e+02
1.607803999999999860e+02
1.610169999999999959e+02
1.611711500000000115e+02
1.617796999999999912e+02
1.635555999999999983e+02
1.636503999999999905e+02
1.643463999999999885e+02
1.643572000000000060e+02
1.656232500000000130e+02
1.670968000000000018e+02
1.686223500000000115e+02
1.705092500000000086e+02
1.709870500000000106e+02
1.714704999999999870e+02
1.722803000000000111e+02
1.723200999999999965e+02
1.734834500000000048e+02
1.737410000000000139e+02
1.738288499999999885e+02
1.743102499999999964e+02
1.748096999999999923e+02
1.769626000000000090e+02
1.771296499999999980e+02
1.839079000000000121e+02
1.854390500000000088e+02
1.856767000000000110e+02
1.863135499999999922e+02
1.880071000000000083e+02
1.896261499999999955e+02
1.896569000000000074e+02
1.899984499999999912e+02
1.904352499999999964e+02
1.910038999999999874e+02
1.923994999999999891e+02
1.952572999999999865e+02
1.977145999999999901e+02
1.989073999999999955e+02
1.991128999999999962e+02
1.991280999999999892e+02
1.992535000000000025e+02
2.016281999999999925e+02
2.028968999999999880e+02
2.030074999999999932e+02
2.043175500000000113e+02
2.047972499999999911e+02
2.050992999999999995e+02
2.057088999999999999e+02
2.069314500000000123e+02
2.069646500000000060e+02
2.083798500000000047e+02
2.083828000000000031e+02
2.102213500000000010e+02
2.102275500000000079e+02
2.118697500000000105e+02
2.125880999999999972e+02
2.128224999999999909e+02
2.131191499999999905e+02
2.131803500000000042e+02
2.148019500000000050e+02
2.195699500000000057e+02
2.212400499999999965e+02
2.222559500000000128e+02
2.234345000000000141e+02
2.253242999999999938e+02
2.254062500000000000e+02
2.288926999999999907e+02
2.289968000000000075e+02
2.307364499999999907e+02
2.308197499999999991e+02
2.308219499999999869e+02
2.316956999999999880e+02
2.352605000000000075e+02
2.361911499999999933e+02
2.378554499999999905e+02
2.405929500000000019e+02
2.416593000000000018e+02
2.424445000000000050e+02
2.432973499999999945e+02
2.458853499999999883e+02
2.460859499999999969e+02
2.460885000000000105e+02
2.468277999999999963e+02
2.479546499999999867e+02
2.495260499999999979e+02
2.506855500000000063e+02
2.509839499999999930e+02
2.520133999999999901e+02
2.528645999999999958e+02
2.547391000000000076e+02
2.554663999999999930e+02
2.560794500000000085e+02
2.583525500000000079e+02
2.611230499999999779e+02
2.635758999999999901e+02
2.637472000000000207e+02
2.639798999999999864e+02
2.671842500000000200e+02
2.688084499999999935e+02
2.707960499999999797e+02
2.718645999999999958e+02
2.725278500000000008e+02
2.739139000000000124e+02
2.753131000000000199e+02
2.759503000000000270e+02
2.763030999999999722e+02
2.790231499999999869e+02
2.800192000000000121e+02
2.805776000000000181e+02
2.825791500000000269e+02
2.871514999999999986e+02
2.892403499999999781e+02
2.909350499999999897e+02
2.949648500000000126e+02
2.949725999999999999e+02
2.954046000000000163e+02
2.967865499999999770e+02
2.974819499999999834e+02
2.995373000000000161e+02
3.027762999999999920e+02
3.034716000000000236e+02
3.039318000000000097e+02
3.039963500000000067e+02
3.046036500000000160e+02
3.053371000000000208e+02
3.058193499999999858e+02
3.058968499999999722e+02
3.060081000000000131e+02
3.060650499999999852e+02
3.062101499999999987e+02
3.065215499999999906e+02
3.076951500000000124e+02
3.078301000000000158e+02
3.079164000000000101e+02
3.080825500000000261e+02
3.082486000000000104e+02
3.083727999999999838e+02
3.085625000000000000e+02
3.088214500000000271e+02
3.088797000000000139e+02
3.093241499999999746e+02
3.099067000000000007e+02
3.100219500000000039e+02
3.103340999999999781e+02
3.109589000000000283e+02
3.111163000000000238e+02
3.117531500000000051e+02
3.118999000000000024e+02
3.122031000000000063e+02
3.127547000000000139e+02
3.134982499999999845e+02
3.137221999999999866e+02
3.138521499999999946e+02
3.138767000000000280e+02
3.144511499999999842e+02
3.145049000000000206e+02
3.145328000000000088e+02
3.146045500000000175e+02
3.148634000000000128e+02
3.150658000000000243e+02
3.152423499999999876e+02
3.156931000000000154e+02
3.157565999999999917e+02
3.158215000000000146e+02
3.162943500000000085e+02
3.164929999999999950e+02
3.170511000000000195e+02
3.172075500000000261e+02
3.187542000000000257e+02
3.190998000000000161e+02
3.193917000000000144e+02
3.194918499999999995e+02
3.199334000000000060e+02
3.200061499999999910e+02
3.200418000000000234e+02
3.202479999999999905e+02
3.203519999999999754e+02
3.203924999999999841e+02
3.208572500000000218e+02
3.210649000000000228e+02
3.213541999999999916e+02
3.217224499999999807e+02
3.222972500000000196e+02
3.224865500000000225e+02
3.228823499999999740e+02
3.229137999999999806e+02
3.229211000000000240e+02
3.233154000000000110e+02
3.235948000000000206e+02
3.239788500000000226e+02
3.242563499999999976e+02
3.246164499999999862e+02
3.254698999999999955e+02
3.257645499999999856e+02
3.258759499999999889e+02
3.259330499999999802e+02
3.260380000000000109e+02
3.262194000000000074e+02
3.264543499999999767e+02
3.267157500000000141e+02
3.267708499999999958e+02
3.268403999999999883e+02
3.271775000000000091e+02
3.274698999999999955e+02
3.275153500000000122e+02
3.275358499999999822e+02
3.276004500000000235e+02
3.276240999999999985e+02
3.278292000000000144e+02
3.278903999999999996e+02
3.280210999999999899e+02
3.282511999999999830e+02
3.282957999999999856e+02
3.283596999999999753e+02
3.288277499999999804e+02
3.289584500000000276e+02
3.289633499999999913e+02
3.290557000000000016e+02
3.290942999999999756e+02
3.292721000000000231e+02
3.297277500000000146e+02
3.301057500000000005e+02
3.305128500000000145e+02
3.305885999999999854e+02
3.314463499999999954e+02
3.316060499999999820e+02
3.324106499999999755e+02
3.325663000000000125e+02
3.332273000000000138e+02
3.332565500000000043e+02
3.345892000000000053e+02
3.348985000000000127e+02
3.351318499999999858e+02
3.359029499999999757e+02
3.367348499999999945e+02
3.371223499999999831e+02
3.372904500000000212e+02
3.372964000000000055e+02
3.373716499999999883e+02
3.376703499999999849e+02
3.381082000000000107e+02
3.382356500000000210e+02
3.384850500000000011e+02
3.388862500000000182e+02
3.391062999999999761e+02
3.391552500000000236e+02
3.413516000000000190e+02
3.419325000000000045e+02
3.439153999999999769e+02
3.448647000000000276e+02
3.449741000000000213e+02
3.449765499999999747e+02
3.459787499999999909e+02
3.463442999999999756e+02
3.464037999999999897e+02
3.464172500000000241e+02
3.466199500000000171e+02
3.466525500000000193e+02
3.467653500000000122e+02
3.471483000000000061e+02
3.471666999999999916e+02
3.474426500000000146e+02
3.475233000000000061e+02
3.475613500000000045e+02
3.475650999999999726e+02
3.478843499999999835e+02
3.482021500000000174e+02
3.485855000000000246e+02
3.486557500000000118e+02
3.488565500000000270e+02
3.490088499999999954e+02
3.512393000000000143e+02
3.519250000000000114e+02
3.521326999999999998e+02
3.525608500000000163e+02
3.530917999999999779e+02
3.530947499999999764e+02
3.534864000000000033e+02
3.536980500000000234e+02
3.541055000000000064e+02
3.541288499999999999e+02
3.545106499999999983e+02
3.546170999999999935e+02
3.550004000000000133e+02
3.555033999999999992e+02
3.561972999999999843e+02
3.563292999999999893e+02
3.566874500000000126e+02
3.604837499999999864e+02
3.610065000000000168e+02
3.625735500000000116e+02
3.625843499999999722e+02
3.631023000000000138e+02
3.633152999999999793e+02
3.633991500000000201e+02
3.639282499999999914e+02
3.642923000000000116e+02
3.645104499999999916e+02
3.645174999999999841e+02
3.647817999999999756e+02
3.654143500000000131e+02
3.655622999999999934e+02
3.664698500000000081e+02
3.666123999999999796e+02
3.668151500000000169e+02
3.672645999999999731e+02
3.676264499999999771e+02
3.688804000000000087e+02
3.690829499999999825e+02
3.691349000000000160e+02
3.695491000000000099e+02
3.700642000000000280e+02
3.721214499999999816e+02
3.726138500000000136e+02
3.737820500000000266e+02
3.738802499999999895e+02
3.739778499999999894e+02
3.740122999999999820e+02
3.742235000000000014e+02
3.742422500000000127e+02
3.745630499999999756e+02
3.746141499999999951e+02
3.750260499999999979e+02
3.750784499999999753e+02
3.756481499999999869e+02
3.764737999999999829e+02
3.771792500000000246e+02
3.772659499999999753e+02
3.783326000000000136e+02
3.788215999999999894e+02
3.805418500000000108e+02
3.808086000000000126e+02
3.818559999999999945e+02
3.819075000000000273e+02
3.825443999999999960e+02
3.833593000000000188e+02
3.842511499999999955e+02
3.855715999999999894e+02
3.857189500000000066e+02
3.861503500000000031e+02
3.874071000000000140e+02
3.880701500000000124e+02
3.884502499999999827e+02
3.921138000000000261e+02
3.943118000000000052e+02
3.959108499999999822e+02
3.959230499999999893e+02
3.959863000000000284e+02
3.965593999999999824e+02
3.974834999999999923e+02
3.977675500000000284e+02
3.977909500000000094e+02
3.979247500000000173e+02
3.992716500000000224e+02
4.024944499999999721e+02
4.025024000000000228e+02
4.036204000000000178e+02
4.060230500000000120e+02
4.060282500000000141e+02
4.064066500000000133e+02
4.068351999999999862e+02
4.069249500000000239e+02
4.084877500000000055e+02
4.085530499999999847e+02
4.085786499999999819e+02
4.087479999999999905e+02
4.089810499999999820e+02
4.104608499999999935e+02
4.106687999999999761e+02
4.107252500000000168e+02
4.120194999999999936e+02
4.143702000000000112e+02
4.150708999999999946e+02
4.153874000000000137e+02
4.163358499999999935e+02
4.167653500000000122e+02
4.168879999999999768e+02
4.171364500000000248e+02
4.173987000000000194e+02
4.174482499999999732e+02
4.177334000000000174e+02
4.178842999999999961e+02
4.179578999999999951e+02
4.179645499999999743e+02
4.179858500000000276e+02
4.183122999999999934e+02
4.187685000000000173e+02
4.188563500000000204e+02
4.189194499999999834e+02
4.190028500000000236e+02
4.195812999999999988e+02
4.199294499999999744e+02
4.203754500000000007e+02
4.206494999999999891e+02
4.212563000000000102e+02
4.296060499999999820e+02
4.310557000000000016e+02
4.311134999999999877e+02
4.334425499999999829e+02
4.343428000000000111e+02
4.358341500000000224e+02
4.375684999999999718e+02
4.402230999999999881e+02
4.405172999999999774e+02
4.405516499999999951e+02
4.415717000000000212e+02
4.447216500000000110e+02
4.452426500000000260e+02
4.471300499999999829e+02
4.476659500000000094e+02
4.479485999999999990e+02
4.485885499999999979e+02
4.500658999999999992e+02
4.532608000000000175e+02
4.579728000000000065e+02
4.579990500000000111e+02
4.608548000000000116e+02
4.636372000000000071e+02
4.637780000000000200e+02
4.667377999999999929e+02
4.735204499999999825e+02
4.762878000000000043e+02
4.774832999999999856e+02
4.777780000000000200e+02
4.777878999999999792e+02
4.794113500000000272e+02
4.795864000000000260e+02
4.796159000000000106e+02
4.804662000000000148e+02
4.807189000000000192e+02
4.807326499999999783e+02
4.809816500000000019e+02
4.810631500000000074e+02
4.812053000000000225e+02
4.812547500000000014e+02
4.813265999999999849e+02
4.815083000000000197e+02
4.820790499999999952e+02
4.822310499999999820e+02
4.830996499999999969e+02
4.834393999999999778e+02
4.836992999999999938e+02
4.874694000000000074e+02
4.889524999999999864e+02
4.889941499999999905e+02
4.890518500000000017e+02
4.893278500000000122e+02
4.907697999999999752e+02
4.907721500000000106e+02
4.909231500000000210e+02
4.934792499999999791e+02
4.934852500000000077e+02
4.946383000000000152e+02
4.959182000000000130e+02
4.974653500000000008e+02
4.986121499999999855e+02
5.009406000000000176e+02
5.020800500000000284e+02
5.021622499999999718e+02
5.024166999999999916e+02
5.031972499999999968e+02
5.039493499999999813e+02
5.050052499999999895e+02
5.052228999999999814e+02
5.053996999999999957e+02
5.062059499999999730e+02
5.069061500000000251e+02
5.073081999999999994e+02
5.090360000000000014e+02
5.099376500000000192e+02
5.107314000000000078e+02
5.113399000000000001e+02
5.117221499999999992e+02
5.122903499999999894e+02
5.126263999999999896e+02
5.144316000000000031e+02
5.160852999999999611e+02
5.172201999999999771e+02
5.201944999999999482e+02
5.204702499999999645e+02
5.227703000000000202e+02
5.227732999999999493e+02
5.234533000000000129e+02
5.240002500000000509e+02
5.294009499999999662e+02
5.306734999999999900e+02
5.327034499999999753e+02
5.327057999999999538e+02
5.339804500000000189e+02
5.341858999999999469e+02
5.351749999999999545e+02
5.370829499999999825e+02
5.375040999999999940e+02
5.376438000000000557e+02
5.380348000000000184e+02
5.394207999999999856e+02
5.394233000000000402e+02
5.398618000000000166e+02
5.406902499999999918e+02
5.408406999999999698e+02
5.413075000000000045e+02
5.422402499999999463e+02
5.427708999999999833e+02
5.432068500000000313e+02
5.434229000000000269e+02
5.436938999999999851e+02
5.437973500000000513e+02
5.438864499999999680e+02
5.454539499999999634e+02
5.455663500000000568e+02
5.459804500000000189e+02
5.464692000000000007e+02
5.465281999999999698e+02
5.465321999999999889e+02
5.470873000000000275e+02
5.472791499999999587e+02
5.473506499999999733e+02
5.487308500000000322e+02
5.504017999999999802e+02
5.512721000000000231e+02
5.512764499999999543e+02
5.528956500000000460e+02
5.537185500000000502e+02
5.565608499999999594e+02
5.567131500000000415e+02
5.585625499999999874e+02
5.596405499999999620e+02
5.609844000000000506e+02
5.618051000000000386e+02
5.620792500000000018e+02
5.626590499999999793e+02
5.633767500000000155e+02
5.638943000000000438e+02
5.658418000000000347e+02
5.661339000000000397e+02
5.693571500000000469e+02
5.718931999999999789e+02
5.721009000000000242e+02
5.728825000000000500e+02
5.738206500000000005e+02
5.746934499999999844e+02
