9.773500000000000298e+00
1.228345000000000020e+01
1.233815000000000062e+01
1.277089999999999925e+01
1.846794999999999831e+01
2.019330000000000069e+01
2.055549999999999855e+01
2.684949999999999903e+01
2.871790000000000020e+01
3.032499999999999929e+01
3.188335000000000008e+01
3.838119999999999976e+01
3.838839999999999719e+01
3.956634999999999991e+01
4.180839999999999890e+01
4.298140000000000072e+01
4.601820000000000022e+01
4.602349999999999852e+01
4.665055000000000263e+01
4.690160000000000196e+01
6.085049999999999670e+01
6.377674999999999983e+01
7.795510000000000161e+01
7.987930000000000064e+01
7.989825000000000443e+01
8.339449999999999363e+01
9.026624999999999943e+01
9.887640000000000384e+01
1.016169000000000011e+02
1.030509500000000003e+02
1.031200999999999937e+02
1.045190499999999929e+02
1.075216499999999940e+02
1.102543000000000006e+02
1.106778500000000065e+02
1.140146000000000015e+02
1.140269499999999994e+02
1.169390999999999963e+02
1.200658499999999975e+02
1.304485500000000116e+02
1.318646500000000117e+02
1.347656000000000063e+02
1.427392499999999984e+02
1.537529999999999859e+02
1.617568499999999858e+02
1.626327499999999873e+02
1.632156500000000108e+02
1.685923999999999978e+02
1.717271000000000072e+02
1.791975500000000068e+02
1.816303499999999929e+02
1.836717500000000030e+02
1.852039000000000044e+02
1.923725000000000023e+02
1.976141499999999951e+02
1.980378000000000043e+02
2.003266500000000008e+02
2.009669000000000096e+02
2.112963499999999897e+02
2.138283999999999878e+02
2.255944499999999948e+02
2.284102000000000032e+02
2.304004500000000064e+02
2.371645499999999913e+02
2.414342499999999916e+02
2.422600500000000068e+02
2.426079000000000008e+02
2.432087999999999965e+02
2.454843500000000063e+02
2.466185499999999990e+02
2.487532500000000084e+02
2.517163500000000056e+02
2.562255000000000109e+02
2.684075500000000147e+02
2.695108500000000049e+02
2.826535999999999831e+02
2.915105500000000234e+02
2.938039999999999736e+02
3.044212499999999864e+02
3.051795000000000186e+02
3.161930500000000279e+02
3.165321500000000015e+02
3.171281500000000051e+02
3.308534000000000219e+02
3.352082500000000209e+02
3.455418999999999983e+02
3.486238500000000045e+02
3.499055000000000177e+02
3.611952999999999747e+02
3.632721000000000231e+02
3.646637499999999932e+02
3.687205000000000155e+02
4.045572500000000105e+02
4.232182500000000118e+02
4.432626500000000078e+02
4.503152000000000044e+02
4.545781000000000063e+02
4.660948000000000206e+02
4.773330500000000143e+02
4.809511999999999716e+02
4.888532000000000153e+02
4.933793000000000006e+02
5.023807499999999777e+02
5.346755500000000438e+02
5.518672500000000127e+02
5.651325000000000500e+02
5.651585999999999785e+02
5.657857000000000198e+02
5.665376499999999851e+02
5.666441999999999553e+02
5.668160500000000184e+02
5.716241999999999734e+02
