8.326299999999999812e+00
1.004170000000000051e+01
1.035130000000000017e+01
1.048090000000000011e+01
1.062139999999999951e+01
1.101929999999999943e+01
1.105995000000000061e+01
1.139095000000000013e+01
1.143290000000000006e+01
1.161074999999999946e+01
1.193340000000000067e+01
1.204180000000000028e+01
1.209965000000000046e+01
1.213434999999999953e+01
1.235369999999999990e+01
1.313984999999999914e+01
1.334125000000000050e+01
1.334909999999999997e+01
1.348489999999999966e+01
1.374685000000000024e+01
1.399430000000000085e+01
1.404775000000000063e+01
1.775809999999999889e+01
2.177124999999999844e+01
2.180614999999999881e+01
2.191134999999999877e+01
2.195175000000000054e+01
2.220795000000000030e+01
2.245185000000000031e+01
2.256739999999999924e+01
2.298049999999999926e+01
2.306480000000000175e+01
2.362805000000000177e+01
2.397329999999999828e+01
3.098199999999999932e+01
3.270980000000000132e+01
3.899195000000000277e+01
4.015310000000000201e+01
4.258554999999999779e+01
4.832374999999999687e+01
4.993565000000000254e+01
5.064605000000000246e+01
5.091355000000000075e+01
5.129704999999999870e+01
5.139050000000000296e+01
5.203594999999999970e+01
6.080649999999999977e+01
6.122525000000000261e+01
6.137545000000000073e+01
6.230584999999999951e+01
6.238624999999999687e+01
6.286769999999999925e+01
6.298595000000000255e+01
6.325874999999999915e+01
6.339824999999999733e+01
6.343900000000000006e+01
6.364914999999999878e+01
6.382974999999999710e+01
6.404895000000000493e+01
6.413155000000000427e+01
6.425749999999999318e+01
6.450910000000000366e+01
6.470204999999999984e+01
6.502885000000000559e+01
6.550735000000000241e+01
6.578425000000000011e+01
6.637949999999999307e+01
6.642425000000000068e+01
6.780540000000000589e+01
6.782819999999999538e+01
6.892300000000000182e+01
6.909935000000000116e+01
6.922979999999999734e+01
6.952559999999999718e+01
6.967284999999999684e+01
6.972119999999999607e+01
6.981929999999999836e+01
6.983325000000000671e+01
6.990340000000000487e+01
7.044894999999999641e+01
7.065550000000000352e+01
7.088545000000000584e+01
7.096514999999999418e+01
7.205244999999999322e+01
7.322344999999999970e+01
7.387439999999999429e+01
7.489119999999999777e+01
7.496935000000000571e+01
7.524399999999999977e+01
7.536324999999999363e+01
7.616915000000000191e+01
7.757620000000000005e+01
7.973520000000000607e+01
8.063429999999999609e+01
8.095754999999999768e+01
8.196859999999999502e+01
8.307065000000000055e+01
8.383039999999999736e+01
8.527769999999999584e+01
8.630039999999999623e+01
8.778225000000000477e+01
8.914060000000000628e+01
9.049290000000000589e+01
9.074559999999999604e+01
9.208334999999999582e+01
9.386879999999999313e+01
9.396425000000000693e+01
9.571524999999999750e+01
9.833329999999999416e+01
9.938535000000000252e+01
1.039581500000000034e+02
1.043086500000000001e+02
1.055612500000000011e+02
1.058138000000000005e+02
1.059207499999999982e+02
1.060953999999999979e+02
1.065555499999999967e+02
1.066720499999999987e+02
1.067710000000000008e+02
1.068071499999999929e+02
1.074361499999999978e+02
1.109437000000000069e+02
1.110145499999999998e+02
1.113225999999999942e+02
1.142009000000000043e+02
1.167980500000000035e+02
1.184886500000000069e+02
1.212701500000000010e+02
1.240383999999999958e+02
1.241303500000000071e+02
1.245206500000000034e+02
1.245494999999999948e+02
1.246140500000000060e+02
1.247211000000000070e+02
1.250850499999999954e+02
1.252199999999999989e+02
1.255718499999999977e+02
1.269720999999999975e+02
1.311616500000000087e+02
1.317917999999999950e+02
1.323326000000000136e+02
1.324298000000000002e+02
1.333510499999999865e+02
1.339911500000000046e+02
1.365161500000000103e+02
1.366805999999999983e+02
1.367999499999999955e+02
1.369146000000000072e+02
1.369711000000000070e+02
1.371580999999999904e+02
1.373635999999999910e+02
1.376579499999999996e+02
1.377338499999999897e+02
1.378002999999999929e+02
1.381744999999999948e+02
1.390199499999999944e+02
1.411140000000000043e+02
1.481651500000000112e+02
1.495461999999999989e+02
1.497373499999999922e+02
1.509617000000000075e+02
1.514531000000000063e+02
1.514568500000000029e+02
1.519366499999999860e+02
1.521205999999999960e+02
1.536216000000000008e+02
1.542090000000000032e+02
1.554450999999999965e+02
1.584131500000000017e+02
1.595365500000000054e+02
1.617634999999999934e+02
1.617692000000000121e+02
1.618523000000000138e+02
1.655350500000000125e+02
1.660763000000000034e+02
1.676640500000000031e+02
1.695161500000000103e+02
1.700242499999999950e+02
1.708301500000000033e+02
1.710395000000000039e+02
1.713947499999999877e+02
1.724894999999999925e+02
1.746422000000000025e+02
1.746452999999999918e+02
1.764116500000000087e+02
1.764363500000000045e+02
1.803102000000000089e+02
1.811416000000000111e+02
1.836156000000000006e+02
1.861156000000000006e+02
1.871774000000000058e+02
1.875197000000000003e+02
1.879173999999999864e+02
1.880164000000000044e+02
1.891600500000000125e+02
1.904183500000000038e+02
1.909209999999999923e+02
1.948608000000000118e+02
1.952561499999999910e+02
1.977939000000000078e+02
1.988991000000000042e+02
2.029095000000000084e+02
2.039613500000000101e+02
2.069847499999999911e+02
2.090208000000000084e+02
2.091065000000000111e+02
2.096036000000000001e+02
2.101853000000000122e+02
2.118878499999999860e+02
2.126744500000000073e+02
2.131656499999999994e+02
2.143126499999999908e+02
2.157019500000000107e+02
2.162007000000000119e+02
2.174286500000000046e+02
2.175504500000000121e+02
2.190979000000000099e+02
2.193820000000000050e+02
2.194324000000000012e+02
2.202231999999999914e+02
2.224148999999999887e+02
2.225659499999999866e+02
2.228413500000000056e+02
2.243096500000000049e+02
2.260158000000000129e+02
2.271083000000000141e+02
2.283536000000000001e+02
2.283559999999999945e+02
2.283645999999999958e+02
2.289483999999999924e+02
2.300833000000000084e+02
2.312039000000000044e+02
2.330877000000000123e+02
2.333434000000000026e+02
2.334352000000000089e+02
2.337007999999999868e+02
2.339265499999999918e+02
2.347353500000000111e+02
2.347596000000000060e+02
2.353900500000000022e+02
2.355011000000000081e+02
2.355089999999999861e+02
2.356271000000000129e+02
2.361492499999999950e+02
2.376351999999999975e+02
2.381495500000000050e+02
2.381810499999999990e+02
2.384628999999999905e+02
2.385156499999999937e+02
2.389358000000000004e+02
2.392483000000000004e+02
2.394502999999999986e+02
2.402189500000000066e+02
2.402229000000000099e+02
2.405908000000000015e+02
2.417412500000000080e+02
2.428968500000000006e+02
2.439670999999999879e+02
2.440655500000000018e+02
2.445602000000000089e+02
2.478460499999999911e+02
2.479642499999999927e+02
2.481434999999999889e+02
2.501651500000000112e+02
2.504788000000000068e+02
2.506453500000000076e+02
2.516505500000000097e+02
2.518860999999999990e+02
2.522001500000000078e+02
2.543978999999999928e+02
2.553281000000000063e+02
2.572755000000000223e+02
2.611707000000000107e+02
2.618336499999999774e+02
2.624397000000000162e+02
2.642273000000000138e+02
2.656325499999999806e+02
2.665588999999999942e+02
2.687826499999999896e+02
2.694481000000000108e+02
2.696034500000000094e+02
2.707781499999999824e+02
2.730372499999999718e+02
2.739282499999999914e+02
2.753260500000000093e+02
2.760804499999999848e+02
2.760858499999999935e+02
2.765635500000000206e+02
2.775550000000000068e+02
2.780836499999999774e+02
2.832446499999999787e+02
2.835069500000000176e+02
2.858972999999999729e+02
2.863472499999999741e+02
2.867706999999999766e+02
2.913281499999999937e+02
2.920665999999999940e+02
2.928403000000000134e+02
2.929043500000000222e+02
2.941130499999999870e+02
2.961401000000000181e+02
2.967903000000000020e+02
2.971773499999999899e+02
3.003865000000000123e+02
3.014487500000000182e+02
3.020861499999999751e+02
3.029017999999999802e+02
3.030364500000000021e+02
3.032207999999999970e+02
3.033854999999999791e+02
3.034436000000000035e+02
3.038023499999999899e+02
3.038804000000000087e+02
3.039557500000000232e+02
3.039981500000000096e+02
3.040736499999999864e+02
3.044792499999999791e+02
3.045535499999999729e+02
3.048817999999999984e+02
3.050581999999999994e+02
3.052223500000000058e+02
3.054409999999999741e+02
3.055115499999999997e+02
3.060591000000000008e+02
3.061556499999999801e+02
3.062138499999999794e+02
3.066076499999999783e+02
3.068291500000000269e+02
3.070406500000000278e+02
3.073098499999999831e+02
3.074010000000000105e+02
3.074907000000000039e+02
3.075289500000000089e+02
3.080841500000000224e+02
3.084153499999999894e+02
3.084452499999999873e+02
3.085029499999999985e+02
3.085847999999999729e+02
3.086111500000000092e+02
3.086895499999999970e+02
3.087394499999999766e+02
3.089739999999999895e+02
3.090303000000000111e+02
3.091004500000000235e+02
3.095353000000000065e+02
3.095806999999999789e+02
3.097014500000000226e+02
3.098500999999999976e+02
3.101253500000000258e+02
3.101879999999999882e+02
3.102692999999999870e+02
3.105750499999999761e+02
3.106480999999999995e+02
3.107935499999999820e+02
3.108571000000000026e+02
3.111950499999999806e+02
3.116386499999999842e+02
3.119042000000000030e+02
3.122576000000000249e+02
3.124409499999999866e+02
3.125020999999999844e+02
3.126422499999999900e+02
3.128113500000000045e+02
3.130311500000000251e+02
3.132599500000000035e+02
3.137652499999999804e+02
3.138798499999999763e+02
3.147150500000000193e+02
3.148691999999999780e+02
3.149507500000000277e+02
3.150894000000000119e+02
3.152302000000000248e+02
3.153243499999999813e+02
3.162244999999999777e+02
3.168217500000000086e+02
3.169721499999999992e+02
3.170485499999999774e+02
3.171807000000000016e+02
3.172957499999999982e+02
3.181659500000000094e+02
3.185249000000000024e+02
3.190192999999999870e+02
3.190951999999999771e+02
3.191118000000000166e+02
3.192273500000000013e+02
3.193854000000000042e+02
3.194386499999999955e+02
3.195482499999999959e+02
3.197849499999999807e+02
3.198803500000000213e+02
3.201266499999999837e+02
3.201834499999999935e+02
3.202814999999999941e+02
3.203027500000000032e+02
3.209495999999999754e+02
3.210903500000000008e+02
3.211834499999999935e+02
3.212364999999999782e+02
3.213235000000000241e+02
3.213977499999999736e+02
3.214728999999999814e+02
3.215384500000000116e+02
3.221431999999999789e+02
3.226381499999999960e+02
3.228559999999999945e+02
3.230990499999999770e+02
3.232190499999999815e+02
3.233860000000000241e+02
3.234544000000000210e+02
3.240505999999999744e+02
3.241079500000000166e+02
3.254674999999999727e+02
3.258714499999999816e+02
3.259318999999999846e+02
3.259931500000000142e+02
3.263258999999999901e+02
3.264442500000000109e+02
3.264585999999999899e+02
3.265770499999999856e+02
3.268829000000000065e+02
3.268892500000000041e+02
3.271546000000000163e+02
3.272524500000000103e+02
3.273106500000000096e+02
3.275122999999999820e+02
3.275856499999999869e+02
3.276189499999999839e+02
3.278332500000000209e+02
3.278587499999999864e+02
3.279680000000000177e+02
3.282047499999999900e+02
3.282676500000000033e+02
3.285242000000000075e+02
3.287657500000000255e+02
3.290738000000000056e+02
3.295629999999999882e+02
3.295945500000000266e+02
3.295985000000000014e+02
3.296588499999999726e+02
3.298858000000000175e+02
3.299830000000000041e+02
3.301461499999999774e+02
3.302130500000000097e+02
3.308392499999999927e+02
3.310206000000000017e+02
3.316670500000000175e+02
3.319866000000000099e+02
3.329312499999999773e+02
3.342687000000000239e+02
3.343285000000000196e+02
3.344898999999999774e+02
3.371434499999999730e+02
3.372402999999999906e+02
3.373810500000000161e+02
3.382025499999999738e+02
3.388984500000000253e+02
3.390591499999999883e+02
3.390976999999999748e+02
3.415224999999999795e+02
3.415828999999999951e+02
3.422431500000000142e+02
3.446786000000000172e+02
3.448986499999999751e+02
3.454036500000000274e+02
3.458491999999999962e+02
3.459223499999999945e+02
3.463855500000000234e+02
3.464782000000000153e+02
3.465647500000000036e+02
3.467180000000000177e+02
3.467608500000000049e+02
3.469415000000000191e+02
3.470219999999999914e+02
3.471114499999999907e+02
3.471953500000000190e+02
3.473949999999999818e+02
3.474019499999999994e+02
3.474529999999999745e+02
3.474677500000000236e+02
3.475050499999999829e+02
3.476075000000000159e+02
3.476806000000000267e+02
3.477445500000000038e+02
3.480621499999999742e+02
3.482323499999999967e+02
3.482893500000000131e+02
3.484618500000000267e+02
3.485341000000000236e+02
3.486857499999999845e+02
3.486910500000000184e+02
3.487650499999999738e+02
3.488727999999999838e+02
3.489551000000000158e+02
3.489788500000000226e+02
3.490399499999999762e+02
3.491500500000000216e+02
3.495776999999999930e+02
3.496951000000000249e+02
3.499121499999999969e+02
3.499988000000000170e+02
3.500939999999999941e+02
3.502246000000000095e+02
3.516064499999999953e+02
3.532407000000000039e+02
3.534051999999999794e+02
3.540305500000000052e+02
3.554812499999999886e+02
3.563602000000000203e+02
3.577824499999999830e+02
3.583964000000000283e+02
3.585394499999999880e+02
3.592979500000000144e+02
3.601688500000000204e+02
3.607121999999999957e+02
3.610451499999999783e+02
3.619286000000000172e+02
3.623630499999999870e+02
3.625390499999999747e+02
3.625436500000000137e+02
3.626722500000000196e+02
3.626794499999999744e+02
3.627425999999999817e+02
3.631124500000000239e+02
3.632144999999999868e+02
3.640076000000000249e+02
3.649390999999999963e+02
3.665695000000000050e+02
3.666442999999999870e+02
3.672800500000000170e+02
3.675298500000000104e+02
3.700788999999999760e+02
3.736331500000000005e+02
3.737570499999999925e+02
3.739057999999999993e+02
3.739816999999999894e+02
3.741883000000000266e+02
3.742583999999999946e+02
3.743075000000000045e+02
3.744852000000000203e+02
3.747368500000000040e+02
3.747727499999999736e+02
3.753582499999999982e+02
3.761947999999999865e+02
3.766285500000000184e+02
3.775554999999999950e+02
3.779571000000000254e+02
3.782002499999999827e+02
3.782939999999999827e+02
3.784425499999999829e+02
3.803627000000000180e+02
3.813148499999999785e+02
3.813232499999999732e+02
3.821919500000000198e+02
3.822855000000000132e+02
3.842580500000000256e+02
3.844735499999999888e+02
3.850161499999999819e+02
3.868521000000000072e+02
3.872574500000000057e+02
3.914363999999999919e+02
3.920718499999999835e+02
3.947084500000000276e+02
3.956134999999999877e+02
3.989698500000000081e+02
4.002604999999999791e+02
4.058533499999999776e+02
4.068024500000000216e+02
4.071825000000000045e+02
4.075038499999999999e+02
4.077068499999999744e+02
4.079153499999999894e+02
4.080462499999999864e+02
4.081430500000000166e+02
4.082790499999999838e+02
4.084524000000000115e+02
4.084822500000000218e+02
4.085597000000000207e+02
4.089331500000000119e+02
4.091496999999999957e+02
4.097433500000000208e+02
4.102115999999999758e+02
4.102346999999999753e+02
4.117893500000000131e+02
4.119041000000000281e+02
4.134110499999999888e+02
4.134547499999999900e+02
4.135662500000000250e+02
4.141861999999999853e+02
4.142774999999999750e+02
4.153833500000000072e+02
4.155009999999999764e+02
4.159850000000000136e+02
4.163057000000000016e+02
4.163299999999999841e+02
4.163854499999999916e+02
4.164544000000000210e+02
4.166097500000000196e+02
4.166126499999999737e+02
4.167166000000000281e+02
4.171686000000000263e+02
4.173449499999999830e+02
4.174264499999999884e+02
4.174934999999999832e+02
4.175049000000000206e+02
4.176732999999999834e+02
4.176909499999999866e+02
4.176929000000000087e+02
4.177842499999999859e+02
4.179173499999999990e+02
4.181055999999999813e+02
4.181102500000000077e+02
4.181135499999999752e+02
4.182694500000000062e+02
4.183507500000000050e+02
4.184479999999999791e+02
4.186532000000000266e+02
4.186626499999999851e+02
4.187362499999999841e+02
4.189468499999999835e+02
4.192035000000000196e+02
4.193387500000000045e+02
4.210584000000000060e+02
4.224815500000000270e+02
4.243867000000000189e+02
4.244220500000000129e+02
4.250140499999999975e+02
4.263219000000000278e+02
4.264048000000000229e+02
4.296335500000000138e+02
4.309546500000000151e+02
4.310520500000000084e+02
4.323600500000000011e+02
4.325230999999999995e+02
4.331437000000000239e+02
4.340823500000000195e+02
4.343147000000000162e+02
4.356067499999999768e+02
4.368953999999999951e+02
4.375644500000000221e+02
4.399423499999999763e+02
4.399927000000000135e+02
4.427117999999999824e+02
4.436122500000000173e+02
4.444900499999999965e+02
4.447246000000000095e+02
4.468348500000000172e+02
4.468983999999999810e+02
4.469303499999999758e+02
4.474986499999999978e+02
4.479034500000000207e+02
4.479438999999999851e+02
4.479843000000000188e+02
4.485157500000000255e+02
4.497076000000000136e+02
4.511122500000000173e+02
4.516595500000000243e+02
4.519907000000000039e+02
4.540409999999999968e+02
4.544766999999999939e+02
4.546152500000000032e+02
4.569859000000000151e+02
4.589201499999999783e+02
4.605317999999999756e+02
4.629766500000000065e+02
4.632379000000000246e+02
4.633283999999999878e+02
4.635747000000000071e+02
4.657647499999999923e+02
4.660502999999999929e+02
4.679615000000000009e+02
4.683856000000000108e+02
4.695870499999999765e+02
4.706632999999999925e+02
4.723456499999999778e+02
4.725820499999999811e+02
4.750899000000000001e+02
4.755548499999999876e+02
4.760421499999999924e+02
4.763724000000000274e+02
4.764022499999999809e+02
4.767263500000000249e+02
4.774599499999999921e+02
4.778530000000000086e+02
4.779338500000000067e+02
4.792616499999999746e+02
4.794653999999999883e+02
4.797370500000000106e+02
4.798525000000000205e+02
4.799322999999999979e+02
4.801031500000000278e+02
4.803670000000000186e+02
4.803774000000000228e+02
4.804223499999999945e+02
4.805758999999999901e+02
4.808304499999999848e+02
4.810327500000000214e+02
4.810565000000000282e+02
4.811969000000000278e+02
4.813075999999999794e+02
4.813188499999999976e+02
4.815973999999999933e+02
4.817024000000000115e+02
4.819317500000000223e+02
4.821155999999999722e+02
4.822715999999999781e+02
4.825237000000000194e+02
4.826062999999999761e+02
4.826702500000000100e+02
4.826734999999999900e+02
4.828589999999999804e+02
4.829204500000000166e+02
4.832906500000000278e+02
4.843233999999999924e+02
4.853975500000000238e+02
4.858419999999999845e+02
4.899844499999999812e+02
4.909503500000000145e+02
4.912423999999999751e+02
4.934454000000000065e+02
4.938512999999999806e+02
4.941386499999999842e+02
4.946482500000000186e+02
4.959148999999999887e+02
4.962527999999999793e+02
4.963239500000000248e+02
4.968786499999999933e+02
4.969235499999999774e+02
4.984603500000000054e+02
5.000770999999999731e+02
5.027755000000000223e+02
5.042212499999999977e+02
5.043215999999999894e+02
5.048251000000000204e+02
5.049023000000000252e+02
5.052190499999999815e+02
5.053469000000000051e+02
5.054975499999999897e+02
5.055943500000000199e+02
5.060830000000000268e+02
5.067816500000000133e+02
5.107668499999999767e+02
5.117371999999999730e+02
5.123447999999999638e+02
5.124251500000000306e+02
5.153021999999999707e+02
5.163532000000000153e+02
5.163974500000000489e+02
5.187232999999999947e+02
5.188427000000000362e+02
5.193268000000000484e+02
5.194519500000000107e+02
5.200152500000000373e+02
5.203005000000000564e+02
5.212709999999999582e+02
5.222752500000000282e+02
5.230122499999999945e+02
5.231929499999999962e+02
5.234672000000000480e+02
5.252468000000000075e+02
5.294302999999999884e+02
5.294336499999999432e+02
5.306706000000000358e+02
5.327170999999999594e+02
5.339723000000000184e+02
5.341963500000000522e+02
5.349083500000000413e+02
5.356240000000000236e+02
5.363224999999999909e+02
5.363713999999999942e+02
5.370021500000000287e+02
5.387404999999999973e+02
5.388559500000000071e+02
5.389492500000000064e+02
5.394237000000000535e+02
5.395814000000000306e+02
5.396875000000000000e+02
5.398133000000000266e+02
5.399611999999999625e+02
5.402261499999999614e+02
5.403831000000000131e+02
5.406654999999999518e+02
5.408279999999999745e+02
5.408463000000000420e+02
5.411133999999999560e+02
5.412788000000000466e+02
5.414785500000000411e+02
5.416387499999999591e+02
5.416960000000000264e+02
5.417727999999999611e+02
5.417790999999999713e+02
5.418785500000000184e+02
5.419659500000000207e+02
5.421567999999999756e+02
5.422536000000000058e+02
5.422836999999999534e+02
5.423237000000000307e+02
5.425317000000000007e+02
5.426210999999999558e+02
5.429438000000000102e+02
5.430530999999999722e+02
5.431132999999999811e+02
5.431709499999999480e+02
5.432205500000000029e+02
5.434207499999999982e+02
5.437477999999999838e+02
5.440165500000000520e+02
5.443622500000000173e+02
5.446012500000000500e+02
5.446683500000000322e+02
5.448020000000000209e+02
5.449074500000000398e+02
5.454934500000000526e+02
5.456323499999999740e+02
5.458890499999999975e+02
5.459972999999999956e+02
5.464910999999999603e+02
5.465540499999999611e+02
5.468546000000000049e+02
5.469313499999999522e+02
5.476822499999999536e+02
5.478695999999999913e+02
5.483716500000000451e+02
5.488549500000000307e+02
5.504065500000000384e+02
5.507965500000000247e+02
5.512342999999999620e+02
5.512568999999999733e+02
5.518468500000000176e+02
5.523320499999999811e+02
5.524344499999999698e+02
5.543970000000000482e+02
5.574219000000000506e+02
5.579570999999999685e+02
5.580806499999999915e+02
5.613369000000000142e+02
5.618796499999999696e+02
5.625886500000000296e+02
5.627771500000000060e+02
5.634101500000000442e+02
5.641784000000000106e+02
5.647672000000000025e+02
5.647843000000000302e+02
5.649932499999999891e+02
5.652060999999999922e+02
5.656807000000000016e+02
5.658068500000000540e+02
5.658508500000000367e+02
5.661035500000000411e+02
5.697173000000000229e+02
5.730914500000000089e+02
5.746516000000000304e+02
